1.35e-06,9.2124
1.3501e-06,9.2734
1.3502e-06,9.1703
1.3503e-06,9.2478
1.3504e-06,9.0771
1.3505e-06,9.2124
1.3506e-06,9.2134
1.3507e-06,9.2372
1.3508e-06,9.3312
1.3509e-06,9.1411
1.351e-06,9.242
1.3511e-06,9.1347
1.3512e-06,9.1868
1.3513e-06,9.1837
1.3514e-06,9.311
1.3515e-06,9.1497
1.3516e-06,9.1939
1.3517e-06,9.0576
1.3518e-06,9.0748
1.3519e-06,9.1355
1.352e-06,9.1464
1.3521e-06,9.1157
1.3522e-06,9.1473
1.3523e-06,9.2113
1.3524e-06,9.0554
1.3525e-06,9.1088
1.3526e-06,9.0924
1.3527e-06,9.0272
1.3528e-06,8.9336
1.3529e-06,9.0414
1.353e-06,9.0717
1.3531e-06,8.9869
1.3532e-06,8.9788
1.3533e-06,9.0653
1.3534e-06,8.986
1.3535e-06,9.0615
1.3536e-06,9.1924
1.3537e-06,9.0295
1.3538e-06,9.0638
1.3539e-06,8.9624
1.354e-06,9.1244
1.3541e-06,9.0923
1.3542e-06,8.8298
1.3543e-06,8.9946
1.3544e-06,8.9627
1.3545e-06,8.9605
1.3546e-06,8.9705
1.3547e-06,8.986
1.3548e-06,8.9913
1.3549e-06,8.9149
1.355e-06,8.8683
1.3551e-06,8.9493
1.3552e-06,8.959
1.3553e-06,8.9497
1.3554e-06,8.8532
1.3555e-06,8.9528
1.3556e-06,9.002
1.3557e-06,8.8384
1.3558e-06,8.934
1.3559e-06,9.0144
1.356e-06,8.8307
1.3561e-06,8.9415
1.3562e-06,8.94
1.3563e-06,9.0087
1.3564e-06,8.7236
1.3565e-06,8.9881
1.3566e-06,8.9354
1.3567e-06,8.9648
1.3568e-06,8.9524
1.3569e-06,8.8043
1.357e-06,8.9368
1.3571e-06,8.9076
1.3572e-06,8.774
1.3573e-06,8.8254
1.3574e-06,8.7827
1.3575e-06,8.9125
1.3576e-06,8.7329
1.3577e-06,8.8047
1.3578e-06,8.7785
1.3579e-06,8.8868
1.358e-06,8.8838
1.3581e-06,8.7619
1.3582e-06,8.8827
1.3583e-06,8.8744
1.3584e-06,8.8103
1.3585e-06,8.7703
1.3586e-06,8.751
1.3587e-06,8.8155
1.3588e-06,8.898
1.3589e-06,8.8496
1.359e-06,8.7219
1.3591e-06,8.7889
1.3592e-06,8.755
1.3593e-06,8.7886
1.3594e-06,8.8511
1.3595e-06,8.5818
1.3596e-06,8.6908
1.3597e-06,8.7358
1.3598e-06,8.674
1.3599e-06,8.7813
1.36e-06,8.7593
1.3601e-06,8.6603
1.3602e-06,8.7169
1.3603e-06,8.6223
1.3604e-06,8.7297
1.3605e-06,8.6625
1.3606e-06,8.7265
1.3607e-06,8.7559
1.3608e-06,8.6134
1.3609e-06,8.6459
1.361e-06,8.6339
1.3611e-06,8.7277
1.3612e-06,8.5812
1.3613e-06,8.6191
1.3614e-06,8.6516
1.3615e-06,8.5338
1.3616e-06,8.4627
1.3617e-06,8.6544
1.3618e-06,8.6572
1.3619e-06,8.6435
1.362e-06,8.6926
1.3621e-06,8.7367
1.3622e-06,8.4906
1.3623e-06,8.5589
1.3624e-06,8.6282
1.3625e-06,8.6345
1.3626e-06,8.5158
1.3627e-06,8.6167
1.3628e-06,8.5412
1.3629e-06,8.5861
1.363e-06,8.6061
1.3631e-06,8.6323
1.3632e-06,8.665
1.3633e-06,8.6934
1.3634e-06,8.6144
1.3635e-06,8.7085
1.3636e-06,8.6287
1.3637e-06,8.6985
1.3638e-06,8.6311
1.3639e-06,8.5827
1.364e-06,8.4157
1.3641e-06,8.5725
1.3642e-06,8.6435
1.3643e-06,8.6503
1.3644e-06,8.465
1.3645e-06,8.4324
1.3646e-06,8.4014
1.3647e-06,8.4401
1.3648e-06,8.4213
1.3649e-06,8.4541
1.365e-06,8.5013
1.3651e-06,8.4811
1.3652e-06,8.4815
1.3653e-06,8.5138
1.3654e-06,8.4584
1.3655e-06,8.518
1.3656e-06,8.4578
1.3657e-06,8.4271
1.3658e-06,8.4021
1.3659e-06,8.3543
1.366e-06,8.5457
1.3661e-06,8.5273
1.3662e-06,8.5064
1.3663e-06,8.3669
1.3664e-06,8.4505
1.3665e-06,8.5432
1.3666e-06,8.4953
1.3667e-06,8.3287
1.3668e-06,8.3611
1.3669e-06,8.3989
1.367e-06,8.4498
1.3671e-06,8.3756
1.3672e-06,8.4672
1.3673e-06,8.4059
1.3674e-06,8.4667
1.3675e-06,8.2956
1.3676e-06,8.4047
1.3677e-06,8.3977
1.3678e-06,8.3676
1.3679e-06,8.4078
1.368e-06,8.3463
1.3681e-06,8.444
1.3682e-06,8.364
1.3683e-06,8.3923
1.3684e-06,8.3852
1.3685e-06,8.2409
1.3686e-06,8.2008
1.3687e-06,8.1706
1.3688e-06,8.2864
1.3689e-06,8.3653
1.369e-06,8.2999
1.3691e-06,8.3008
1.3692e-06,8.2992
1.3693e-06,8.3508
1.3694e-06,8.265
1.3695e-06,8.3218
1.3696e-06,8.3095
1.3697e-06,8.1995
1.3698e-06,8.2413
1.3699e-06,8.2446
1.37e-06,8.4359
1.3701e-06,8.2499
1.3702e-06,8.3721
1.3703e-06,8.3012
1.3704e-06,8.2439
1.3705e-06,8.2433
1.3706e-06,8.3296
1.3707e-06,8.3156
1.3708e-06,8.1407
1.3709e-06,8.1945
1.371e-06,8.3015
1.3711e-06,8.2572
1.3712e-06,8.1621
1.3713e-06,8.2918
1.3714e-06,8.1628
1.3715e-06,8.2496
1.3716e-06,8.3107
1.3717e-06,8.0885
1.3718e-06,8.3109
1.3719e-06,8.2688
1.372e-06,8.226
1.3721e-06,8.2012
1.3722e-06,8.0583
1.3723e-06,8.1501
1.3724e-06,8.099
1.3725e-06,8.1295
1.3726e-06,8.2173
1.3727e-06,8.0687
1.3728e-06,8.2041
1.3729e-06,8.0961
1.373e-06,8.0685
1.3731e-06,8.109
1.3732e-06,8.079
1.3733e-06,7.9717
1.3734e-06,8.1402
1.3735e-06,8.0641
1.3736e-06,8.1465
1.3737e-06,8.0942
1.3738e-06,8.1117
1.3739e-06,8.0589
1.374e-06,8.1431
1.3741e-06,8.0126
1.3742e-06,8.109
1.3743e-06,8.079
1.3744e-06,8.1176
1.3745e-06,8.0508
1.3746e-06,8.0228
1.3747e-06,8.0619
1.3748e-06,8.1155
1.3749e-06,8.1596
1.375e-06,8.0349
1.3751e-06,7.9047
1.3752e-06,8.0087
1.3753e-06,8.0697
1.3754e-06,7.974
1.3755e-06,7.9801
1.3756e-06,7.9995
1.3757e-06,8.0367
1.3758e-06,8.1343
1.3759e-06,7.9653
1.376e-06,7.9396
1.3761e-06,8.0215
1.3762e-06,8.0125
1.3763e-06,7.9738
1.3764e-06,8.0243
1.3765e-06,7.9893
1.3766e-06,8.0171
1.3767e-06,7.9773
1.3768e-06,7.923
1.3769e-06,7.9981
1.377e-06,7.8739
1.3771e-06,7.8516
1.3772e-06,7.9142
1.3773e-06,7.9395
1.3774e-06,7.9914
1.3775e-06,8.0009
1.3776e-06,7.9156
1.3777e-06,7.9494
1.3778e-06,7.9231
1.3779e-06,8.1318
1.378e-06,7.9358
1.3781e-06,7.8436
1.3782e-06,7.9468
1.3783e-06,7.8844
1.3784e-06,7.8857
1.3785e-06,7.9013
1.3786e-06,7.8787
1.3787e-06,7.8699
1.3788e-06,7.8326
1.3789e-06,7.7971
1.379e-06,7.8191
1.3791e-06,7.7719
1.3792e-06,7.9164
1.3793e-06,7.7749
1.3794e-06,7.7309
1.3795e-06,7.7996
1.3796e-06,8.026
1.3797e-06,7.8756
1.3798e-06,7.8283
1.3799e-06,7.7529
1.38e-06,7.8426
1.3801e-06,7.9071
1.3802e-06,7.7528
1.3803e-06,7.7902
1.3804e-06,7.8001
1.3805e-06,7.6367
1.3806e-06,7.8011
1.3807e-06,7.6903
1.3808e-06,7.7763
1.3809e-06,7.6964
1.381e-06,7.751
1.3811e-06,7.689
1.3812e-06,7.777
1.3813e-06,7.7311
1.3814e-06,7.7919
1.3815e-06,7.7448
1.3816e-06,7.7588
1.3817e-06,7.7943
1.3818e-06,7.7339
1.3819e-06,7.7241
1.382e-06,7.6711
1.3821e-06,7.7133
1.3822e-06,7.5859
1.3823e-06,7.7068
1.3824e-06,7.5728
1.3825e-06,7.6149
1.3826e-06,7.6532
1.3827e-06,7.5749
1.3828e-06,7.5902
1.3829e-06,7.5663
1.383e-06,7.6499
1.3831e-06,7.5051
1.3832e-06,7.5459
1.3833e-06,7.5065
1.3834e-06,7.4853
1.3835e-06,7.6712
1.3836e-06,7.6633
1.3837e-06,7.6672
1.3838e-06,7.5443
1.3839e-06,7.4757
1.384e-06,7.6032
1.3841e-06,7.4192
1.3842e-06,7.5432
1.3843e-06,7.5586
1.3844e-06,7.5732
1.3845e-06,7.5684
1.3846e-06,7.6147
1.3847e-06,7.6367
1.3848e-06,7.4707
1.3849e-06,7.6296
1.385e-06,7.5676
1.3851e-06,7.537
1.3852e-06,7.6225
1.3853e-06,7.5506
1.3854e-06,7.5575
1.3855e-06,7.5105
1.3856e-06,7.5612
1.3857e-06,7.4597
1.3858e-06,7.4709
1.3859e-06,7.498
1.386e-06,7.4284
1.3861e-06,7.5023
1.3862e-06,7.4049
1.3863e-06,7.3902
1.3864e-06,7.3704
1.3865e-06,7.4669
1.3866e-06,7.3863
1.3867e-06,7.5131
1.3868e-06,7.5043
1.3869e-06,7.3716
1.387e-06,7.447
1.3871e-06,7.3564
1.3872e-06,7.3984
1.3873e-06,7.5662
1.3874e-06,7.4283
1.3875e-06,7.4834
1.3876e-06,7.4157
1.3877e-06,7.3464
1.3878e-06,7.3474
1.3879e-06,7.4326
1.388e-06,7.3329
1.3881e-06,7.3251
1.3882e-06,7.26
1.3883e-06,7.4463
1.3884e-06,7.4349
1.3885e-06,7.2791
1.3886e-06,7.3385
1.3887e-06,7.3408
1.3888e-06,7.4599
1.3889e-06,7.2814
1.389e-06,7.3025
1.3891e-06,7.2486
1.3892e-06,7.4815
1.3893e-06,7.3063
1.3894e-06,7.266
1.3895e-06,7.2938
1.3896e-06,7.3094
1.3897e-06,7.3601
1.3898e-06,7.0996
1.3899e-06,7.2054
1.39e-06,7.1857
1.3901e-06,7.2824
1.3902e-06,7.2974
1.3903e-06,7.3115
1.3904e-06,7.2066
1.3905e-06,7.2745
1.3906e-06,7.2815
1.3907e-06,7.3586
1.3908e-06,7.4341
1.3909e-06,7.1669
1.391e-06,7.1737
1.3911e-06,7.3901
1.3912e-06,7.1477
1.3913e-06,7.1434
1.3914e-06,7.14
1.3915e-06,7.0781
1.3916e-06,7.3301
1.3917e-06,7.1376
1.3918e-06,7.3055
1.3919e-06,7.1318
1.392e-06,7.0842
1.3921e-06,7.1624
1.3922e-06,7.1773
1.3923e-06,7.0275
1.3924e-06,7.0085
1.3925e-06,7.0383
1.3926e-06,7.0701
1.3927e-06,7.071
1.3928e-06,7.1486
1.3929e-06,7.1941
1.393e-06,7.0666
1.3931e-06,7.1859
1.3932e-06,7.1405
1.3933e-06,7.1734
1.3934e-06,7.2019
1.3935e-06,7.1258
1.3936e-06,7.02
1.3937e-06,7.0135
1.3938e-06,7.0017
1.3939e-06,6.989
1.394e-06,7.0904
1.3941e-06,7.0166
1.3942e-06,7.0516
1.3943e-06,6.9901
1.3944e-06,6.9489
1.3945e-06,7.0063
1.3946e-06,7.0033
1.3947e-06,6.9331
1.3948e-06,6.9949
1.3949e-06,6.8517
1.395e-06,6.9689
1.3951e-06,6.9384
1.3952e-06,6.9699
1.3953e-06,6.8877
1.3954e-06,6.8413
1.3955e-06,6.902
1.3956e-06,6.9943
1.3957e-06,6.9895
1.3958e-06,6.9567
1.3959e-06,6.9856
1.396e-06,6.8707
1.3961e-06,7.1078
1.3962e-06,6.9699
1.3963e-06,6.8846
1.3964e-06,6.8145
1.3965e-06,6.6505
1.3966e-06,6.7651
1.3967e-06,6.7414
1.3968e-06,6.8941
1.3969e-06,6.9131
1.397e-06,6.9082
1.3971e-06,6.7834
1.3972e-06,6.8087
1.3973e-06,6.8148
1.3974e-06,6.8267
1.3975e-06,6.8592
1.3976e-06,6.785
1.3977e-06,6.8745
1.3978e-06,6.8645
1.3979e-06,6.6908
1.398e-06,6.8143
1.3981e-06,6.8633
1.3982e-06,6.8283
1.3983e-06,6.8521
1.3984e-06,6.827
1.3985e-06,6.6515
1.3986e-06,6.7906
1.3987e-06,6.7048
1.3988e-06,6.7726
1.3989e-06,6.7753
1.399e-06,6.7105
1.3991e-06,6.715
1.3992e-06,6.7753
1.3993e-06,6.6976
1.3994e-06,6.7083
1.3995e-06,6.7239
1.3996e-06,6.5848
1.3997e-06,6.7515
1.3998e-06,6.7568
1.3999e-06,6.6114
1.4e-06,6.5676
1.4001e-06,6.6319
1.4002e-06,6.7697
1.4003e-06,6.4861
1.4004e-06,6.7398
1.4005e-06,6.6136
1.4006e-06,6.5379
1.4007e-06,6.6774
1.4008e-06,6.6294
1.4009e-06,6.5688
1.401e-06,6.6783
1.4011e-06,6.4202
1.4012e-06,6.5723
1.4013e-06,6.5976
1.4014e-06,6.5251
1.4015e-06,6.4688
1.4016e-06,6.614
1.4017e-06,6.5543
1.4018e-06,6.4643
1.4019e-06,6.693
1.402e-06,6.6214
1.4021e-06,6.5549
1.4022e-06,6.6051
1.4023e-06,6.5436
1.4024e-06,6.5879
1.4025e-06,6.6743
1.4026e-06,6.629
1.4027e-06,6.4649
1.4028e-06,6.4471
1.4029e-06,6.5898
1.403e-06,6.5825
1.4031e-06,6.4581
1.4032e-06,6.5809
1.4033e-06,6.3434
1.4034e-06,6.5644
1.4035e-06,6.4337
1.4036e-06,6.4085
1.4037e-06,6.5578
1.4038e-06,6.4797
1.4039e-06,6.4801
1.404e-06,6.5289
1.4041e-06,6.4379
1.4042e-06,6.3355
1.4043e-06,6.3176
1.4044e-06,6.4327
1.4045e-06,6.3107
1.4046e-06,6.3303
1.4047e-06,6.457
1.4048e-06,6.2932
1.4049e-06,6.2206
1.405e-06,6.3617
1.4051e-06,6.2663
1.4052e-06,6.1657
1.4053e-06,6.3138
1.4054e-06,6.2794
1.4055e-06,6.251
1.4056e-06,6.2213
1.4057e-06,6.2655
1.4058e-06,6.3486
1.4059e-06,6.3852
1.406e-06,6.277
1.4061e-06,6.1991
1.4062e-06,6.2909
1.4063e-06,6.3443
1.4064e-06,6.2367
1.4065e-06,6.2961
1.4066e-06,6.2642
1.4067e-06,6.2737
1.4068e-06,6.254
1.4069e-06,6.0764
1.407e-06,6.294
1.4071e-06,6.262
1.4072e-06,6.1602
1.4073e-06,6.1134
1.4074e-06,6.1342
1.4075e-06,6.1475
1.4076e-06,6.2187
1.4077e-06,6.1375
1.4078e-06,6.2867
1.4079e-06,6.1188
1.408e-06,6.3402
1.4081e-06,6.1746
1.4082e-06,6.0597
1.4083e-06,6.106
1.4084e-06,6.088
1.4085e-06,6.245
1.4086e-06,6.3011
1.4087e-06,6.0324
1.4088e-06,6.1358
1.4089e-06,6.156
1.409e-06,6.0513
1.4091e-06,6.0106
1.4092e-06,6.1109
1.4093e-06,5.9595
1.4094e-06,6.0957
1.4095e-06,6.0406
1.4096e-06,5.9294
1.4097e-06,6.1371
1.4098e-06,5.8829
1.4099e-06,5.9172
1.41e-06,5.9367
1.4101e-06,5.9121
1.4102e-06,6.221
1.4103e-06,6.0718
1.4104e-06,6.128
1.4105e-06,6.0782
1.4106e-06,6.1199
1.4107e-06,5.9787
1.4108e-06,6.0505
1.4109e-06,5.9201
1.411e-06,6.0108
1.4111e-06,5.855
1.4112e-06,5.9252
1.4113e-06,5.874
1.4114e-06,6.0552
1.4115e-06,5.8428
1.4116e-06,5.7829
1.4117e-06,5.8149
1.4118e-06,5.9942
1.4119e-06,5.8766
1.412e-06,5.869
1.4121e-06,6.0015
1.4122e-06,5.8607
1.4123e-06,5.8204
1.4124e-06,5.8756
1.4125e-06,5.8893
1.4126e-06,5.8426
1.4127e-06,5.7742
1.4128e-06,5.827
1.4129e-06,5.8028
1.413e-06,5.6445
1.4131e-06,5.707
1.4132e-06,5.7624
1.4133e-06,5.7195
1.4134e-06,5.7837
1.4135e-06,5.6589
1.4136e-06,5.7585
1.4137e-06,5.6535
1.4138e-06,5.5609
1.4139e-06,5.6285
1.414e-06,5.7519
1.4141e-06,5.7664
1.4142e-06,5.6002
1.4143e-06,5.6909
1.4144e-06,5.7323
1.4145e-06,5.8227
1.4146e-06,5.6848
1.4147e-06,5.7491
1.4148e-06,5.5827
1.4149e-06,5.7136
1.415e-06,5.6391
1.4151e-06,5.6204
1.4152e-06,5.8454
1.4153e-06,5.5713
1.4154e-06,5.6299
1.4155e-06,5.6359
1.4156e-06,5.6233
1.4157e-06,5.6272
1.4158e-06,5.719
1.4159e-06,5.6478
1.416e-06,5.688
1.4161e-06,5.6672
1.4162e-06,5.5116
1.4163e-06,5.6045
1.4164e-06,5.4332
1.4165e-06,5.5751
1.4166e-06,5.43
1.4167e-06,5.6165
1.4168e-06,5.4215
1.4169e-06,5.6462
1.417e-06,5.5744
1.4171e-06,5.5683
1.4172e-06,5.6302
1.4173e-06,5.4895
1.4174e-06,5.5701
1.4175e-06,5.4742
1.4176e-06,5.548
1.4177e-06,5.5798
1.4178e-06,5.381
1.4179e-06,5.458
1.418e-06,5.2703
1.4181e-06,5.45
1.4182e-06,5.3693
1.4183e-06,5.4099
1.4184e-06,5.3679
1.4185e-06,5.356
1.4186e-06,5.4177
1.4187e-06,5.2597
1.4188e-06,5.5216
1.4189e-06,5.392
1.419e-06,5.379
1.4191e-06,5.4031
1.4192e-06,5.0899
1.4193e-06,5.2954
1.4194e-06,5.4053
1.4195e-06,5.3558
1.4196e-06,5.2428
1.4197e-06,5.3047
1.4198e-06,5.3939
1.4199e-06,5.1511
1.42e-06,5.3265
1.4201e-06,5.1627
1.4202e-06,5.3591
1.4203e-06,5.2881
1.4204e-06,5.1712
1.4205e-06,5.1549
1.4206e-06,5.2918
1.4207e-06,5.1749
1.4208e-06,5.1406
1.4209e-06,5.1346
1.421e-06,5.2382
1.4211e-06,5.1606
1.4212e-06,5.1842
1.4213e-06,5.0389
1.4214e-06,5.1153
1.4215e-06,5.0552
1.4216e-06,5.1613
1.4217e-06,5.3094
1.4218e-06,5.2546
1.4219e-06,5.1518
1.422e-06,5.1118
1.4221e-06,5.0887
1.4222e-06,5.0879
1.4223e-06,5.132
1.4224e-06,5.1545
1.4225e-06,5.0049
1.4226e-06,4.9905
1.4227e-06,4.9982
1.4228e-06,5.0351
1.4229e-06,4.9222
1.423e-06,4.9106
1.4231e-06,4.9899
1.4232e-06,4.9197
1.4233e-06,4.9803
1.4234e-06,4.9736
1.4235e-06,4.9873
1.4236e-06,5.0578
1.4237e-06,4.9324
1.4238e-06,5.0303
1.4239e-06,4.9547
1.424e-06,4.9562
1.4241e-06,4.8611
1.4242e-06,4.9313
1.4243e-06,4.9544
1.4244e-06,4.9681
1.4245e-06,5.0597
1.4246e-06,5.0621
1.4247e-06,4.9009
1.4248e-06,4.9079
1.4249e-06,4.906
1.425e-06,4.8892
1.4251e-06,4.9243
1.4252e-06,4.9249
1.4253e-06,4.8937
1.4254e-06,4.9898
1.4255e-06,4.8807
1.4256e-06,4.8979
1.4257e-06,4.8298
1.4258e-06,4.8447
1.4259e-06,4.8098
1.426e-06,5.0089
1.4261e-06,4.7711
1.4262e-06,4.7355
1.4263e-06,4.828
1.4264e-06,4.6593
1.4265e-06,4.7576
1.4266e-06,4.777
1.4267e-06,4.7998
1.4268e-06,4.7072
1.4269e-06,4.8165
1.427e-06,4.8241
1.4271e-06,4.8159
1.4272e-06,4.638
1.4273e-06,4.7293
1.4274e-06,4.7509
1.4275e-06,4.6687
1.4276e-06,4.7492
1.4277e-06,4.5889
1.4278e-06,4.6393
1.4279e-06,4.6222
1.428e-06,4.7004
1.4281e-06,4.5959
1.4282e-06,4.5908
1.4283e-06,4.5421
1.4284e-06,4.5819
1.4285e-06,4.4433
1.4286e-06,4.7137
1.4287e-06,4.6438
1.4288e-06,4.5957
1.4289e-06,4.5913
1.429e-06,4.6481
1.4291e-06,4.5543
1.4292e-06,4.5495
1.4293e-06,4.5027
1.4294e-06,4.5916
1.4295e-06,4.5806
1.4296e-06,4.5068
1.4297e-06,4.557
1.4298e-06,4.4872
1.4299e-06,4.4319
1.43e-06,4.5267
1.4301e-06,4.4831
1.4302e-06,4.5398
1.4303e-06,4.5673
1.4304e-06,4.5248
1.4305e-06,4.4619
1.4306e-06,4.5507
1.4307e-06,4.3419
1.4308e-06,4.5115
1.4309e-06,4.4014
1.431e-06,4.2517
1.4311e-06,4.3701
1.4312e-06,4.3563
1.4313e-06,4.3995
1.4314e-06,4.4716
1.4315e-06,4.4199
1.4316e-06,4.2197
1.4317e-06,4.5196
1.4318e-06,4.3738
1.4319e-06,4.247
1.432e-06,4.3687
1.4321e-06,4.2756
1.4322e-06,4.2044
1.4323e-06,4.1079
1.4324e-06,4.1806
1.4325e-06,4.3103
1.4326e-06,4.0883
1.4327e-06,4.4347
1.4328e-06,4.4582
1.4329e-06,4.3233
1.433e-06,4.199
1.4331e-06,4.3095
1.4332e-06,4.3407
1.4333e-06,4.3203
1.4334e-06,4.1715
1.4335e-06,4.1412
1.4336e-06,4.1967
1.4337e-06,4.1475
1.4338e-06,4.0056
1.4339e-06,4.0844
1.434e-06,4.0946
1.4341e-06,4.1126
1.4342e-06,4.1673
1.4343e-06,4.105
1.4344e-06,4.094
1.4345e-06,4.1591
1.4346e-06,4.0383
1.4347e-06,4.1333
1.4348e-06,4.033
1.4349e-06,4.1888
1.435e-06,4.0972
1.4351e-06,4.0465
1.4352e-06,4.0567
1.4353e-06,4.0034
1.4354e-06,4.0652
1.4355e-06,3.9307
1.4356e-06,3.7107
1.4357e-06,4.169
1.4358e-06,4.0002
1.4359e-06,4.0348
1.436e-06,3.8972
1.4361e-06,3.9778
1.4362e-06,4.021
1.4363e-06,3.9378
1.4364e-06,3.9166
1.4365e-06,3.8454
1.4366e-06,3.8845
1.4367e-06,3.9651
1.4368e-06,3.7687
1.4369e-06,4.1141
1.437e-06,3.8987
1.4371e-06,3.8759
1.4372e-06,3.7779
1.4373e-06,3.8699
1.4374e-06,3.8615
1.4375e-06,3.7286
1.4376e-06,3.9239
1.4377e-06,3.7545
1.4378e-06,3.6933
1.4379e-06,3.7864
1.438e-06,3.7671
1.4381e-06,3.8543
1.4382e-06,3.8277
1.4383e-06,3.6838
1.4384e-06,3.7715
1.4385e-06,3.7037
1.4386e-06,3.6905
1.4387e-06,3.6471
1.4388e-06,3.6937
1.4389e-06,3.7084
1.439e-06,3.742
1.4391e-06,3.7371
1.4392e-06,3.6704
1.4393e-06,3.7152
1.4394e-06,3.5964
1.4395e-06,3.5923
1.4396e-06,3.6802
1.4397e-06,3.5448
1.4398e-06,3.6495
1.4399e-06,3.6513
1.44e-06,3.6198
1.4401e-06,3.7073
1.4402e-06,3.4823
1.4403e-06,3.5476
1.4404e-06,3.4489
1.4405e-06,3.5288
1.4406e-06,3.6083
1.4407e-06,3.5222
1.4408e-06,3.6892
1.4409e-06,3.5332
1.441e-06,3.5447
1.4411e-06,3.5588
1.4412e-06,3.3751
1.4413e-06,3.5186
1.4414e-06,3.4243
1.4415e-06,3.3519
1.4416e-06,3.3978
1.4417e-06,3.5618
1.4418e-06,3.472
1.4419e-06,3.3609
1.442e-06,3.5327
1.4421e-06,3.4338
1.4422e-06,3.5152
1.4423e-06,3.3148
1.4424e-06,3.5602
1.4425e-06,3.4528
1.4426e-06,3.322
1.4427e-06,3.3716
1.4428e-06,3.3762
1.4429e-06,3.4511
1.443e-06,3.3344
1.4431e-06,3.3199
1.4432e-06,3.3002
1.4433e-06,3.2776
1.4434e-06,3.3694
1.4435e-06,3.3823
1.4436e-06,3.2889
1.4437e-06,3.2883
1.4438e-06,3.2658
1.4439e-06,3.2242
1.444e-06,3.2293
1.4441e-06,3.313
1.4442e-06,3.1738
1.4443e-06,3.1642
1.4444e-06,3.1802
1.4445e-06,3.2316
1.4446e-06,3.1392
1.4447e-06,3.2295
1.4448e-06,3.4433
1.4449e-06,3.3359
1.445e-06,3.1775
1.4451e-06,3.1312
1.4452e-06,2.9378
1.4453e-06,3.0623
1.4454e-06,3.1174
1.4455e-06,3.084
1.4456e-06,3.0537
1.4457e-06,3.0994
1.4458e-06,3.0136
1.4459e-06,3.1125
1.446e-06,3.0084
1.4461e-06,2.8883
1.4462e-06,2.9282
1.4463e-06,2.9424
1.4464e-06,3.0789
1.4465e-06,3.0536
1.4466e-06,3.0035
1.4467e-06,3.1002
1.4468e-06,3.0439
1.4469e-06,2.7452
1.447e-06,3.0732
1.4471e-06,3.04
1.4472e-06,3.0211
1.4473e-06,2.8814
1.4474e-06,2.8784
1.4475e-06,2.9209
1.4476e-06,2.7439
1.4477e-06,2.8592
1.4478e-06,2.8294
1.4479e-06,2.8944
1.448e-06,2.8863
1.4481e-06,2.7622
1.4482e-06,2.8905
1.4483e-06,2.797
1.4484e-06,2.808
1.4485e-06,2.8159
1.4486e-06,2.8457
1.4487e-06,2.8225
1.4488e-06,2.7243
1.4489e-06,2.7332
1.449e-06,2.7361
1.4491e-06,2.6422
1.4492e-06,2.7115
1.4493e-06,2.9158
1.4494e-06,2.9329
1.4495e-06,2.6083
1.4496e-06,2.5626
1.4497e-06,2.708
1.4498e-06,2.6992
1.4499e-06,2.5413
1.45e-06,2.6436
1.4501e-06,2.7215
1.4502e-06,2.6862
1.4503e-06,2.502
1.4504e-06,2.4495
1.4505e-06,2.5902
1.4506e-06,2.4653
1.4507e-06,2.4382
1.4508e-06,2.6661
1.4509e-06,2.551
1.451e-06,2.5407
1.4511e-06,2.5807
1.4512e-06,2.4712
1.4513e-06,2.4846
1.4514e-06,2.4965
1.4515e-06,2.3833
1.4516e-06,2.421
1.4517e-06,2.4627
1.4518e-06,2.5701
1.4519e-06,2.461
1.452e-06,2.3766
1.4521e-06,2.5602
1.4522e-06,2.4774
1.4523e-06,2.4316
1.4524e-06,2.3673
1.4525e-06,2.3752
1.4526e-06,2.373
1.4527e-06,2.5117
1.4528e-06,2.3047
1.4529e-06,2.3488
1.453e-06,2.697
1.4531e-06,2.4447
1.4532e-06,2.2395
1.4533e-06,2.3673
1.4534e-06,2.4108
1.4535e-06,2.399
1.4536e-06,2.2481
1.4537e-06,2.1011
1.4538e-06,2.254
1.4539e-06,2.2435
1.454e-06,2.3837
1.4541e-06,2.2186
1.4542e-06,2.0767
1.4543e-06,2.3273
1.4544e-06,2.1209
1.4545e-06,2.2025
1.4546e-06,2.1002
1.4547e-06,2.1998
1.4548e-06,2.1182
1.4549e-06,2.1559
1.455e-06,2.1782
1.4551e-06,2.1436
1.4552e-06,2.0748
1.4553e-06,2.067
1.4554e-06,2.0857
1.4555e-06,2.1313
1.4556e-06,2.1497
1.4557e-06,2.0143
1.4558e-06,2.2846
1.4559e-06,1.9164
1.456e-06,2.0297
1.4561e-06,2.073
1.4562e-06,2.0872
1.4563e-06,1.9547
1.4564e-06,1.978
1.4565e-06,1.8824
1.4566e-06,1.882
1.4567e-06,1.9878
1.4568e-06,1.8923
1.4569e-06,1.9514
1.457e-06,1.7228
1.4571e-06,1.9358
1.4572e-06,1.9937
1.4573e-06,1.616
1.4574e-06,1.7409
1.4575e-06,1.9019
1.4576e-06,1.7268
1.4577e-06,1.7888
1.4578e-06,1.9141
1.4579e-06,1.884
1.458e-06,1.9001
1.4581e-06,1.8242
1.4582e-06,1.5846
1.4583e-06,1.7436
1.4584e-06,1.7703
1.4585e-06,1.7086
1.4586e-06,1.6561
1.4587e-06,1.706
1.4588e-06,1.6564
1.4589e-06,1.5894
1.459e-06,1.4531
1.4591e-06,1.703
1.4592e-06,1.6163
1.4593e-06,1.7534
1.4594e-06,1.5285
1.4595e-06,1.6292
1.4596e-06,1.7145
1.4597e-06,1.6878
1.4598e-06,1.7528
1.4599e-06,1.6
1.46e-06,1.5842
1.4601e-06,1.5871
1.4602e-06,1.495
1.4603e-06,1.6207
1.4604e-06,1.5876
1.4605e-06,1.4444
1.4606e-06,1.574
1.4607e-06,1.4674
1.4608e-06,1.5618
1.4609e-06,1.4501
1.461e-06,1.5107
1.4611e-06,1.3917
1.4612e-06,1.4853
1.4613e-06,1.3838
1.4614e-06,1.3636
1.4615e-06,1.5184
1.4616e-06,1.4337
1.4617e-06,1.5334
1.4618e-06,1.4247
1.4619e-06,1.2102
1.462e-06,1.4652
1.4621e-06,1.3075
1.4622e-06,1.3696
1.4623e-06,1.4285
1.4624e-06,1.5463
1.4625e-06,1.4395
1.4626e-06,1.3701
1.4627e-06,1.3242
1.4628e-06,1.4551
1.4629e-06,1.1738
1.463e-06,1.1873
1.4631e-06,1.2305
1.4632e-06,1.1099
1.4633e-06,1.2027
1.4634e-06,1.1812
1.4635e-06,1.0993
1.4636e-06,1.102
1.4637e-06,1.1224
1.4638e-06,1.2048
1.4639e-06,1.169
1.464e-06,1.1866
1.4641e-06,1.0243
1.4642e-06,1.173
1.4643e-06,0.93226
1.4644e-06,1.1161
1.4645e-06,1.0543
1.4646e-06,0.94468
1.4647e-06,1.2071
1.4648e-06,0.9588
1.4649e-06,1.0179
1.465e-06,0.97112
1.4651e-06,0.93932
1.4652e-06,1.0522
1.4653e-06,0.92201
1.4654e-06,1.0364
1.4655e-06,0.94012
1.4656e-06,0.91094
1.4657e-06,0.78148
1.4658e-06,0.91109
1.4659e-06,0.85425
1.466e-06,0.89263
1.4661e-06,0.8687
1.4662e-06,0.85692
1.4663e-06,0.76633
1.4664e-06,0.8438
1.4665e-06,0.69031
1.4666e-06,0.67179
1.4667e-06,0.64277
1.4668e-06,0.91284
1.4669e-06,0.7845
1.467e-06,0.76587
1.4671e-06,0.82441
1.4672e-06,0.84479
1.4673e-06,0.68491
1.4674e-06,0.65815
1.4675e-06,0.66927
1.4676e-06,0.63853
1.4677e-06,0.51452
1.4678e-06,0.68103
1.4679e-06,0.62818
1.468e-06,0.57625
1.4681e-06,0.45564
1.4682e-06,0.57186
1.4683e-06,0.61925
1.4684e-06,0.52051
1.4685e-06,0.61161
1.4686e-06,0.57149
1.4687e-06,0.39614
1.4688e-06,0.52849
1.4689e-06,0.492
1.469e-06,0.48434
1.4691e-06,0.47841
1.4692e-06,0.38666
1.4693e-06,0.59995
1.4694e-06,0.44611
1.4695e-06,0.43051
1.4696e-06,0.54073
1.4697e-06,0.3566
1.4698e-06,0.55074
1.4699e-06,0.37304
1.47e-06,0.38295
1.4701e-06,0.3927
1.4702e-06,0.30525
1.4703e-06,0.38791
1.4704e-06,0.29226
1.4705e-06,0.31063
1.4706e-06,0.3772
1.4707e-06,0.1574
1.4708e-06,0.26516
1.4709e-06,0.39951
1.471e-06,0.33439
1.4711e-06,0.3176
1.4712e-06,0.22588
1.4713e-06,0.29847
1.4714e-06,0.1097
1.4715e-06,0.419
1.4716e-06,0.018943
1.4717e-06,0.07929
1.4718e-06,0.20196
1.4719e-06,0.062084
1.472e-06,0.27437
1.4721e-06,0.15731
1.4722e-06,0.070344
1.4723e-06,0.095516
1.4724e-06,-0.029534
1.4725e-06,0.18707
1.4726e-06,0.024779
1.4727e-06,0.14279
1.4728e-06,0.11953
1.4729e-06,-0.063763
1.473e-06,-0.074297
1.4731e-06,0.023679
1.4732e-06,0.054917
1.4733e-06,-0.27315
1.4734e-06,-0.07691
1.4735e-06,-0.047033
1.4736e-06,-0.17156
1.4737e-06,0.07974
1.4738e-06,-0.045437
1.4739e-06,0.072624
1.474e-06,-0.081711
1.4741e-06,-0.038842
1.4742e-06,-0.16664
1.4743e-06,-0.33606
1.4744e-06,-0.058771
1.4745e-06,-0.29634
1.4746e-06,-0.25652
1.4747e-06,-0.45486
1.4748e-06,-0.18349
1.4749e-06,-0.29907
1.475e-06,-0.38371
1.4751e-06,-0.36338
1.4752e-06,-0.46554
1.4753e-06,-0.41657
1.4754e-06,-0.24604
1.4755e-06,-0.43224
1.4756e-06,-0.3398
1.4757e-06,-0.37487
1.4758e-06,-0.41946
1.4759e-06,-0.31773
1.476e-06,-0.35252
1.4761e-06,-0.55697
1.4762e-06,-0.44383
1.4763e-06,-0.49343
1.4764e-06,-0.44257
1.4765e-06,-0.55142
1.4766e-06,-0.48402
1.4767e-06,-0.46094
1.4768e-06,-0.62948
1.4769e-06,-0.51573
1.477e-06,-0.62952
1.4771e-06,-0.67397
1.4772e-06,-0.59998
1.4773e-06,-0.64455
1.4774e-06,-0.59627
1.4775e-06,-0.70926
1.4776e-06,-0.60281
1.4777e-06,-0.5601
1.4778e-06,-0.63716
1.4779e-06,-0.77687
1.478e-06,-0.55543
1.4781e-06,-0.8367
1.4782e-06,-0.67052
1.4783e-06,-0.69523
1.4784e-06,-0.54441
1.4785e-06,-0.71229
1.4786e-06,-0.70873
1.4787e-06,-0.76492
1.4788e-06,-0.77004
1.4789e-06,-0.7395
1.479e-06,-0.83306
1.4791e-06,-0.79036
1.4792e-06,-0.83997
1.4793e-06,-1.0122
1.4794e-06,-0.98848
1.4795e-06,-0.92579
1.4796e-06,-1.1032
1.4797e-06,-0.96539
1.4798e-06,-0.94353
1.4799e-06,-0.89033
1.48e-06,-0.96247
1.4801e-06,-0.95132
1.4802e-06,-1.0979
1.4803e-06,-1.107
1.4804e-06,-1.0798
1.4805e-06,-0.88728
1.4806e-06,-0.9673
1.4807e-06,-1.0128
1.4808e-06,-1.0676
1.4809e-06,-1.0017
1.481e-06,-1.0684
1.4811e-06,-1.1725
1.4812e-06,-1.3102
1.4813e-06,-1.269
1.4814e-06,-1.1762
1.4815e-06,-0.9875
1.4816e-06,-1.115
1.4817e-06,-1.2635
1.4818e-06,-1.172
1.4819e-06,-1.1157
1.482e-06,-1.1939
1.4821e-06,-1.239
1.4822e-06,-1.2541
1.4823e-06,-1.2183
1.4824e-06,-1.3828
1.4825e-06,-1.1447
1.4826e-06,-1.3225
1.4827e-06,-1.2052
1.4828e-06,-1.1975
1.4829e-06,-1.3686
1.483e-06,-1.473
1.4831e-06,-1.5054
1.4832e-06,-1.4364
1.4833e-06,-1.5474
1.4834e-06,-1.5051
1.4835e-06,-1.4909
1.4836e-06,-1.4749
1.4837e-06,-1.4588
1.4838e-06,-1.341
1.4839e-06,-1.4986
1.484e-06,-1.4726
1.4841e-06,-1.6821
1.4842e-06,-1.6217
1.4843e-06,-1.5243
1.4844e-06,-1.6794
1.4845e-06,-1.6013
1.4846e-06,-1.6358
1.4847e-06,-1.5878
1.4848e-06,-1.5067
1.4849e-06,-1.825
1.485e-06,-1.8734
1.4851e-06,-1.6443
1.4852e-06,-1.8417
1.4853e-06,-1.7218
1.4854e-06,-1.7694
1.4855e-06,-1.7223
1.4856e-06,-1.7603
1.4857e-06,-1.7855
1.4858e-06,-1.9759
1.4859e-06,-1.8634
1.486e-06,-1.6166
1.4861e-06,-1.8152
1.4862e-06,-1.9207
1.4863e-06,-1.7822
1.4864e-06,-2.0461
1.4865e-06,-2.0315
1.4866e-06,-1.9202
1.4867e-06,-2.0364
1.4868e-06,-1.9621
1.4869e-06,-1.9241
1.487e-06,-1.7968
1.4871e-06,-1.9517
1.4872e-06,-1.9496
1.4873e-06,-2.1339
1.4874e-06,-2.1303
1.4875e-06,-2.1538
1.4876e-06,-2.1183
1.4877e-06,-2.2015
1.4878e-06,-2.3206
1.4879e-06,-2.2866
1.488e-06,-2.2521
1.4881e-06,-2.1942
1.4882e-06,-2.153
1.4883e-06,-2.2327
1.4884e-06,-2.3014
1.4885e-06,-2.1256
1.4886e-06,-2.3501
1.4887e-06,-2.2094
1.4888e-06,-2.2169
1.4889e-06,-2.0936
1.489e-06,-2.3053
1.4891e-06,-2.4816
1.4892e-06,-2.3677
1.4893e-06,-2.4426
1.4894e-06,-2.3835
1.4895e-06,-2.3455
1.4896e-06,-2.2571
1.4897e-06,-2.2366
1.4898e-06,-2.5155
1.4899e-06,-2.3622
1.49e-06,-2.4316
1.4901e-06,-2.4297
1.4902e-06,-2.4258
1.4903e-06,-2.4552
1.4904e-06,-2.4377
1.4905e-06,-2.4082
1.4906e-06,-2.5763
1.4907e-06,-2.5997
1.4908e-06,-2.5147
1.4909e-06,-2.5858
1.491e-06,-2.6214
1.4911e-06,-2.4353
1.4912e-06,-2.5907
1.4913e-06,-2.6711
1.4914e-06,-2.636
1.4915e-06,-2.6891
1.4916e-06,-2.6368
1.4917e-06,-2.7187
1.4918e-06,-2.717
1.4919e-06,-2.9497
1.492e-06,-2.8847
1.4921e-06,-2.7854
1.4922e-06,-2.6705
1.4923e-06,-2.7718
1.4924e-06,-2.9915
1.4925e-06,-2.687
1.4926e-06,-2.7867
1.4927e-06,-2.869
1.4928e-06,-2.8918
1.4929e-06,-2.9139
1.493e-06,-2.9358
1.4931e-06,-2.832
1.4932e-06,-2.788
1.4933e-06,-2.8946
1.4934e-06,-3.0371
1.4935e-06,-2.9653
1.4936e-06,-2.962
1.4937e-06,-3.1223
1.4938e-06,-3.1714
1.4939e-06,-2.9759
1.494e-06,-3.2427
1.4941e-06,-3.0461
1.4942e-06,-3.1606
1.4943e-06,-3.2454
1.4944e-06,-3.1481
1.4945e-06,-3.3274
1.4946e-06,-3.1312
1.4947e-06,-3.1499
1.4948e-06,-3.143
1.4949e-06,-3.2482
1.495e-06,-3.3031
1.4951e-06,-3.3387
1.4952e-06,-3.292
1.4953e-06,-3.2173
1.4954e-06,-3.3816
1.4955e-06,-3.2518
1.4956e-06,-3.3431
1.4957e-06,-3.3286
1.4958e-06,-3.2444
1.4959e-06,-3.407
1.496e-06,-3.5206
1.4961e-06,-3.4542
1.4962e-06,-3.523
1.4963e-06,-3.4411
1.4964e-06,-3.3988
1.4965e-06,-3.5394
1.4966e-06,-3.5698
1.4967e-06,-3.4941
1.4968e-06,-3.4193
1.4969e-06,-3.529
1.497e-06,-3.6142
1.4971e-06,-3.5275
1.4972e-06,-3.5316
1.4973e-06,-3.6893
1.4974e-06,-3.5687
1.4975e-06,-3.5994
1.4976e-06,-3.7762
1.4977e-06,-3.5944
1.4978e-06,-3.729
1.4979e-06,-3.767
1.498e-06,-3.7565
1.4981e-06,-3.6435
1.4982e-06,-3.7325
1.4983e-06,-3.6385
1.4984e-06,-3.6508
1.4985e-06,-3.7605
1.4986e-06,-3.8799
1.4987e-06,-3.736
1.4988e-06,-3.8814
1.4989e-06,-3.7954
1.499e-06,-3.8376
1.4991e-06,-3.9605
1.4992e-06,-3.8537
1.4993e-06,-4.1171
1.4994e-06,-3.9392
1.4995e-06,-3.9347
1.4996e-06,-4.0009
1.4997e-06,-3.8544
1.4998e-06,-3.9543
1.4999e-06,-3.9707
1.5e-06,-4.0973
1.5001e-06,-4.1441
1.5002e-06,-3.9801
1.5003e-06,-4.2108
1.5004e-06,-4.1991
1.5005e-06,-4.1708
1.5006e-06,-4.0034
1.5007e-06,-4.2109
1.5008e-06,-4.0916
1.5009e-06,-4.1196
1.501e-06,-4.0968
1.5011e-06,-4.2713
1.5012e-06,-4.195
1.5013e-06,-4.0856
1.5014e-06,-4.2908
1.5015e-06,-4.2344
1.5016e-06,-4.3588
1.5017e-06,-4.439
1.5018e-06,-4.2011
1.5019e-06,-4.2362
1.502e-06,-4.5836
1.5021e-06,-4.1923
1.5022e-06,-4.488
1.5023e-06,-4.5417
1.5024e-06,-4.3986
1.5025e-06,-4.6283
1.5026e-06,-4.519
1.5027e-06,-4.3893
1.5028e-06,-4.4728
1.5029e-06,-4.4474
1.503e-06,-4.4853
1.5031e-06,-4.3111
1.5032e-06,-4.413
1.5033e-06,-4.6235
1.5034e-06,-4.4539
1.5035e-06,-4.3945
1.5036e-06,-4.8385
1.5037e-06,-4.6617
1.5038e-06,-4.8699
1.5039e-06,-4.864
1.504e-06,-4.8125
1.5041e-06,-4.7268
1.5042e-06,-4.6782
1.5043e-06,-4.7951
1.5044e-06,-4.7132
1.5045e-06,-4.6555
1.5046e-06,-4.7714
1.5047e-06,-4.8244
1.5048e-06,-4.7352
1.5049e-06,-4.6042
1.505e-06,-4.7434
1.5051e-06,-4.904
1.5052e-06,-4.862
1.5053e-06,-4.7857
1.5054e-06,-4.9855
1.5055e-06,-5.1034
1.5056e-06,-5.0167
1.5057e-06,-5.0531
1.5058e-06,-4.9066
1.5059e-06,-5.0173
1.506e-06,-5.0112
1.5061e-06,-4.9467
1.5062e-06,-5.0338
1.5063e-06,-4.9663
1.5064e-06,-5.0782
1.5065e-06,-4.8763
1.5066e-06,-5.0963
1.5067e-06,-5.1148
1.5068e-06,-5.2228
1.5069e-06,-5.1437
1.507e-06,-5.1586
1.5071e-06,-5.0515
1.5072e-06,-5.1163
1.5073e-06,-5.0446
1.5074e-06,-5.2049
1.5075e-06,-5.342
1.5076e-06,-5.2686
1.5077e-06,-5.4009
1.5078e-06,-5.1253
1.5079e-06,-5.1172
1.508e-06,-5.1168
1.5081e-06,-5.3499
1.5082e-06,-5.221
1.5083e-06,-5.241
1.5084e-06,-5.258
1.5085e-06,-5.3232
1.5086e-06,-5.3232
1.5087e-06,-5.2986
1.5088e-06,-5.2176
1.5089e-06,-5.6985
1.509e-06,-5.5191
1.5091e-06,-5.3749
1.5092e-06,-5.3394
1.5093e-06,-5.5358
1.5094e-06,-5.5182
1.5095e-06,-5.3169
1.5096e-06,-5.4605
1.5097e-06,-5.4848
1.5098e-06,-5.5166
1.5099e-06,-5.6176
1.51e-06,-5.5528
1.5101e-06,-5.6399
1.5102e-06,-5.58
1.5103e-06,-5.3841
1.5104e-06,-5.6284
1.5105e-06,-5.7812
1.5106e-06,-5.7034
1.5107e-06,-5.6528
1.5108e-06,-5.8123
1.5109e-06,-5.8297
1.511e-06,-5.9015
1.5111e-06,-5.8604
1.5112e-06,-5.7368
1.5113e-06,-5.9075
1.5114e-06,-5.7496
1.5115e-06,-5.7451
1.5116e-06,-5.8049
1.5117e-06,-6.0322
1.5118e-06,-5.838
1.5119e-06,-5.7102
1.512e-06,-5.8467
1.5121e-06,-5.8203
1.5122e-06,-6.008
1.5123e-06,-5.7934
1.5124e-06,-5.9903
1.5125e-06,-6.0037
1.5126e-06,-5.8973
1.5127e-06,-5.9363
1.5128e-06,-5.8963
1.5129e-06,-6.1715
1.513e-06,-5.8408
1.5131e-06,-5.8863
1.5132e-06,-5.9062
1.5133e-06,-5.8002
1.5134e-06,-5.9206
1.5135e-06,-6.2612
1.5136e-06,-6.1275
1.5137e-06,-6.1526
1.5138e-06,-6.1925
1.5139e-06,-6.2422
1.514e-06,-6.1217
1.5141e-06,-6.2949
1.5142e-06,-5.9765
1.5143e-06,-6.0286
1.5144e-06,-6.0806
1.5145e-06,-6.2221
1.5146e-06,-6.3084
1.5147e-06,-6.3654
1.5148e-06,-5.9901
1.5149e-06,-6.2536
1.515e-06,-6.3768
1.5151e-06,-6.3163
1.5152e-06,-6.2175
1.5153e-06,-6.213
1.5154e-06,-6.2294
1.5155e-06,-6.1871
1.5156e-06,-6.3019
1.5157e-06,-6.2997
1.5158e-06,-6.2977
1.5159e-06,-6.2326
1.516e-06,-6.4383
1.5161e-06,-6.3297
1.5162e-06,-6.2412
1.5163e-06,-6.4191
1.5164e-06,-6.396
1.5165e-06,-6.3287
1.5166e-06,-6.3334
1.5167e-06,-6.4002
1.5168e-06,-6.3332
1.5169e-06,-6.5264
1.517e-06,-6.5341
1.5171e-06,-6.4444
1.5172e-06,-6.6825
1.5173e-06,-6.318
1.5174e-06,-6.3545
1.5175e-06,-6.3994
1.5176e-06,-6.5304
1.5177e-06,-6.3688
1.5178e-06,-6.295
1.5179e-06,-6.6042
1.518e-06,-6.5964
1.5181e-06,-6.5714
1.5182e-06,-6.5936
1.5183e-06,-6.5931
1.5184e-06,-6.7641
1.5185e-06,-6.693
1.5186e-06,-6.7846
1.5187e-06,-6.6272
1.5188e-06,-6.6057
1.5189e-06,-6.6682
1.519e-06,-6.6884
1.5191e-06,-6.8091
1.5192e-06,-6.5115
1.5193e-06,-6.7578
1.5194e-06,-6.7963
1.5195e-06,-6.4964
1.5196e-06,-6.611
1.5197e-06,-6.6968
1.5198e-06,-6.6506
1.5199e-06,-6.5902
1.52e-06,-6.6114
1.5201e-06,-6.8191
1.5202e-06,-6.6361
1.5203e-06,-6.586
1.5204e-06,-6.7373
1.5205e-06,-6.6168
1.5206e-06,-6.7022
1.5207e-06,-6.8253
1.5208e-06,-6.7387
1.5209e-06,-6.6777
1.521e-06,-6.9599
1.5211e-06,-6.9303
1.5212e-06,-6.7735
1.5213e-06,-6.8178
1.5214e-06,-6.857
1.5215e-06,-6.6564
1.5216e-06,-6.971
1.5217e-06,-6.87
1.5218e-06,-6.7681
1.5219e-06,-6.8306
1.522e-06,-6.9808
1.5221e-06,-6.9621
1.5222e-06,-6.8062
1.5223e-06,-6.8862
1.5224e-06,-6.9829
1.5225e-06,-6.8033
1.5226e-06,-6.8488
1.5227e-06,-7.0524
1.5228e-06,-6.9641
1.5229e-06,-6.8132
1.523e-06,-6.7448
1.5231e-06,-7.0469
1.5232e-06,-7.0235
1.5233e-06,-6.906
1.5234e-06,-7.155
1.5235e-06,-6.9057
1.5236e-06,-6.6597
1.5237e-06,-7.0299
1.5238e-06,-6.7687
1.5239e-06,-7.0166
1.524e-06,-6.7821
1.5241e-06,-7.148
1.5242e-06,-7.0605
1.5243e-06,-7.1527
1.5244e-06,-6.9115
1.5245e-06,-6.958
1.5246e-06,-6.9425
1.5247e-06,-6.8856
1.5248e-06,-7.0034
1.5249e-06,-6.9432
1.525e-06,-6.9489
1.5251e-06,-6.9017
1.5252e-06,-7.2561
1.5253e-06,-7.0268
1.5254e-06,-7.096
1.5255e-06,-7.2339
1.5256e-06,-7.0454
1.5257e-06,-7.0719
1.5258e-06,-7.0647
1.5259e-06,-7.0945
1.526e-06,-7.052
1.5261e-06,-7.0183
1.5262e-06,-6.9089
1.5263e-06,-6.973
1.5264e-06,-7.0807
1.5265e-06,-7.155
1.5266e-06,-6.9557
1.5267e-06,-7.3581
1.5268e-06,-7.1731
1.5269e-06,-7.069
1.527e-06,-6.9783
1.5271e-06,-7.1148
1.5272e-06,-7.2308
1.5273e-06,-7.0979
1.5274e-06,-7.1422
1.5275e-06,-6.9792
1.5276e-06,-7.1798
1.5277e-06,-6.894
1.5278e-06,-7.1999
1.5279e-06,-7.021
1.528e-06,-7.0137
1.5281e-06,-7.1097
1.5282e-06,-6.995
1.5283e-06,-6.964
1.5284e-06,-6.9401
1.5285e-06,-7.0599
1.5286e-06,-7.1277
1.5287e-06,-7.1693
1.5288e-06,-7.1615
1.5289e-06,-7.0085
1.529e-06,-7.1642
1.5291e-06,-7.0282
1.5292e-06,-6.9083
1.5293e-06,-7.1243
1.5294e-06,-7.0885
1.5295e-06,-6.9788
1.5296e-06,-6.9884
1.5297e-06,-6.9225
1.5298e-06,-6.9654
1.5299e-06,-7.0368
1.53e-06,-6.8111
1.5301e-06,-7.1405
1.5302e-06,-7.1868
1.5303e-06,-6.8994
1.5304e-06,-7.12
1.5305e-06,-7.0581
1.5306e-06,-7.1463
1.5307e-06,-7.0509
1.5308e-06,-7.1503
1.5309e-06,-7.0264
1.531e-06,-7.0794
1.5311e-06,-7.0985
1.5312e-06,-6.9662
1.5313e-06,-7.1648
1.5314e-06,-7.1631
1.5315e-06,-7.0368
1.5316e-06,-7.039
1.5317e-06,-7.1278
1.5318e-06,-6.9693
1.5319e-06,-7.0358
1.532e-06,-7.1415
1.5321e-06,-6.9983
1.5322e-06,-7.1234
1.5323e-06,-6.9239
1.5324e-06,-6.9598
1.5325e-06,-6.991
1.5326e-06,-6.9518
1.5327e-06,-6.9247
1.5328e-06,-6.8811
1.5329e-06,-7.0267
1.533e-06,-6.855
1.5331e-06,-7.0011
1.5332e-06,-6.8025
1.5333e-06,-7.0382
1.5334e-06,-7.0806
1.5335e-06,-7.0802
1.5336e-06,-6.9403
1.5337e-06,-6.9759
1.5338e-06,-6.914
1.5339e-06,-6.8148
1.534e-06,-6.9719
1.5341e-06,-6.9275
1.5342e-06,-6.863
1.5343e-06,-6.8925
1.5344e-06,-7.085
1.5345e-06,-6.7451
1.5346e-06,-6.9198
1.5347e-06,-6.8602
1.5348e-06,-6.9065
1.5349e-06,-6.8633
1.535e-06,-6.7558
1.5351e-06,-6.8471
1.5352e-06,-6.8676
1.5353e-06,-6.7939
1.5354e-06,-6.8455
1.5355e-06,-6.6089
1.5356e-06,-6.7127
1.5357e-06,-6.672
1.5358e-06,-6.7778
1.5359e-06,-6.8153
1.536e-06,-6.7215
1.5361e-06,-6.6642
1.5362e-06,-6.8124
1.5363e-06,-6.9946
1.5364e-06,-6.7567
1.5365e-06,-6.5699
1.5366e-06,-6.7793
1.5367e-06,-6.8208
1.5368e-06,-6.5805
1.5369e-06,-6.8153
1.537e-06,-6.5286
1.5371e-06,-6.5893
1.5372e-06,-6.7634
1.5373e-06,-6.4627
1.5374e-06,-6.7119
1.5375e-06,-6.6446
1.5376e-06,-6.6555
1.5377e-06,-6.7296
1.5378e-06,-6.6157
1.5379e-06,-6.7077
1.538e-06,-6.6272
1.5381e-06,-6.5605
1.5382e-06,-6.6886
1.5383e-06,-6.6373
1.5384e-06,-6.5858
1.5385e-06,-6.5441
1.5386e-06,-6.5703
1.5387e-06,-6.5219
1.5388e-06,-6.4996
1.5389e-06,-6.5543
1.539e-06,-6.5219
1.5391e-06,-6.3176
1.5392e-06,-6.6641
1.5393e-06,-6.461
1.5394e-06,-6.3209
1.5395e-06,-6.5578
1.5396e-06,-6.4945
1.5397e-06,-6.347
1.5398e-06,-6.3431
1.5399e-06,-6.2825
1.54e-06,-6.3559
1.5401e-06,-6.4022
1.5402e-06,-6.5027
1.5403e-06,-6.3392
1.5404e-06,-6.4673
1.5405e-06,-6.363
1.5406e-06,-6.2429
1.5407e-06,-6.5302
1.5408e-06,-6.2913
1.5409e-06,-6.3042
1.541e-06,-6.4025
1.5411e-06,-6.2822
1.5412e-06,-6.3469
1.5413e-06,-6.2932
1.5414e-06,-6.2879
1.5415e-06,-6.3183
1.5416e-06,-6.4591
1.5417e-06,-6.278
1.5418e-06,-6.3306
1.5419e-06,-6.1524
1.542e-06,-6.1307
1.5421e-06,-6.2471
1.5422e-06,-6.2347
1.5423e-06,-6.2165
1.5424e-06,-6.2343
1.5425e-06,-6.2213
1.5426e-06,-6.1811
1.5427e-06,-6.2178
1.5428e-06,-6.199
1.5429e-06,-6.2058
1.543e-06,-6.0695
1.5431e-06,-6.198
1.5432e-06,-6.0635
1.5433e-06,-6.1554
1.5434e-06,-6.215
1.5435e-06,-6.0359
1.5436e-06,-6.2279
1.5437e-06,-6.0348
1.5438e-06,-6.052
1.5439e-06,-5.9865
1.544e-06,-6.0556
1.5441e-06,-6.0144
1.5442e-06,-5.9721
1.5443e-06,-6.0525
1.5444e-06,-5.9335
1.5445e-06,-6.1806
1.5446e-06,-5.8853
1.5447e-06,-5.8849
1.5448e-06,-6.0221
1.5449e-06,-6.0822
1.545e-06,-5.8171
1.5451e-06,-5.8233
1.5452e-06,-5.9131
1.5453e-06,-5.9226
1.5454e-06,-5.8454
1.5455e-06,-6.0356
1.5456e-06,-5.9196
1.5457e-06,-5.9764
1.5458e-06,-5.8186
1.5459e-06,-5.8617
1.546e-06,-5.7104
1.5461e-06,-5.8787
1.5462e-06,-5.619
1.5463e-06,-5.6805
1.5464e-06,-5.6967
1.5465e-06,-5.8383
1.5466e-06,-5.6846
1.5467e-06,-5.5336
1.5468e-06,-5.6865
1.5469e-06,-5.6523
1.547e-06,-5.623
1.5471e-06,-5.5907
1.5472e-06,-5.5455
1.5473e-06,-5.6208
1.5474e-06,-5.5781
1.5475e-06,-5.7209
1.5476e-06,-5.4099
1.5477e-06,-5.6604
1.5478e-06,-5.4424
1.5479e-06,-5.5743
1.548e-06,-5.564
1.5481e-06,-5.476
1.5482e-06,-5.3195
1.5483e-06,-5.6828
1.5484e-06,-5.4969
1.5485e-06,-5.4006
1.5486e-06,-5.6508
1.5487e-06,-5.4723
1.5488e-06,-5.3137
1.5489e-06,-5.5363
1.549e-06,-5.3416
1.5491e-06,-5.5851
1.5492e-06,-5.3345
1.5493e-06,-5.3778
1.5494e-06,-5.4431
1.5495e-06,-5.2947
1.5496e-06,-5.3477
1.5497e-06,-5.1306
1.5498e-06,-5.4095
1.5499e-06,-5.228
1.55e-06,-5.2593
1.5501e-06,-5.1903
1.5502e-06,-5.0791
1.5503e-06,-5.1034
1.5504e-06,-5.2299
1.5505e-06,-5.204
1.5506e-06,-5.0508
1.5507e-06,-5.1737
1.5508e-06,-5.343
1.5509e-06,-5.2795
1.551e-06,-5.156
1.5511e-06,-5.2065
1.5512e-06,-5.1623
1.5513e-06,-5.1244
1.5514e-06,-4.9282
1.5515e-06,-5.1116
1.5516e-06,-5.1598
1.5517e-06,-5.2091
1.5518e-06,-4.913
1.5519e-06,-5.0253
1.552e-06,-4.8967
1.5521e-06,-4.9639
1.5522e-06,-5.077
1.5523e-06,-4.8879
1.5524e-06,-5.1321
1.5525e-06,-5.052
1.5526e-06,-5.0542
1.5527e-06,-4.8627
1.5528e-06,-4.9549
1.5529e-06,-4.8102
1.553e-06,-4.786
1.5531e-06,-5.0041
1.5532e-06,-4.9909
1.5533e-06,-4.899
1.5534e-06,-4.6891
1.5535e-06,-4.7424
1.5536e-06,-4.9767
1.5537e-06,-4.8133
1.5538e-06,-4.797
1.5539e-06,-4.8638
1.554e-06,-4.9296
1.5541e-06,-4.7231
1.5542e-06,-4.6865
1.5543e-06,-4.7722
1.5544e-06,-4.586
1.5545e-06,-4.8143
1.5546e-06,-4.5818
1.5547e-06,-4.6238
1.5548e-06,-4.6814
1.5549e-06,-4.7624
1.555e-06,-4.5569
1.5551e-06,-4.7016
1.5552e-06,-4.5889
1.5553e-06,-4.5157
1.5554e-06,-4.5213
1.5555e-06,-4.4998
1.5556e-06,-4.7012
1.5557e-06,-4.5596
1.5558e-06,-4.2559
1.5559e-06,-4.7106
1.556e-06,-4.4331
1.5561e-06,-4.4287
1.5562e-06,-4.4009
1.5563e-06,-4.5028
1.5564e-06,-4.3432
1.5565e-06,-4.4165
1.5566e-06,-4.2312
1.5567e-06,-4.1994
1.5568e-06,-4.4885
1.5569e-06,-4.2674
1.557e-06,-4.2084
1.5571e-06,-4.3262
1.5572e-06,-4.4533
1.5573e-06,-4.3112
1.5574e-06,-4.2567
1.5575e-06,-4.176
1.5576e-06,-4.3415
1.5577e-06,-4.1809
1.5578e-06,-4.254
1.5579e-06,-4.0988
1.558e-06,-4.1371
1.5581e-06,-4.2503
1.5582e-06,-4.2042
1.5583e-06,-4.2434
1.5584e-06,-4.1464
1.5585e-06,-4.1229
1.5586e-06,-4.1878
1.5587e-06,-4.1053
1.5588e-06,-4.1294
1.5589e-06,-4.2646
1.559e-06,-4.106
1.5591e-06,-4.049
1.5592e-06,-4.1284
1.5593e-06,-4.0338
1.5594e-06,-4.1898
1.5595e-06,-4.0424
1.5596e-06,-4.0285
1.5597e-06,-3.8645
1.5598e-06,-4.0502
1.5599e-06,-4.0018
1.56e-06,-3.6772
1.5601e-06,-3.8623
1.5602e-06,-4.0056
1.5603e-06,-3.9974
1.5604e-06,-3.8296
1.5605e-06,-3.8616
1.5606e-06,-3.7842
1.5607e-06,-3.7983
1.5608e-06,-3.9615
1.5609e-06,-3.8994
1.561e-06,-3.7991
1.5611e-06,-3.7054
1.5612e-06,-3.7711
1.5613e-06,-3.8341
1.5614e-06,-3.7889
1.5615e-06,-3.7739
1.5616e-06,-3.5969
1.5617e-06,-3.7681
1.5618e-06,-3.8583
1.5619e-06,-3.5592
1.562e-06,-3.8685
1.5621e-06,-3.6631
1.5622e-06,-3.5502
1.5623e-06,-3.618
1.5624e-06,-3.6229
1.5625e-06,-3.5568
1.5626e-06,-3.5797
1.5627e-06,-3.7298
1.5628e-06,-3.5024
1.5629e-06,-3.5174
1.563e-06,-3.6384
1.5631e-06,-3.5934
1.5632e-06,-3.7413
1.5633e-06,-3.6905
1.5634e-06,-3.2536
1.5635e-06,-3.654
1.5636e-06,-3.4895
1.5637e-06,-3.3834
1.5638e-06,-3.3101
1.5639e-06,-3.4055
1.564e-06,-3.2746
1.5641e-06,-3.2635
1.5642e-06,-3.3333
1.5643e-06,-3.4789
1.5644e-06,-3.2303
1.5645e-06,-3.371
1.5646e-06,-3.3388
1.5647e-06,-3.4116
1.5648e-06,-3.2199
1.5649e-06,-3.2085
1.565e-06,-3.2639
1.5651e-06,-3.1977
1.5652e-06,-3.3762
1.5653e-06,-3.2863
1.5654e-06,-3.2657
1.5655e-06,-3.2636
1.5656e-06,-3.2925
1.5657e-06,-3.3705
1.5658e-06,-3.2747
1.5659e-06,-3.3085
1.566e-06,-3.1192
1.5661e-06,-3.0517
1.5662e-06,-3.1258
1.5663e-06,-2.8592
1.5664e-06,-2.9597
1.5665e-06,-3.2374
1.5666e-06,-2.9986
1.5667e-06,-3.0084
1.5668e-06,-2.9962
1.5669e-06,-3.2305
1.567e-06,-3.103
1.5671e-06,-2.95
1.5672e-06,-3.2478
1.5673e-06,-2.8782
1.5674e-06,-2.9908
1.5675e-06,-3.0936
1.5676e-06,-2.9612
1.5677e-06,-2.9414
1.5678e-06,-3.0091
1.5679e-06,-3.0112
1.568e-06,-2.8352
1.5681e-06,-2.9479
1.5682e-06,-2.838
1.5683e-06,-2.948
1.5684e-06,-2.8967
1.5685e-06,-2.8704
1.5686e-06,-2.9291
1.5687e-06,-2.7755
1.5688e-06,-2.8208
1.5689e-06,-2.8026
1.569e-06,-2.7294
1.5691e-06,-2.9696
1.5692e-06,-2.8617
1.5693e-06,-2.6004
1.5694e-06,-2.7255
1.5695e-06,-2.8746
1.5696e-06,-2.7167
1.5697e-06,-2.7898
1.5698e-06,-2.5948
1.5699e-06,-2.727
1.57e-06,-2.5711
1.5701e-06,-2.606
1.5702e-06,-2.6473
1.5703e-06,-2.7674
1.5704e-06,-2.6695
1.5705e-06,-2.6204
1.5706e-06,-2.5468
1.5707e-06,-2.5118
1.5708e-06,-2.7118
1.5709e-06,-2.4654
1.571e-06,-2.5034
1.5711e-06,-2.7164
1.5712e-06,-2.6551
1.5713e-06,-2.5185
1.5714e-06,-2.7676
1.5715e-06,-2.5921
1.5716e-06,-2.4857
1.5717e-06,-2.591
1.5718e-06,-2.372
1.5719e-06,-2.5422
1.572e-06,-2.4924
1.5721e-06,-2.5432
1.5722e-06,-2.4409
1.5723e-06,-2.2471
1.5724e-06,-2.4003
1.5725e-06,-2.3065
1.5726e-06,-2.3112
1.5727e-06,-2.2229
1.5728e-06,-2.4042
1.5729e-06,-2.3525
1.573e-06,-2.2927
1.5731e-06,-2.3211
1.5732e-06,-2.4122
1.5733e-06,-2.3861
1.5734e-06,-2.2418
1.5735e-06,-2.2102
1.5736e-06,-2.2536
1.5737e-06,-2.0803
1.5738e-06,-2.0445
1.5739e-06,-2.3081
1.574e-06,-2.4152
1.5741e-06,-2.2173
1.5742e-06,-2.4117
1.5743e-06,-2.1258
1.5744e-06,-2.0884
1.5745e-06,-2.2769
1.5746e-06,-2.0828
1.5747e-06,-2.0789
1.5748e-06,-2.2408
1.5749e-06,-1.9414
1.575e-06,-2.1302
1.5751e-06,-2.1327
1.5752e-06,-1.9761
1.5753e-06,-2.1397
1.5754e-06,-2.0546
1.5755e-06,-2.143
1.5756e-06,-1.9747
1.5757e-06,-2.129
1.5758e-06,-2.1337
1.5759e-06,-1.7101
1.576e-06,-2.017
1.5761e-06,-2.1159
1.5762e-06,-1.8914
1.5763e-06,-2.0314
1.5764e-06,-1.9248
1.5765e-06,-1.8228
1.5766e-06,-1.901
1.5767e-06,-2.2423
1.5768e-06,-1.9053
1.5769e-06,-1.9675
1.577e-06,-1.7877
1.5771e-06,-1.7106
1.5772e-06,-2.0563
1.5773e-06,-1.9273
1.5774e-06,-1.8313
1.5775e-06,-1.8236
1.5776e-06,-1.9697
1.5777e-06,-1.6754
1.5778e-06,-1.6637
1.5779e-06,-1.6552
1.578e-06,-1.6506
1.5781e-06,-1.891
1.5782e-06,-1.7422
1.5783e-06,-1.4621
1.5784e-06,-1.796
1.5785e-06,-1.6758
1.5786e-06,-1.7232
1.5787e-06,-1.6346
1.5788e-06,-1.7733
1.5789e-06,-1.5771
1.579e-06,-1.7151
1.5791e-06,-1.3623
1.5792e-06,-1.5941
1.5793e-06,-1.5587
1.5794e-06,-1.6816
1.5795e-06,-1.4866
1.5796e-06,-1.4552
1.5797e-06,-1.4583
1.5798e-06,-1.5856
1.5799e-06,-1.6554
1.58e-06,-1.4888
1.5801e-06,-1.2455
1.5802e-06,-1.4932
1.5803e-06,-1.5093
1.5804e-06,-1.446
1.5805e-06,-1.564
1.5806e-06,-1.6972
1.5807e-06,-1.638
1.5808e-06,-1.5955
1.5809e-06,-1.3629
1.581e-06,-1.4276
1.5811e-06,-1.2473
1.5812e-06,-1.6082
1.5813e-06,-1.5129
1.5814e-06,-1.5601
1.5815e-06,-1.4602
1.5816e-06,-1.3841
1.5817e-06,-1.235
1.5818e-06,-1.073
1.5819e-06,-1.479
1.582e-06,-1.3277
1.5821e-06,-1.3933
1.5822e-06,-1.3896
1.5823e-06,-1.3925
1.5824e-06,-1.0682
1.5825e-06,-1.3187
1.5826e-06,-1.1775
1.5827e-06,-1.3166
1.5828e-06,-1.2433
1.5829e-06,-1.2666
1.583e-06,-1.0151
1.5831e-06,-1.0129
1.5832e-06,-1.2564
1.5833e-06,-1.2794
1.5834e-06,-1.3094
1.5835e-06,-1.1809
1.5836e-06,-1.2256
1.5837e-06,-1.1754
1.5838e-06,-1.0552
1.5839e-06,-1.0482
1.584e-06,-1.0886
1.5841e-06,-1.1836
1.5842e-06,-1.0407
1.5843e-06,-1.1627
1.5844e-06,-1.3002
1.5845e-06,-1.0865
1.5846e-06,-1.1784
1.5847e-06,-1.0271
1.5848e-06,-1.0428
1.5849e-06,-0.99579
1.585e-06,-1.21
1.5851e-06,-1.0529
1.5852e-06,-0.90961
1.5853e-06,-1.1361
1.5854e-06,-0.92175
1.5855e-06,-0.91477
1.5856e-06,-0.98058
1.5857e-06,-1.0332
1.5858e-06,-0.98918
1.5859e-06,-0.83385
1.586e-06,-0.91268
1.5861e-06,-0.9875
1.5862e-06,-0.77829
1.5863e-06,-1.0108
1.5864e-06,-0.70036
1.5865e-06,-0.9901
1.5866e-06,-0.77667
1.5867e-06,-0.80084
1.5868e-06,-0.93892
1.5869e-06,-0.79153
1.587e-06,-0.91478
1.5871e-06,-0.88739
1.5872e-06,-0.67635
1.5873e-06,-0.52178
1.5874e-06,-0.90902
1.5875e-06,-0.82891
1.5876e-06,-0.90287
1.5877e-06,-0.73131
1.5878e-06,-0.67702
1.5879e-06,-0.61781
1.588e-06,-0.65618
1.5881e-06,-0.59215
1.5882e-06,-0.81857
1.5883e-06,-0.69377
1.5884e-06,-0.68793
1.5885e-06,-0.60749
1.5886e-06,-0.72849
1.5887e-06,-0.60628
1.5888e-06,-0.53541
1.5889e-06,-0.83939
1.589e-06,-0.83849
1.5891e-06,-0.72436
1.5892e-06,-0.62656
1.5893e-06,-0.48382
1.5894e-06,-0.52797
1.5895e-06,-0.66101
1.5896e-06,-0.49168
1.5897e-06,-0.40459
1.5898e-06,-0.341
1.5899e-06,-0.40594
1.59e-06,-0.53477
1.5901e-06,-0.3811
1.5902e-06,-0.38554
1.5903e-06,-0.49872
1.5904e-06,-0.41722
1.5905e-06,-0.43236
1.5906e-06,-0.40733
1.5907e-06,-0.28633
1.5908e-06,-0.29098
1.5909e-06,-0.45178
1.591e-06,-0.50367
1.5911e-06,-0.36609
1.5912e-06,-0.65002
1.5913e-06,-0.47716
1.5914e-06,-0.49958
1.5915e-06,-0.4213
1.5916e-06,-0.46662
1.5917e-06,-0.36874
1.5918e-06,-0.17941
1.5919e-06,-0.33678
1.592e-06,-0.30356
1.5921e-06,-0.50032
1.5922e-06,-0.31211
1.5923e-06,-0.37827
1.5924e-06,-0.33427
1.5925e-06,-0.28834
1.5926e-06,-0.34347
1.5927e-06,-0.34462
1.5928e-06,-0.17773
1.5929e-06,-0.34486
1.593e-06,-0.25412
1.5931e-06,-0.043912
1.5932e-06,-0.31855
1.5933e-06,-0.32361
1.5934e-06,-0.15581
1.5935e-06,-0.060631
1.5936e-06,-0.29818
1.5937e-06,-0.21031
1.5938e-06,0.075808
1.5939e-06,-0.30023
1.594e-06,-0.10336
1.5941e-06,0.03515
1.5942e-06,-0.22333
1.5943e-06,0.1385
1.5944e-06,-0.085198
1.5945e-06,-0.054633
1.5946e-06,-0.12479
1.5947e-06,-0.071731
1.5948e-06,-0.14316
1.5949e-06,-0.12042
1.595e-06,-0.23234
1.5951e-06,-0.1278
1.5952e-06,-0.0042887
1.5953e-06,-0.045149
1.5954e-06,0.20537
1.5955e-06,0.093153
1.5956e-06,-0.0025899
1.5957e-06,0.08773
1.5958e-06,-0.027849
1.5959e-06,0.086227
1.596e-06,0.021407
1.5961e-06,0.029532
1.5962e-06,0.15726
1.5963e-06,0.14708
1.5964e-06,-0.15338
1.5965e-06,0.042383
1.5966e-06,0.18033
1.5967e-06,0.11866
1.5968e-06,0.079269
1.5969e-06,0.0083463
1.597e-06,0.14537
1.5971e-06,0.083332
1.5972e-06,0.20616
1.5973e-06,0.17694
1.5974e-06,0.18129
1.5975e-06,0.26051
1.5976e-06,-0.015328
1.5977e-06,0.15651
1.5978e-06,0.047926
1.5979e-06,0.02925
1.598e-06,0.2102
1.5981e-06,0.26109
1.5982e-06,0.19463
1.5983e-06,0.12397
1.5984e-06,0.2953
1.5985e-06,0.24343
1.5986e-06,0.019726
1.5987e-06,0.29418
1.5988e-06,0.047562
1.5989e-06,0.12811
1.599e-06,0.28441
1.5991e-06,0.4649
1.5992e-06,0.56743
1.5993e-06,0.33882
1.5994e-06,0.3471
1.5995e-06,0.47613
1.5996e-06,0.3845
1.5997e-06,0.56515
1.5998e-06,0.34971
1.5999e-06,0.20782
1.6e-06,0.25916
1.6001e-06,0.33768
1.6002e-06,0.2833
1.6003e-06,0.27398
1.6004e-06,0.31939
1.6005e-06,0.50976
1.6006e-06,0.3571
1.6007e-06,0.39979
1.6008e-06,0.34263
1.6009e-06,0.46373
1.601e-06,0.39384
1.6011e-06,0.22335
1.6012e-06,0.49315
1.6013e-06,0.19662
1.6014e-06,0.64615
1.6015e-06,0.49223
1.6016e-06,0.61488
1.6017e-06,0.43566
1.6018e-06,0.6062
1.6019e-06,0.63309
1.602e-06,0.53855
1.6021e-06,0.36862
1.6022e-06,0.54329
1.6023e-06,0.59789
1.6024e-06,0.35769
1.6025e-06,0.69769
1.6026e-06,0.59267
1.6027e-06,0.53814
1.6028e-06,0.49212
1.6029e-06,0.61578
1.603e-06,0.43336
1.6031e-06,0.49312
1.6032e-06,0.66443
1.6033e-06,0.72823
1.6034e-06,0.53454
1.6035e-06,0.53437
1.6036e-06,0.56666
1.6037e-06,0.96773
1.6038e-06,0.56634
1.6039e-06,0.41747
1.604e-06,0.56657
1.6041e-06,0.70589
1.6042e-06,0.71151
1.6043e-06,0.66181
1.6044e-06,0.62434
1.6045e-06,0.67183
1.6046e-06,0.73456
1.6047e-06,0.71729
1.6048e-06,0.76108
1.6049e-06,0.78777
1.605e-06,0.96913
1.6051e-06,0.82008
1.6052e-06,1.0087
1.6053e-06,0.77882
1.6054e-06,0.66249
1.6055e-06,0.9762
1.6056e-06,0.83206
1.6057e-06,0.8751
1.6058e-06,0.84952
1.6059e-06,0.81357
1.606e-06,0.84501
1.6061e-06,0.81462
1.6062e-06,0.88745
1.6063e-06,0.76266
1.6064e-06,0.87772
1.6065e-06,0.70622
1.6066e-06,0.92537
1.6067e-06,1.1976
1.6068e-06,1.0536
1.6069e-06,0.89851
1.607e-06,0.97442
1.6071e-06,0.7928
1.6072e-06,1.0446
1.6073e-06,0.96484
1.6074e-06,0.98687
1.6075e-06,0.93754
1.6076e-06,0.95647
1.6077e-06,0.95437
1.6078e-06,0.86389
1.6079e-06,0.96206
1.608e-06,0.96787
1.6081e-06,0.81053
1.6082e-06,0.95976
1.6083e-06,1.0691
1.6084e-06,0.83382
1.6085e-06,1.1884
1.6086e-06,0.91635
1.6087e-06,1.0071
1.6088e-06,0.94401
1.6089e-06,0.97026
1.609e-06,1.0055
1.6091e-06,1.2519
1.6092e-06,1.1504
1.6093e-06,1.0468
1.6094e-06,1.0921
1.6095e-06,1.0626
1.6096e-06,1.0732
1.6097e-06,1.1672
1.6098e-06,1.0395
1.6099e-06,1.1914
1.61e-06,1.1011
1.6101e-06,1.0297
1.6102e-06,1.3695
1.6103e-06,1.2638
1.6104e-06,0.97565
1.6105e-06,1.2165
1.6106e-06,1.2827
1.6107e-06,1.02
1.6108e-06,1.321
1.6109e-06,1.3573
1.611e-06,1.0266
1.6111e-06,0.96225
1.6112e-06,1.2645
1.6113e-06,1.1112
1.6114e-06,0.90556
1.6115e-06,1.0626
1.6116e-06,1.1147
1.6117e-06,1.086
1.6118e-06,1.3559
1.6119e-06,1.186
1.612e-06,1.5836
1.6121e-06,1.3862
1.6122e-06,1.3255
1.6123e-06,1.2202
1.6124e-06,1.3864
1.6125e-06,1.3869
1.6126e-06,1.4183
1.6127e-06,1.332
1.6128e-06,1.0972
1.6129e-06,1.2826
1.613e-06,1.4999
1.6131e-06,1.4575
1.6132e-06,1.603
1.6133e-06,1.5218
1.6134e-06,1.4621
1.6135e-06,1.3348
1.6136e-06,1.2045
1.6137e-06,1.4133
1.6138e-06,1.2557
1.6139e-06,1.3579
1.614e-06,1.2268
1.6141e-06,1.5044
1.6142e-06,1.4009
1.6143e-06,1.518
1.6144e-06,1.3265
1.6145e-06,1.4911
1.6146e-06,1.472
1.6147e-06,1.5658
1.6148e-06,1.5613
1.6149e-06,1.2988
1.615e-06,1.3519
1.6151e-06,1.4979
1.6152e-06,1.5486
1.6153e-06,1.5013
1.6154e-06,1.6257
1.6155e-06,1.535
1.6156e-06,1.5645
1.6157e-06,1.5799
1.6158e-06,1.3841
1.6159e-06,1.454
1.616e-06,1.5141
1.6161e-06,1.5351
1.6162e-06,1.4127
1.6163e-06,1.5688
1.6164e-06,1.5342
1.6165e-06,1.6353
1.6166e-06,1.688
1.6167e-06,1.5761
1.6168e-06,1.521
1.6169e-06,1.4728
1.617e-06,1.7704
1.6171e-06,1.5491
1.6172e-06,1.5957
1.6173e-06,1.6796
1.6174e-06,1.4906
1.6175e-06,1.6708
1.6176e-06,1.6836
1.6177e-06,1.5867
1.6178e-06,1.5431
1.6179e-06,1.6255
1.618e-06,1.7904
1.6181e-06,1.5428
1.6182e-06,1.726
1.6183e-06,1.7653
1.6184e-06,1.7592
1.6185e-06,1.7517
1.6186e-06,1.5956
1.6187e-06,1.848
1.6188e-06,1.8254
1.6189e-06,1.7983
1.619e-06,1.9603
1.6191e-06,1.8578
1.6192e-06,1.8665
1.6193e-06,1.858
1.6194e-06,1.8399
1.6195e-06,1.6334
1.6196e-06,1.8512
1.6197e-06,1.8899
1.6198e-06,1.7835
1.6199e-06,1.6892
1.62e-06,1.7515
1.6201e-06,1.6289
1.6202e-06,1.8077
1.6203e-06,1.7059
1.6204e-06,1.9915
1.6205e-06,1.6441
1.6206e-06,1.8114
1.6207e-06,1.9644
1.6208e-06,1.9756
1.6209e-06,1.974
1.621e-06,1.8417
1.6211e-06,1.8003
1.6212e-06,1.8753
1.6213e-06,1.8836
1.6214e-06,2.0248
1.6215e-06,1.7054
1.6216e-06,1.8917
1.6217e-06,1.7472
1.6218e-06,1.9055
1.6219e-06,1.8457
1.622e-06,1.9759
1.6221e-06,1.9356
1.6222e-06,2.1067
1.6223e-06,1.9767
1.6224e-06,1.8549
1.6225e-06,2.0431
1.6226e-06,1.9277
1.6227e-06,1.9489
1.6228e-06,2.0527
1.6229e-06,2.0323
1.623e-06,1.8944
1.6231e-06,2.1551
1.6232e-06,2.0518
1.6233e-06,1.8716
1.6234e-06,2.1492
1.6235e-06,2.0287
1.6236e-06,1.9899
1.6237e-06,2.0692
1.6238e-06,2.0249
1.6239e-06,2.2268
1.624e-06,1.8699
1.6241e-06,2.1553
1.6242e-06,2.0416
1.6243e-06,1.9995
1.6244e-06,2.2509
1.6245e-06,2.1599
1.6246e-06,2.1096
1.6247e-06,2.0994
1.6248e-06,2.0064
1.6249e-06,2.1267
1.625e-06,2.1759
1.6251e-06,2.1006
1.6252e-06,2.1186
1.6253e-06,2.2599
1.6254e-06,2.0531
1.6255e-06,2.0659
1.6256e-06,2.2199
1.6257e-06,2.331
1.6258e-06,2.3106
1.6259e-06,2.1038
1.626e-06,2.2841
1.6261e-06,2.0897
1.6262e-06,2.1675
1.6263e-06,2.3195
1.6264e-06,2.3106
1.6265e-06,2.2909
1.6266e-06,2.3931
1.6267e-06,2.2542
1.6268e-06,2.4561
1.6269e-06,2.2107
1.627e-06,2.4034
1.6271e-06,2.2543
1.6272e-06,2.1858
1.6273e-06,2.432
1.6274e-06,2.3375
1.6275e-06,2.2004
1.6276e-06,2.4106
1.6277e-06,2.3863
1.6278e-06,2.1143
1.6279e-06,2.2636
1.628e-06,2.3542
1.6281e-06,2.2487
1.6282e-06,2.474
1.6283e-06,2.2666
1.6284e-06,2.1326
1.6285e-06,2.0811
1.6286e-06,2.2
1.6287e-06,2.3804
1.6288e-06,2.2551
1.6289e-06,2.4195
1.629e-06,2.2022
1.6291e-06,2.4137
1.6292e-06,2.3092
1.6293e-06,2.2632
1.6294e-06,2.4066
1.6295e-06,2.4424
1.6296e-06,2.4131
1.6297e-06,2.149
1.6298e-06,2.2799
1.6299e-06,2.3374
1.63e-06,2.5206
1.6301e-06,2.5506
1.6302e-06,2.4509
1.6303e-06,2.5873
1.6304e-06,2.2537
1.6305e-06,2.5764
1.6306e-06,2.3991
1.6307e-06,2.5046
1.6308e-06,2.2886
1.6309e-06,2.4122
1.631e-06,2.3853
1.6311e-06,2.8006
1.6312e-06,2.4577
1.6313e-06,2.4717
1.6314e-06,2.644
1.6315e-06,2.6752
1.6316e-06,2.4679
1.6317e-06,2.6775
1.6318e-06,2.5916
1.6319e-06,2.5389
1.632e-06,2.4785
1.6321e-06,2.5443
1.6322e-06,2.4293
1.6323e-06,2.6608
1.6324e-06,2.8038
1.6325e-06,2.5684
1.6326e-06,2.4395
1.6327e-06,2.6146
1.6328e-06,2.6646
1.6329e-06,2.5718
1.633e-06,2.6949
1.6331e-06,2.3994
1.6332e-06,2.4724
1.6333e-06,2.5499
1.6334e-06,2.6957
1.6335e-06,2.6049
1.6336e-06,2.7136
1.6337e-06,2.8983
1.6338e-06,2.8071
1.6339e-06,2.4219
1.634e-06,2.6794
1.6341e-06,2.6599
1.6342e-06,2.7501
1.6343e-06,2.6167
1.6344e-06,2.5872
1.6345e-06,2.8754
1.6346e-06,2.7612
1.6347e-06,2.6076
1.6348e-06,2.7267
1.6349e-06,2.5698
1.635e-06,2.8235
1.6351e-06,2.791
1.6352e-06,2.822
1.6353e-06,2.8505
1.6354e-06,2.7278
1.6355e-06,2.6238
1.6356e-06,2.9901
1.6357e-06,2.5127
1.6358e-06,2.5611
1.6359e-06,2.6283
1.636e-06,2.8102
1.6361e-06,2.5254
1.6362e-06,2.7185
1.6363e-06,2.7152
1.6364e-06,2.8704
1.6365e-06,2.9267
1.6366e-06,2.7631
1.6367e-06,2.8705
1.6368e-06,2.9298
1.6369e-06,2.723
1.637e-06,2.8123
1.6371e-06,2.8135
1.6372e-06,2.7998
1.6373e-06,2.72
1.6374e-06,2.836
1.6375e-06,2.662
1.6376e-06,2.7459
1.6377e-06,3.073
1.6378e-06,2.862
1.6379e-06,2.8553
1.638e-06,3.0729
1.6381e-06,2.9479
1.6382e-06,2.6857
1.6383e-06,2.9492
1.6384e-06,2.8262
1.6385e-06,2.9367
1.6386e-06,3.0702
1.6387e-06,3.0239
1.6388e-06,2.9864
1.6389e-06,3.0707
1.639e-06,3.0456
1.6391e-06,2.9427
1.6392e-06,3.0969
1.6393e-06,2.9516
1.6394e-06,3.0019
1.6395e-06,2.9052
1.6396e-06,2.9615
1.6397e-06,2.9601
1.6398e-06,2.96
1.6399e-06,3.0535
1.64e-06,2.9332
1.6401e-06,3.0031
1.6402e-06,2.9518
1.6403e-06,3.3082
1.6404e-06,3.219
1.6405e-06,2.9173
1.6406e-06,2.7777
1.6407e-06,3.1196
1.6408e-06,3.0684
1.6409e-06,2.9089
1.641e-06,3.1458
1.6411e-06,2.878
1.6412e-06,3.0536
1.6413e-06,3.0582
1.6414e-06,3.1002
1.6415e-06,2.9732
1.6416e-06,3.0182
1.6417e-06,3.0916
1.6418e-06,3.2366
1.6419e-06,3.0805
1.642e-06,3.0266
1.6421e-06,2.8418
1.6422e-06,3.2138
1.6423e-06,3.0698
1.6424e-06,2.9699
1.6425e-06,3.2368
1.6426e-06,2.9043
1.6427e-06,3.1702
1.6428e-06,3.3133
1.6429e-06,3.2759
1.643e-06,3.049
1.6431e-06,3.1109
1.6432e-06,3.2022
1.6433e-06,3.2372
1.6434e-06,2.9627
1.6435e-06,3.3781
1.6436e-06,3.2909
1.6437e-06,3.2203
1.6438e-06,3.0833
1.6439e-06,3.0604
1.644e-06,3.3547
1.6441e-06,3.0306
1.6442e-06,3.2624
1.6443e-06,3.1648
1.6444e-06,3.3062
1.6445e-06,3.3638
1.6446e-06,3.3024
1.6447e-06,3.1278
1.6448e-06,3.188
1.6449e-06,3.0212
1.645e-06,3.4706
1.6451e-06,3.3022
1.6452e-06,2.8981
1.6453e-06,3.3429
1.6454e-06,3.2644
1.6455e-06,3.0943
1.6456e-06,3.2854
1.6457e-06,3.2234
1.6458e-06,3.3647
1.6459e-06,3.3696
1.646e-06,3.4136
1.6461e-06,3.2314
1.6462e-06,3.2797
1.6463e-06,3.1239
1.6464e-06,3.1807
1.6465e-06,3.2542
1.6466e-06,3.4223
1.6467e-06,3.2019
1.6468e-06,3.2617
1.6469e-06,3.3381
1.647e-06,3.5134
1.6471e-06,3.398
1.6472e-06,3.4473
1.6473e-06,3.5724
1.6474e-06,3.1918
1.6475e-06,3.3646
1.6476e-06,3.3688
1.6477e-06,3.2708
1.6478e-06,3.5789
1.6479e-06,3.4241
1.648e-06,3.292
1.6481e-06,3.5064
1.6482e-06,3.3202
1.6483e-06,3.0691
1.6484e-06,3.6339
1.6485e-06,3.4222
1.6486e-06,3.2462
1.6487e-06,3.4451
1.6488e-06,3.2329
1.6489e-06,3.5225
1.649e-06,3.5259
1.6491e-06,3.7407
1.6492e-06,3.4996
1.6493e-06,3.5903
1.6494e-06,3.7036
1.6495e-06,3.5869
1.6496e-06,3.2784
1.6497e-06,3.4213
1.6498e-06,3.3112
1.6499e-06,3.45
1.65e-06,3.637
