1.35e-06,8.3966
1.3501e-06,8.5327
1.3502e-06,8.4086
1.3503e-06,8.4676
1.3504e-06,8.3277
1.3505e-06,8.439
1.3506e-06,8.4466
1.3507e-06,8.4476
1.3508e-06,8.4513
1.3509e-06,8.3854
1.351e-06,8.5298
1.3511e-06,8.473
1.3512e-06,8.4825
1.3513e-06,8.381
1.3514e-06,8.5084
1.3515e-06,8.3104
1.3516e-06,8.4267
1.3517e-06,8.4519
1.3518e-06,8.4151
1.3519e-06,8.3477
1.352e-06,8.3827
1.3521e-06,8.3393
1.3522e-06,8.4279
1.3523e-06,8.4101
1.3524e-06,8.3036
1.3525e-06,8.3719
1.3526e-06,8.2613
1.3527e-06,8.2885
1.3528e-06,8.3224
1.3529e-06,8.3415
1.353e-06,8.4309
1.3531e-06,8.2748
1.3532e-06,8.2683
1.3533e-06,8.4017
1.3534e-06,8.2634
1.3535e-06,8.3078
1.3536e-06,8.5279
1.3537e-06,8.3438
1.3538e-06,8.3119
1.3539e-06,8.2676
1.354e-06,8.3015
1.3541e-06,8.3925
1.3542e-06,8.1724
1.3543e-06,8.3105
1.3544e-06,8.3343
1.3545e-06,8.202
1.3546e-06,8.1078
1.3547e-06,8.2537
1.3548e-06,8.339
1.3549e-06,8.1771
1.355e-06,8.1605
1.3551e-06,8.1976
1.3552e-06,8.166
1.3553e-06,8.2528
1.3554e-06,8.1359
1.3555e-06,8.2219
1.3556e-06,8.1839
1.3557e-06,8.1056
1.3558e-06,8.1545
1.3559e-06,8.1541
1.356e-06,8.1702
1.3561e-06,8.2516
1.3562e-06,8.2773
1.3563e-06,8.2557
1.3564e-06,8.039
1.3565e-06,8.245
1.3566e-06,8.2615
1.3567e-06,8.2441
1.3568e-06,8.2055
1.3569e-06,8.1041
1.357e-06,8.2105
1.3571e-06,8.1202
1.3572e-06,8.0819
1.3573e-06,8.1926
1.3574e-06,8.1977
1.3575e-06,8.1696
1.3576e-06,8.0531
1.3577e-06,8.0201
1.3578e-06,8.0411
1.3579e-06,8.2028
1.358e-06,8.0337
1.3581e-06,8.121
1.3582e-06,8.0628
1.3583e-06,8.2073
1.3584e-06,8.0358
1.3585e-06,8.1187
1.3586e-06,8.0177
1.3587e-06,8.0498
1.3588e-06,8.0802
1.3589e-06,8.0321
1.359e-06,8.0104
1.3591e-06,8.1517
1.3592e-06,8.1222
1.3593e-06,8.077
1.3594e-06,8.0651
1.3595e-06,7.8907
1.3596e-06,7.9
1.3597e-06,7.9974
1.3598e-06,7.877
1.3599e-06,8.034
1.36e-06,8.1004
1.3601e-06,7.9873
1.3602e-06,7.9141
1.3603e-06,7.9611
1.3604e-06,7.99
1.3605e-06,7.9649
1.3606e-06,7.9805
1.3607e-06,8.0337
1.3608e-06,7.9673
1.3609e-06,7.8833
1.361e-06,7.9134
1.3611e-06,7.9819
1.3612e-06,7.9382
1.3613e-06,7.7718
1.3614e-06,7.8817
1.3615e-06,7.8674
1.3616e-06,7.7611
1.3617e-06,7.8724
1.3618e-06,7.842
1.3619e-06,7.9734
1.362e-06,7.7822
1.3621e-06,7.9265
1.3622e-06,7.933
1.3623e-06,7.7367
1.3624e-06,7.8866
1.3625e-06,7.8478
1.3626e-06,7.7468
1.3627e-06,7.8839
1.3628e-06,7.8141
1.3629e-06,7.8688
1.363e-06,7.9038
1.3631e-06,7.885
1.3632e-06,7.8909
1.3633e-06,7.9421
1.3634e-06,7.8327
1.3635e-06,7.8791
1.3636e-06,7.9302
1.3637e-06,7.9302
1.3638e-06,7.8369
1.3639e-06,7.8963
1.364e-06,7.751
1.3641e-06,7.7921
1.3642e-06,7.9624
1.3643e-06,7.9717
1.3644e-06,7.7217
1.3645e-06,7.7661
1.3646e-06,7.7494
1.3647e-06,7.6964
1.3648e-06,7.6348
1.3649e-06,7.861
1.365e-06,7.8017
1.3651e-06,7.7984
1.3652e-06,7.7071
1.3653e-06,7.7355
1.3654e-06,7.8264
1.3655e-06,7.8182
1.3656e-06,7.6829
1.3657e-06,7.7218
1.3658e-06,7.6302
1.3659e-06,7.7914
1.366e-06,7.8578
1.3661e-06,7.712
1.3662e-06,7.7742
1.3663e-06,7.7383
1.3664e-06,7.8499
1.3665e-06,7.8042
1.3666e-06,7.7722
1.3667e-06,7.6188
1.3668e-06,7.6862
1.3669e-06,7.7298
1.367e-06,7.6872
1.3671e-06,7.7015
1.3672e-06,7.7062
1.3673e-06,7.5377
1.3674e-06,7.7266
1.3675e-06,7.5906
1.3676e-06,7.6582
1.3677e-06,7.6974
1.3678e-06,7.5666
1.3679e-06,7.6361
1.368e-06,7.6147
1.3681e-06,7.6622
1.3682e-06,7.5767
1.3683e-06,7.648
1.3684e-06,7.6836
1.3685e-06,7.5517
1.3686e-06,7.5476
1.3687e-06,7.5561
1.3688e-06,7.5256
1.3689e-06,7.6039
1.369e-06,7.7337
1.3691e-06,7.5935
1.3692e-06,7.5019
1.3693e-06,7.6201
1.3694e-06,7.5044
1.3695e-06,7.6389
1.3696e-06,7.6257
1.3697e-06,7.5351
1.3698e-06,7.572
1.3699e-06,7.5979
1.37e-06,7.64
1.3701e-06,7.4697
1.3702e-06,7.6504
1.3703e-06,7.6109
1.3704e-06,7.5497
1.3705e-06,7.5434
1.3706e-06,7.6772
1.3707e-06,7.5939
1.3708e-06,7.3901
1.3709e-06,7.4496
1.371e-06,7.5105
1.3711e-06,7.565
1.3712e-06,7.5179
1.3713e-06,7.5918
1.3714e-06,7.5013
1.3715e-06,7.5833
1.3716e-06,7.4696
1.3717e-06,7.3542
1.3718e-06,7.5125
1.3719e-06,7.6496
1.372e-06,7.5279
1.3721e-06,7.5032
1.3722e-06,7.4083
1.3723e-06,7.5586
1.3724e-06,7.3456
1.3725e-06,7.451
1.3726e-06,7.448
1.3727e-06,7.4063
1.3728e-06,7.4794
1.3729e-06,7.3186
1.373e-06,7.3205
1.3731e-06,7.4517
1.3732e-06,7.4682
1.3733e-06,7.2948
1.3734e-06,7.4341
1.3735e-06,7.4231
1.3736e-06,7.3174
1.3737e-06,7.4679
1.3738e-06,7.4992
1.3739e-06,7.4156
1.374e-06,7.4591
1.3741e-06,7.362
1.3742e-06,7.4156
1.3743e-06,7.4389
1.3744e-06,7.343
1.3745e-06,7.3265
1.3746e-06,7.3773
1.3747e-06,7.4049
1.3748e-06,7.3148
1.3749e-06,7.3784
1.375e-06,7.4675
1.3751e-06,7.3297
1.3752e-06,7.307
1.3753e-06,7.3201
1.3754e-06,7.2615
1.3755e-06,7.3014
1.3756e-06,7.2381
1.3757e-06,7.4063
1.3758e-06,7.4825
1.3759e-06,7.2415
1.376e-06,7.2441
1.3761e-06,7.2264
1.3762e-06,7.4156
1.3763e-06,7.396
1.3764e-06,7.3264
1.3765e-06,7.3048
1.3766e-06,7.3821
1.3767e-06,7.2871
1.3768e-06,7.2979
1.3769e-06,7.2351
1.377e-06,7.3111
1.3771e-06,7.2436
1.3772e-06,7.1911
1.3773e-06,7.2575
1.3774e-06,7.268
1.3775e-06,7.2322
1.3776e-06,7.0879
1.3777e-06,7.1346
1.3778e-06,7.1169
1.3779e-06,7.2912
1.378e-06,7.1891
1.3781e-06,7.0773
1.3782e-06,7.1963
1.3783e-06,7.1504
1.3784e-06,6.999
1.3785e-06,7.2917
1.3786e-06,7.2739
1.3787e-06,7.162
1.3788e-06,7.0542
1.3789e-06,7.1826
1.379e-06,7.0345
1.3791e-06,7.11
1.3792e-06,7.2353
1.3793e-06,7.1587
1.3794e-06,7.1766
1.3795e-06,7.1593
1.3796e-06,7.2118
1.3797e-06,7.1169
1.3798e-06,7.0605
1.3799e-06,7.0549
1.38e-06,7.1299
1.3801e-06,7.1963
1.3802e-06,7.0201
1.3803e-06,7.1056
1.3804e-06,7.1207
1.3805e-06,7.0262
1.3806e-06,7.1219
1.3807e-06,7.0595
1.3808e-06,7.0432
1.3809e-06,6.8536
1.381e-06,7.0837
1.3811e-06,7.1419
1.3812e-06,7.0944
1.3813e-06,7.0734
1.3814e-06,7.1139
1.3815e-06,7.1812
1.3816e-06,7.0368
1.3817e-06,7.0339
1.3818e-06,6.9801
1.3819e-06,6.9993
1.382e-06,6.9982
1.3821e-06,6.9898
1.3822e-06,6.9548
1.3823e-06,6.9214
1.3824e-06,6.7932
1.3825e-06,6.944
1.3826e-06,7.0364
1.3827e-06,6.9259
1.3828e-06,6.9338
1.3829e-06,6.756
1.383e-06,7.062
1.3831e-06,6.8442
1.3832e-06,6.9242
1.3833e-06,6.8804
1.3834e-06,6.9659
1.3835e-06,6.8851
1.3836e-06,6.9153
1.3837e-06,6.9717
1.3838e-06,6.8721
1.3839e-06,6.7027
1.384e-06,6.8503
1.3841e-06,6.7966
1.3842e-06,6.7775
1.3843e-06,6.9466
1.3844e-06,6.8815
1.3845e-06,6.9484
1.3846e-06,6.8429
1.3847e-06,6.961
1.3848e-06,6.8334
1.3849e-06,6.7843
1.385e-06,6.833
1.3851e-06,6.869
1.3852e-06,6.8299
1.3853e-06,6.8858
1.3854e-06,6.9781
1.3855e-06,6.9396
1.3856e-06,6.949
1.3857e-06,6.8597
1.3858e-06,6.6787
1.3859e-06,6.8953
1.386e-06,6.8511
1.3861e-06,6.826
1.3862e-06,6.7385
1.3863e-06,6.8541
1.3864e-06,6.7837
1.3865e-06,6.7958
1.3866e-06,6.7932
1.3867e-06,6.9191
1.3868e-06,6.7464
1.3869e-06,6.812
1.387e-06,6.8662
1.3871e-06,6.6958
1.3872e-06,6.7081
1.3873e-06,6.8165
1.3874e-06,6.7491
1.3875e-06,6.7839
1.3876e-06,6.7106
1.3877e-06,6.6568
1.3878e-06,6.6943
1.3879e-06,6.7473
1.388e-06,6.7673
1.3881e-06,6.6163
1.3882e-06,6.7181
1.3883e-06,6.7362
1.3884e-06,6.7168
1.3885e-06,6.6487
1.3886e-06,6.6983
1.3887e-06,6.712
1.3888e-06,6.7657
1.3889e-06,6.6926
1.389e-06,6.5125
1.3891e-06,6.6021
1.3892e-06,6.8239
1.3893e-06,6.7169
1.3894e-06,6.6336
1.3895e-06,6.6012
1.3896e-06,6.5851
1.3897e-06,6.7727
1.3898e-06,6.5586
1.3899e-06,6.5883
1.39e-06,6.5374
1.3901e-06,6.5941
1.3902e-06,6.7263
1.3903e-06,6.5879
1.3904e-06,6.5694
1.3905e-06,6.5141
1.3906e-06,6.5421
1.3907e-06,6.6868
1.3908e-06,6.664
1.3909e-06,6.4475
1.391e-06,6.5102
1.3911e-06,6.6406
1.3912e-06,6.4949
1.3913e-06,6.6104
1.3914e-06,6.4072
1.3915e-06,6.5164
1.3916e-06,6.6881
1.3917e-06,6.5129
1.3918e-06,6.5417
1.3919e-06,6.516
1.392e-06,6.6033
1.3921e-06,6.5169
1.3922e-06,6.5535
1.3923e-06,6.5328
1.3924e-06,6.4622
1.3925e-06,6.5338
1.3926e-06,6.5123
1.3927e-06,6.303
1.3928e-06,6.6125
1.3929e-06,6.4566
1.393e-06,6.353
1.3931e-06,6.5045
1.3932e-06,6.4666
1.3933e-06,6.6527
1.3934e-06,6.5049
1.3935e-06,6.419
1.3936e-06,6.3518
1.3937e-06,6.4449
1.3938e-06,6.4868
1.3939e-06,6.3547
1.394e-06,6.4536
1.3941e-06,6.4212
1.3942e-06,6.3892
1.3943e-06,6.414
1.3944e-06,6.3358
1.3945e-06,6.268
1.3946e-06,6.3212
1.3947e-06,6.3202
1.3948e-06,6.424
1.3949e-06,6.328
1.395e-06,6.3928
1.3951e-06,6.2983
1.3952e-06,6.3294
1.3953e-06,6.2472
1.3954e-06,6.292
1.3955e-06,6.262
1.3956e-06,6.4256
1.3957e-06,6.2931
1.3958e-06,6.2903
1.3959e-06,6.2753
1.396e-06,6.2517
1.3961e-06,6.3502
1.3962e-06,6.2518
1.3963e-06,6.1351
1.3964e-06,6.1947
1.3965e-06,5.9783
1.3966e-06,6.2518
1.3967e-06,6.072
1.3968e-06,6.2567
1.3969e-06,6.2877
1.397e-06,6.3363
1.3971e-06,6.2392
1.3972e-06,6.1494
1.3973e-06,6.1436
1.3974e-06,6.208
1.3975e-06,6.1789
1.3976e-06,6.2313
1.3977e-06,6.1978
1.3978e-06,6.1615
1.3979e-06,6.1493
1.398e-06,6.2515
1.3981e-06,6.1509
1.3982e-06,6.2503
1.3983e-06,6.1862
1.3984e-06,6.3605
1.3985e-06,6.1394
1.3986e-06,6.189
1.3987e-06,6.0089
1.3988e-06,6.1857
1.3989e-06,6.0304
1.399e-06,6.1331
1.3991e-06,5.9843
1.3992e-06,6.0731
1.3993e-06,6.074
1.3994e-06,6.0023
1.3995e-06,6.3019
1.3996e-06,5.9844
1.3997e-06,6.1681
1.3998e-06,6.0679
1.3999e-06,6.1467
1.4e-06,6.1073
1.4001e-06,6.0482
1.4002e-06,6.0573
1.4003e-06,5.8892
1.4004e-06,6.0127
1.4005e-06,6.044
1.4006e-06,5.9644
1.4007e-06,6.0631
1.4008e-06,5.9403
1.4009e-06,6.0969
1.401e-06,6.0747
1.4011e-06,5.849
1.4012e-06,5.9946
1.4013e-06,5.9659
1.4014e-06,5.762
1.4015e-06,5.9856
1.4016e-06,6.0502
1.4017e-06,5.9653
1.4018e-06,5.952
1.4019e-06,6.0053
1.402e-06,6.0558
1.4021e-06,5.9157
1.4022e-06,5.9582
1.4023e-06,5.9292
1.4024e-06,5.8533
1.4025e-06,5.9885
1.4026e-06,5.8568
1.4027e-06,5.8862
1.4028e-06,5.863
1.4029e-06,5.9424
1.403e-06,5.9364
1.4031e-06,5.9012
1.4032e-06,6.0126
1.4033e-06,5.801
1.4034e-06,5.9593
1.4035e-06,5.7833
1.4036e-06,5.8604
1.4037e-06,5.8366
1.4038e-06,5.8749
1.4039e-06,6.0396
1.404e-06,5.9236
1.4041e-06,5.92
1.4042e-06,5.7569
1.4043e-06,5.7034
1.4044e-06,5.6891
1.4045e-06,5.8402
1.4046e-06,5.7223
1.4047e-06,5.87
1.4048e-06,5.7889
1.4049e-06,5.7238
1.405e-06,5.7302
1.4051e-06,5.6228
1.4052e-06,5.6161
1.4053e-06,5.6586
1.4054e-06,5.7693
1.4055e-06,5.7442
1.4056e-06,5.7387
1.4057e-06,5.7016
1.4058e-06,5.7314
1.4059e-06,5.7737
1.406e-06,5.7582
1.4061e-06,5.5833
1.4062e-06,5.7833
1.4063e-06,5.6804
1.4064e-06,5.8034
1.4065e-06,5.7724
1.4066e-06,5.6907
1.4067e-06,5.7305
1.4068e-06,5.8105
1.4069e-06,5.5464
1.407e-06,5.6119
1.4071e-06,5.683
1.4072e-06,5.6447
1.4073e-06,5.6821
1.4074e-06,5.6202
1.4075e-06,5.5817
1.4076e-06,5.6394
1.4077e-06,5.5461
1.4078e-06,5.4188
1.4079e-06,5.7247
1.408e-06,5.6954
1.4081e-06,5.4717
1.4082e-06,5.5366
1.4083e-06,5.4967
1.4084e-06,5.503
1.4085e-06,5.5613
1.4086e-06,5.7424
1.4087e-06,5.4973
1.4088e-06,5.5386
1.4089e-06,5.5166
1.409e-06,5.5374
1.4091e-06,5.55
1.4092e-06,5.4417
1.4093e-06,5.427
1.4094e-06,5.4379
1.4095e-06,5.5344
1.4096e-06,5.4588
1.4097e-06,5.5311
1.4098e-06,5.46
1.4099e-06,5.5175
1.41e-06,5.4381
1.4101e-06,5.4539
1.4102e-06,5.6802
1.4103e-06,5.469
1.4104e-06,5.4773
1.4105e-06,5.5263
1.4106e-06,5.4598
1.4107e-06,5.4387
1.4108e-06,5.5336
1.4109e-06,5.5349
1.411e-06,5.5449
1.4111e-06,5.3619
1.4112e-06,5.3518
1.4113e-06,5.5225
1.4114e-06,5.5149
1.4115e-06,5.3323
1.4116e-06,5.3005
1.4117e-06,5.2676
1.4118e-06,5.3728
1.4119e-06,5.4722
1.412e-06,5.3773
1.4121e-06,5.3792
1.4122e-06,5.3621
1.4123e-06,5.298
1.4124e-06,5.4164
1.4125e-06,5.2457
1.4126e-06,5.2455
1.4127e-06,5.2464
1.4128e-06,5.3896
1.4129e-06,5.2612
1.413e-06,5.192
1.4131e-06,5.1483
1.4132e-06,5.299
1.4133e-06,5.2026
1.4134e-06,5.1629
1.4135e-06,5.1345
1.4136e-06,5.3457
1.4137e-06,5.1932
1.4138e-06,5.1895
1.4139e-06,5.1512
1.414e-06,5.2041
1.4141e-06,5.2433
1.4142e-06,5.188
1.4143e-06,5.1628
1.4144e-06,5.1536
1.4145e-06,5.3056
1.4146e-06,5.2656
1.4147e-06,5.2001
1.4148e-06,5.1733
1.4149e-06,5.2276
1.415e-06,5.055
1.4151e-06,5.2069
1.4152e-06,5.2485
1.4153e-06,5.1418
1.4154e-06,5.0142
1.4155e-06,5.1113
1.4156e-06,5.0934
1.4157e-06,5.0879
1.4158e-06,5.1916
1.4159e-06,5.133
1.416e-06,5.2977
1.4161e-06,5.1785
1.4162e-06,5.0147
1.4163e-06,5.1741
1.4164e-06,5.0472
1.4165e-06,4.9741
1.4166e-06,4.9181
1.4167e-06,5.1355
1.4168e-06,4.9671
1.4169e-06,5.0202
1.417e-06,4.9838
1.4171e-06,5.1263
1.4172e-06,5.0902
1.4173e-06,5.1531
1.4174e-06,5.0799
1.4175e-06,5.0766
1.4176e-06,5.0175
1.4177e-06,4.8885
1.4178e-06,4.9399
1.4179e-06,4.9658
1.418e-06,4.9237
1.4181e-06,5.0498
1.4182e-06,5.0661
1.4183e-06,4.892
1.4184e-06,4.9375
1.4185e-06,4.9049
1.4186e-06,5.0641
1.4187e-06,4.7692
1.4188e-06,4.9979
1.4189e-06,4.9519
1.419e-06,4.9043
1.4191e-06,4.828
1.4192e-06,4.7388
1.4193e-06,4.8537
1.4194e-06,4.8688
1.4195e-06,4.8959
1.4196e-06,4.8458
1.4197e-06,4.8419
1.4198e-06,4.9313
1.4199e-06,4.7732
1.42e-06,4.8103
1.4201e-06,4.7571
1.4202e-06,4.8338
1.4203e-06,4.8341
1.4204e-06,4.6535
1.4205e-06,4.6319
1.4206e-06,4.7908
1.4207e-06,4.7537
1.4208e-06,4.7397
1.4209e-06,4.5986
1.421e-06,4.8337
1.4211e-06,4.7597
1.4212e-06,4.775
1.4213e-06,4.6705
1.4214e-06,4.6842
1.4215e-06,4.6949
1.4216e-06,4.7521
1.4217e-06,4.7147
1.4218e-06,4.7508
1.4219e-06,4.7386
1.422e-06,4.7058
1.4221e-06,4.7231
1.4222e-06,4.6827
1.4223e-06,4.6222
1.4224e-06,4.659
1.4225e-06,4.8028
1.4226e-06,4.6875
1.4227e-06,4.5008
1.4228e-06,4.6642
1.4229e-06,4.6528
1.423e-06,4.6153
1.4231e-06,4.4878
1.4232e-06,4.5669
1.4233e-06,4.6179
1.4234e-06,4.7067
1.4235e-06,4.5655
1.4236e-06,4.7504
1.4237e-06,4.4301
1.4238e-06,4.624
1.4239e-06,4.583
1.424e-06,4.5337
1.4241e-06,4.5021
1.4242e-06,4.6044
1.4243e-06,4.5852
1.4244e-06,4.5899
1.4245e-06,4.5481
1.4246e-06,4.598
1.4247e-06,4.4514
1.4248e-06,4.6039
1.4249e-06,4.3939
1.425e-06,4.5031
1.4251e-06,4.5327
1.4252e-06,4.381
1.4253e-06,4.529
1.4254e-06,4.6176
1.4255e-06,4.6171
1.4256e-06,4.4636
1.4257e-06,4.5398
1.4258e-06,4.5121
1.4259e-06,4.3705
1.426e-06,4.6742
1.4261e-06,4.3743
1.4262e-06,4.372
1.4263e-06,4.5246
1.4264e-06,4.3793
1.4265e-06,4.4332
1.4266e-06,4.2574
1.4267e-06,4.4807
1.4268e-06,4.3591
1.4269e-06,4.4255
1.427e-06,4.3038
1.4271e-06,4.4593
1.4272e-06,4.1947
1.4273e-06,4.2526
1.4274e-06,4.3268
1.4275e-06,4.308
1.4276e-06,4.3078
1.4277e-06,4.2748
1.4278e-06,4.1722
1.4279e-06,4.2076
1.428e-06,4.3123
1.4281e-06,4.1739
1.4282e-06,4.233
1.4283e-06,4.1593
1.4284e-06,4.225
1.4285e-06,4.1103
1.4286e-06,4.1958
1.4287e-06,4.185
1.4288e-06,4.1928
1.4289e-06,4.1905
1.429e-06,4.2978
1.4291e-06,4.1068
1.4292e-06,4.1483
1.4293e-06,4.0301
1.4294e-06,4.0744
1.4295e-06,4.2847
1.4296e-06,4.1481
1.4297e-06,4.201
1.4298e-06,4.0592
1.4299e-06,4.1192
1.43e-06,4.1953
1.4301e-06,4.1526
1.4302e-06,4.0977
1.4303e-06,4.1566
1.4304e-06,4.124
1.4305e-06,4.0497
1.4306e-06,4.1929
1.4307e-06,4.0098
1.4308e-06,4.2351
1.4309e-06,4.106
1.431e-06,3.9348
1.4311e-06,3.9543
1.4312e-06,3.966
1.4313e-06,4.108
1.4314e-06,4.0399
1.4315e-06,4.0589
1.4316e-06,3.9433
1.4317e-06,4.001
1.4318e-06,4.1427
1.4319e-06,3.9666
1.432e-06,3.9789
1.4321e-06,3.9185
1.4322e-06,3.8983
1.4323e-06,3.9327
1.4324e-06,4.0392
1.4325e-06,3.9023
1.4326e-06,3.8129
1.4327e-06,4.0937
1.4328e-06,3.9561
1.4329e-06,3.9456
1.433e-06,3.8225
1.4331e-06,3.9226
1.4332e-06,3.8936
1.4333e-06,3.7916
1.4334e-06,3.8414
1.4335e-06,3.7852
1.4336e-06,3.7821
1.4337e-06,3.932
1.4338e-06,3.7369
1.4339e-06,3.8613
1.434e-06,3.8301
1.4341e-06,3.7767
1.4342e-06,3.7529
1.4343e-06,3.7996
1.4344e-06,3.7386
1.4345e-06,3.8988
1.4346e-06,3.7524
1.4347e-06,3.7968
1.4348e-06,3.8332
1.4349e-06,3.8979
1.435e-06,3.9033
1.4351e-06,3.8546
1.4352e-06,3.8098
1.4353e-06,3.7348
1.4354e-06,3.7532
1.4355e-06,3.6048
1.4356e-06,3.4933
1.4357e-06,3.8579
1.4358e-06,3.6618
1.4359e-06,3.6344
1.436e-06,3.6627
1.4361e-06,3.6416
1.4362e-06,3.7353
1.4363e-06,3.5442
1.4364e-06,3.6232
1.4365e-06,3.5503
1.4366e-06,3.6298
1.4367e-06,3.6192
1.4368e-06,3.5875
1.4369e-06,3.7681
1.437e-06,3.5593
1.4371e-06,3.66
1.4372e-06,3.5719
1.4373e-06,3.5056
1.4374e-06,3.4754
1.4375e-06,3.4105
1.4376e-06,3.6219
1.4377e-06,3.4631
1.4378e-06,3.4363
1.4379e-06,3.5688
1.438e-06,3.4685
1.4381e-06,3.6581
1.4382e-06,3.6592
1.4383e-06,3.4043
1.4384e-06,3.4558
1.4385e-06,3.561
1.4386e-06,3.6484
1.4387e-06,3.4645
1.4388e-06,3.4236
1.4389e-06,3.3684
1.439e-06,3.4455
1.4391e-06,3.3629
1.4392e-06,3.4012
1.4393e-06,3.4801
1.4394e-06,3.3844
1.4395e-06,3.5108
1.4396e-06,3.4267
1.4397e-06,3.4108
1.4398e-06,3.3289
1.4399e-06,3.402
1.44e-06,3.4358
1.4401e-06,3.5136
1.4402e-06,3.2507
1.4403e-06,3.3765
1.4404e-06,3.3065
1.4405e-06,3.216
1.4406e-06,3.3638
1.4407e-06,3.3497
1.4408e-06,3.4967
1.4409e-06,3.4039
1.441e-06,3.2027
1.4411e-06,3.4322
1.4412e-06,3.0819
1.4413e-06,3.3118
1.4414e-06,3.2468
1.4415e-06,3.3193
1.4416e-06,3.2114
1.4417e-06,3.2393
1.4418e-06,3.2472
1.4419e-06,3.2239
1.442e-06,3.36
1.4421e-06,3.1822
1.4422e-06,3.1542
1.4423e-06,3.1168
1.4424e-06,3.2277
1.4425e-06,3.238
1.4426e-06,3.0201
1.4427e-06,3.2277
1.4428e-06,3.1653
1.4429e-06,3.2674
1.443e-06,3.169
1.4431e-06,3.079
1.4432e-06,3.1958
1.4433e-06,3.0529
1.4434e-06,3.1529
1.4435e-06,3.1836
1.4436e-06,3.1194
1.4437e-06,3.234
1.4438e-06,3.0144
1.4439e-06,3.2314
1.444e-06,3.0413
1.4441e-06,3.0321
1.4442e-06,2.9914
1.4443e-06,2.9957
1.4444e-06,3.098
1.4445e-06,3.1447
1.4446e-06,2.9758
1.4447e-06,3.1082
1.4448e-06,3.2555
1.4449e-06,3.145
1.445e-06,3.1029
1.4451e-06,3.0319
1.4452e-06,2.9022
1.4453e-06,3.0114
1.4454e-06,3.0882
1.4455e-06,2.937
1.4456e-06,2.95
1.4457e-06,3.0179
1.4458e-06,2.8438
1.4459e-06,3.0588
1.446e-06,2.9331
1.4461e-06,2.8924
1.4462e-06,2.9813
1.4463e-06,2.8041
1.4464e-06,2.9
1.4465e-06,3.0281
1.4466e-06,2.8398
1.4467e-06,3.0149
1.4468e-06,2.8401
1.4469e-06,2.7357
1.447e-06,2.9765
1.4471e-06,2.8967
1.4472e-06,2.8972
1.4473e-06,2.7386
1.4474e-06,2.7684
1.4475e-06,2.8472
1.4476e-06,2.7457
1.4477e-06,2.7378
1.4478e-06,2.8716
1.4479e-06,2.7598
1.448e-06,2.7848
1.4481e-06,2.8035
1.4482e-06,2.7836
1.4483e-06,2.7185
1.4484e-06,2.6318
1.4485e-06,2.7869
1.4486e-06,2.7999
1.4487e-06,2.7752
1.4488e-06,2.6293
1.4489e-06,2.7122
1.449e-06,2.7153
1.4491e-06,2.5076
1.4492e-06,2.6225
1.4493e-06,2.6898
1.4494e-06,2.8289
1.4495e-06,2.627
1.4496e-06,2.6442
1.4497e-06,2.524
1.4498e-06,2.3788
1.4499e-06,2.613
1.45e-06,2.6434
1.4501e-06,2.638
1.4502e-06,2.4892
1.4503e-06,2.5496
1.4504e-06,2.4245
1.4505e-06,2.5036
1.4506e-06,2.4683
1.4507e-06,2.504
1.4508e-06,2.574
1.4509e-06,2.6083
1.451e-06,2.4988
1.4511e-06,2.4426
1.4512e-06,2.5166
1.4513e-06,2.399
1.4514e-06,2.4526
1.4515e-06,2.298
1.4516e-06,2.3937
1.4517e-06,2.3172
1.4518e-06,2.4453
1.4519e-06,2.4333
1.452e-06,2.4009
1.4521e-06,2.507
1.4522e-06,2.3952
1.4523e-06,2.3762
1.4524e-06,2.3755
1.4525e-06,2.3298
1.4526e-06,2.4671
1.4527e-06,2.414
1.4528e-06,2.2933
1.4529e-06,2.2703
1.453e-06,2.5547
1.4531e-06,2.2782
1.4532e-06,2.1879
1.4533e-06,2.3684
1.4534e-06,2.4509
1.4535e-06,2.2531
1.4536e-06,2.3056
1.4537e-06,2.14
1.4538e-06,2.3587
1.4539e-06,2.298
1.454e-06,2.3409
1.4541e-06,2.3179
1.4542e-06,2.1868
1.4543e-06,2.2165
1.4544e-06,2.0635
1.4545e-06,2.1989
1.4546e-06,2.1046
1.4547e-06,2.3154
1.4548e-06,2.2362
1.4549e-06,2.1687
1.455e-06,2.1166
1.4551e-06,2.1499
1.4552e-06,2.1164
1.4553e-06,2.0281
1.4554e-06,2.1014
1.4555e-06,2.2033
1.4556e-06,2.1897
1.4557e-06,2.0512
1.4558e-06,2.2053
1.4559e-06,2.0334
1.456e-06,2.062
1.4561e-06,2.0499
1.4562e-06,2.0779
1.4563e-06,1.8732
1.4564e-06,1.9648
1.4565e-06,2.0671
1.4566e-06,1.9479
1.4567e-06,2.0894
1.4568e-06,2.0147
1.4569e-06,1.9649
1.457e-06,1.8729
1.4571e-06,1.8497
1.4572e-06,1.9767
1.4573e-06,1.7168
1.4574e-06,1.8446
1.4575e-06,1.938
1.4576e-06,1.8534
1.4577e-06,1.8508
1.4578e-06,2.0883
1.4579e-06,2.0074
1.458e-06,1.8531
1.4581e-06,1.9145
1.4582e-06,1.7592
1.4583e-06,1.8389
1.4584e-06,1.7764
1.4585e-06,1.6956
1.4586e-06,1.9103
1.4587e-06,1.8537
1.4588e-06,1.8167
1.4589e-06,1.8032
1.459e-06,1.6056
1.4591e-06,1.7651
1.4592e-06,1.7176
1.4593e-06,1.8715
1.4594e-06,1.6469
1.4595e-06,1.7853
1.4596e-06,1.8474
1.4597e-06,1.5777
1.4598e-06,1.8436
1.4599e-06,1.7542
1.46e-06,1.7298
1.4601e-06,1.7328
1.4602e-06,1.6687
1.4603e-06,1.7479
1.4604e-06,1.6137
1.4605e-06,1.7039
1.4606e-06,1.7023
1.4607e-06,1.5933
1.4608e-06,1.6881
1.4609e-06,1.5407
1.461e-06,1.6618
1.4611e-06,1.5618
1.4612e-06,1.5689
1.4613e-06,1.6716
1.4614e-06,1.293
1.4615e-06,1.5814
1.4616e-06,1.7235
1.4617e-06,1.5433
1.4618e-06,1.6034
1.4619e-06,1.4667
1.462e-06,1.4895
1.4621e-06,1.4001
1.4622e-06,1.4415
1.4623e-06,1.5881
1.4624e-06,1.5883
1.4625e-06,1.5401
1.4626e-06,1.4147
1.4627e-06,1.3965
1.4628e-06,1.5038
1.4629e-06,1.4808
1.463e-06,1.3929
1.4631e-06,1.3919
1.4632e-06,1.2947
1.4633e-06,1.4184
1.4634e-06,1.385
1.4635e-06,1.1805
1.4636e-06,1.3075
1.4637e-06,1.2573
1.4638e-06,1.4363
1.4639e-06,1.3118
1.464e-06,1.3545
1.4641e-06,1.2327
1.4642e-06,1.2328
1.4643e-06,1.2402
1.4644e-06,1.379
1.4645e-06,1.0213
1.4646e-06,1.2717
1.4647e-06,1.389
1.4648e-06,1.2166
1.4649e-06,1.0796
1.465e-06,1.1837
1.4651e-06,1.1952
1.4652e-06,1.1264
1.4653e-06,1.1962
1.4654e-06,1.2224
1.4655e-06,1.2149
1.4656e-06,1.126
1.4657e-06,1.1505
1.4658e-06,1.1543
1.4659e-06,1.2319
1.466e-06,1.2427
1.4661e-06,1.1692
1.4662e-06,1.0877
1.4663e-06,1.0218
1.4664e-06,1.017
1.4665e-06,1.1208
1.4666e-06,0.89327
1.4667e-06,0.7507
1.4668e-06,0.98172
1.4669e-06,1.0335
1.467e-06,0.99505
1.4671e-06,0.97477
1.4672e-06,1.151
1.4673e-06,0.94952
1.4674e-06,1.0644
1.4675e-06,0.78863
1.4676e-06,0.93024
1.4677e-06,0.88109
1.4678e-06,0.95828
1.4679e-06,0.85338
1.468e-06,0.90999
1.4681e-06,0.96083
1.4682e-06,1.0439
1.4683e-06,1.0189
1.4684e-06,0.80815
1.4685e-06,0.81832
1.4686e-06,0.87224
1.4687e-06,0.76845
1.4688e-06,0.80784
1.4689e-06,0.88508
1.469e-06,0.80557
1.4691e-06,0.85994
1.4692e-06,0.69703
1.4693e-06,0.91511
1.4694e-06,0.67148
1.4695e-06,0.77847
1.4696e-06,0.81239
1.4697e-06,0.75609
1.4698e-06,0.68094
1.4699e-06,0.71544
1.47e-06,0.6934
1.4701e-06,0.75158
1.4702e-06,0.66706
1.4703e-06,0.62183
1.4704e-06,0.7024
1.4705e-06,0.63305
1.4706e-06,0.67417
1.4707e-06,0.66971
1.4708e-06,0.65668
1.4709e-06,0.48332
1.471e-06,0.6644
1.4711e-06,0.48219
1.4712e-06,0.6607
1.4713e-06,0.54095
1.4714e-06,0.60761
1.4715e-06,0.69223
1.4716e-06,0.39979
1.4717e-06,0.46569
1.4718e-06,0.56866
1.4719e-06,0.54979
1.472e-06,0.64499
1.4721e-06,0.62637
1.4722e-06,0.42435
1.4723e-06,0.46872
1.4724e-06,0.37585
1.4725e-06,0.42975
1.4726e-06,0.3497
1.4727e-06,0.5831
1.4728e-06,0.52576
1.4729e-06,0.27391
1.473e-06,0.35072
1.4731e-06,0.33714
1.4732e-06,0.46549
1.4733e-06,0.19014
1.4734e-06,0.31569
1.4735e-06,0.35633
1.4736e-06,0.43392
1.4737e-06,0.37734
1.4738e-06,0.23611
1.4739e-06,0.40059
1.474e-06,0.26957
1.4741e-06,0.42662
1.4742e-06,0.21791
1.4743e-06,0.042556
1.4744e-06,0.43582
1.4745e-06,0.045783
1.4746e-06,0.10267
1.4747e-06,0.17573
1.4748e-06,0.098433
1.4749e-06,0.10045
1.475e-06,0.23918
1.4751e-06,0.20537
1.4752e-06,-0.025417
1.4753e-06,0.075559
1.4754e-06,0.091198
1.4755e-06,0.053455
1.4756e-06,0.046864
1.4757e-06,0.059977
1.4758e-06,0.070027
1.4759e-06,0.16859
1.476e-06,-0.11858
1.4761e-06,-0.11379
1.4762e-06,0.11786
1.4763e-06,-0.041629
1.4764e-06,0.12372
1.4765e-06,0.054736
1.4766e-06,0.089776
1.4767e-06,-0.17398
1.4768e-06,-0.037464
1.4769e-06,-0.13102
1.477e-06,0.028731
1.4771e-06,-0.1677
1.4772e-06,-0.059453
1.4773e-06,-0.12289
1.4774e-06,0.0082627
1.4775e-06,-0.23269
1.4776e-06,-0.17391
1.4777e-06,-0.08107
1.4778e-06,-0.078436
1.4779e-06,-0.062894
1.478e-06,0.0025134
1.4781e-06,-0.24185
1.4782e-06,-0.075839
1.4783e-06,-0.20903
1.4784e-06,-0.097286
1.4785e-06,-0.42151
1.4786e-06,-0.26457
1.4787e-06,-0.32579
1.4788e-06,-0.24845
1.4789e-06,-0.34357
1.479e-06,-0.43671
1.4791e-06,-0.22641
1.4792e-06,-0.25061
1.4793e-06,-0.38863
1.4794e-06,-0.46149
1.4795e-06,-0.46319
1.4796e-06,-0.45785
1.4797e-06,-0.45943
1.4798e-06,-0.29544
1.4799e-06,-0.33481
1.48e-06,-0.37106
1.4801e-06,-0.36013
1.4802e-06,-0.304
1.4803e-06,-0.50834
1.4804e-06,-0.50068
1.4805e-06,-0.34307
1.4806e-06,-0.41552
1.4807e-06,-0.52536
1.4808e-06,-0.52774
1.4809e-06,-0.46522
1.481e-06,-0.60772
1.4811e-06,-0.57002
1.4812e-06,-0.71005
1.4813e-06,-0.57647
1.4814e-06,-0.50745
1.4815e-06,-0.43778
1.4816e-06,-0.65194
1.4817e-06,-0.65302
1.4818e-06,-0.58547
1.4819e-06,-0.54943
1.482e-06,-0.49418
1.4821e-06,-0.65351
1.4822e-06,-0.78147
1.4823e-06,-0.49595
1.4824e-06,-0.6987
1.4825e-06,-0.63567
1.4826e-06,-0.65999
1.4827e-06,-0.57759
1.4828e-06,-0.67285
1.4829e-06,-0.70594
1.483e-06,-0.73412
1.4831e-06,-0.92562
1.4832e-06,-0.87921
1.4833e-06,-0.94114
1.4834e-06,-0.83972
1.4835e-06,-0.845
1.4836e-06,-0.74303
1.4837e-06,-0.57909
1.4838e-06,-0.77195
1.4839e-06,-0.89744
1.484e-06,-1.0049
1.4841e-06,-1.0204
1.4842e-06,-0.91945
1.4843e-06,-0.92452
1.4844e-06,-0.89527
1.4845e-06,-0.92872
1.4846e-06,-1.0564
1.4847e-06,-0.91822
1.4848e-06,-0.82852
1.4849e-06,-1.0439
1.485e-06,-1.1096
1.4851e-06,-1.0145
1.4852e-06,-1.1073
1.4853e-06,-1.0937
1.4854e-06,-1.1066
1.4855e-06,-1.0045
1.4856e-06,-1.1422
1.4857e-06,-0.8872
1.4858e-06,-1.238
1.4859e-06,-1.102
1.486e-06,-0.85631
1.4861e-06,-1.2292
1.4862e-06,-1.1529
1.4863e-06,-1.0424
1.4864e-06,-1.4622
1.4865e-06,-1.2428
1.4866e-06,-1.1924
1.4867e-06,-1.3111
1.4868e-06,-1.2072
1.4869e-06,-1.2797
1.487e-06,-1.2292
1.4871e-06,-1.1841
1.4872e-06,-1.2857
1.4873e-06,-1.3754
1.4874e-06,-1.3025
1.4875e-06,-1.3947
1.4876e-06,-1.3387
1.4877e-06,-1.5092
1.4878e-06,-1.5982
1.4879e-06,-1.4027
1.488e-06,-1.486
1.4881e-06,-1.2689
1.4882e-06,-1.3085
1.4883e-06,-1.3584
1.4884e-06,-1.3537
1.4885e-06,-1.4056
1.4886e-06,-1.3594
1.4887e-06,-1.3754
1.4888e-06,-1.3653
1.4889e-06,-1.4931
1.489e-06,-1.6467
1.4891e-06,-1.4903
1.4892e-06,-1.565
1.4893e-06,-1.6446
1.4894e-06,-1.6925
1.4895e-06,-1.511
1.4896e-06,-1.569
1.4897e-06,-1.5729
1.4898e-06,-1.8014
1.4899e-06,-1.5149
1.49e-06,-1.6242
1.4901e-06,-1.6723
1.4902e-06,-1.7034
1.4903e-06,-1.7403
1.4904e-06,-1.7685
1.4905e-06,-1.6502
1.4906e-06,-1.7841
1.4907e-06,-1.8937
1.4908e-06,-1.7399
1.4909e-06,-1.8589
1.491e-06,-1.9056
1.4911e-06,-1.739
1.4912e-06,-1.7227
1.4913e-06,-1.8118
1.4914e-06,-1.8275
1.4915e-06,-1.7855
1.4916e-06,-1.8348
1.4917e-06,-1.782
1.4918e-06,-1.9739
1.4919e-06,-1.9596
1.492e-06,-1.861
1.4921e-06,-1.8704
1.4922e-06,-2.0446
1.4923e-06,-2.0058
1.4924e-06,-1.8476
1.4925e-06,-1.881
1.4926e-06,-2.1297
1.4927e-06,-2.1424
1.4928e-06,-2.0439
1.4929e-06,-2.0206
1.493e-06,-1.9999
1.4931e-06,-2.0329
1.4932e-06,-2.1218
1.4933e-06,-2.2052
1.4934e-06,-2.089
1.4935e-06,-2.0538
1.4936e-06,-2.0508
1.4937e-06,-2.1871
1.4938e-06,-2.1869
1.4939e-06,-2.1902
1.494e-06,-2.1526
1.4941e-06,-2.0599
1.4942e-06,-2.271
1.4943e-06,-2.2747
1.4944e-06,-2.3869
1.4945e-06,-2.3722
1.4946e-06,-2.0682
1.4947e-06,-2.1766
1.4948e-06,-2.1469
1.4949e-06,-2.411
1.495e-06,-2.371
1.4951e-06,-2.4414
1.4952e-06,-2.1708
1.4953e-06,-2.1493
1.4954e-06,-2.4018
1.4955e-06,-2.3201
1.4956e-06,-2.4302
1.4957e-06,-2.3829
1.4958e-06,-2.3646
1.4959e-06,-2.4307
1.496e-06,-2.4522
1.4961e-06,-2.497
1.4962e-06,-2.478
1.4963e-06,-2.4385
1.4964e-06,-2.2974
1.4965e-06,-2.5656
1.4966e-06,-2.7214
1.4967e-06,-2.5696
1.4968e-06,-2.5043
1.4969e-06,-2.6339
1.497e-06,-2.5905
1.4971e-06,-2.5665
1.4972e-06,-2.4732
1.4973e-06,-2.7514
1.4974e-06,-2.6164
1.4975e-06,-2.7128
1.4976e-06,-2.753
1.4977e-06,-2.7226
1.4978e-06,-2.7794
1.4979e-06,-2.8668
1.498e-06,-2.9235
1.4981e-06,-2.6194
1.4982e-06,-2.746
1.4983e-06,-2.5307
1.4984e-06,-2.7007
1.4985e-06,-2.7904
1.4986e-06,-2.9285
1.4987e-06,-2.8969
1.4988e-06,-2.8203
1.4989e-06,-2.7939
1.499e-06,-2.9
1.4991e-06,-2.9362
1.4992e-06,-2.8631
1.4993e-06,-3.0322
1.4994e-06,-2.9312
1.4995e-06,-2.9903
1.4996e-06,-2.9372
1.4997e-06,-2.8277
1.4998e-06,-3.0185
1.4999e-06,-2.9354
1.5e-06,-3.0542
1.5001e-06,-2.923
1.5002e-06,-3.1455
1.5003e-06,-3.2463
1.5004e-06,-3.1574
1.5005e-06,-3.127
1.5006e-06,-3.079
1.5007e-06,-3.2757
1.5008e-06,-3.253
1.5009e-06,-3.0976
1.501e-06,-3.0705
1.5011e-06,-3.2304
1.5012e-06,-3.2066
1.5013e-06,-3.2245
1.5014e-06,-3.1542
1.5015e-06,-3.1976
1.5016e-06,-3.4015
1.5017e-06,-3.4301
1.5018e-06,-3.3696
1.5019e-06,-3.4361
1.502e-06,-3.4503
1.5021e-06,-3.3067
1.5022e-06,-3.6004
1.5023e-06,-3.6405
1.5024e-06,-3.3496
1.5025e-06,-3.463
1.5026e-06,-3.5054
1.5027e-06,-3.3136
1.5028e-06,-3.5694
1.5029e-06,-3.4367
1.503e-06,-3.5352
1.5031e-06,-3.3848
1.5032e-06,-3.6407
1.5033e-06,-3.672
1.5034e-06,-3.4709
1.5035e-06,-3.3966
1.5036e-06,-3.6146
1.5037e-06,-3.5262
1.5038e-06,-3.7458
1.5039e-06,-3.773
1.504e-06,-3.8125
1.5041e-06,-3.7653
1.5042e-06,-3.6101
1.5043e-06,-3.6651
1.5044e-06,-3.7208
1.5045e-06,-3.7418
1.5046e-06,-3.6175
1.5047e-06,-3.8152
1.5048e-06,-3.8019
1.5049e-06,-3.5269
1.505e-06,-3.6964
1.5051e-06,-3.904
1.5052e-06,-3.9083
1.5053e-06,-3.6957
1.5054e-06,-3.874
1.5055e-06,-4.0555
1.5056e-06,-3.9042
1.5057e-06,-3.9047
1.5058e-06,-3.7342
1.5059e-06,-3.8354
1.506e-06,-4.052
1.5061e-06,-4.0655
1.5062e-06,-3.866
1.5063e-06,-3.9756
1.5064e-06,-4.096
1.5065e-06,-4.0379
1.5066e-06,-4.0917
1.5067e-06,-4.0954
1.5068e-06,-4.1934
1.5069e-06,-4.2201
1.507e-06,-4.1163
1.5071e-06,-4.1057
1.5072e-06,-4.0232
1.5073e-06,-4.1119
1.5074e-06,-4.1958
1.5075e-06,-4.3208
1.5076e-06,-4.234
1.5077e-06,-4.3261
1.5078e-06,-4.34
1.5079e-06,-4.289
1.508e-06,-4.3511
1.5081e-06,-4.4119
1.5082e-06,-4.5109
1.5083e-06,-4.3166
1.5084e-06,-4.3144
1.5085e-06,-4.3398
1.5086e-06,-4.3242
1.5087e-06,-4.3524
1.5088e-06,-4.37
1.5089e-06,-4.6231
1.509e-06,-4.6658
1.5091e-06,-4.5364
1.5092e-06,-4.4362
1.5093e-06,-4.5394
1.5094e-06,-4.6354
1.5095e-06,-4.5703
1.5096e-06,-4.3638
1.5097e-06,-4.4725
1.5098e-06,-4.7322
1.5099e-06,-4.7307
1.51e-06,-4.6871
1.5101e-06,-4.61
1.5102e-06,-4.6615
1.5103e-06,-4.6739
1.5104e-06,-4.6324
1.5105e-06,-4.9247
1.5106e-06,-4.7394
1.5107e-06,-4.6666
1.5108e-06,-4.9347
1.5109e-06,-4.8757
1.511e-06,-4.8536
1.5111e-06,-4.7482
1.5112e-06,-4.8015
1.5113e-06,-5.0709
1.5114e-06,-5.0098
1.5115e-06,-4.8772
1.5116e-06,-5.0403
1.5117e-06,-5.1099
1.5118e-06,-4.8099
1.5119e-06,-5.0855
1.512e-06,-4.9944
1.5121e-06,-5.1663
1.5122e-06,-5.0986
1.5123e-06,-5.006
1.5124e-06,-5.0878
1.5125e-06,-5.076
1.5126e-06,-4.9882
1.5127e-06,-5.0906
1.5128e-06,-4.9225
1.5129e-06,-5.2487
1.513e-06,-5.1629
1.5131e-06,-4.9926
1.5132e-06,-5.2217
1.5133e-06,-4.9662
1.5134e-06,-5.1225
1.5135e-06,-5.3223
1.5136e-06,-5.2122
1.5137e-06,-5.4693
1.5138e-06,-5.4974
1.5139e-06,-5.3086
1.514e-06,-5.3562
1.5141e-06,-5.4592
1.5142e-06,-5.202
1.5143e-06,-5.3222
1.5144e-06,-5.4087
1.5145e-06,-5.5122
1.5146e-06,-5.6266
1.5147e-06,-5.5628
1.5148e-06,-5.4099
1.5149e-06,-5.5319
1.515e-06,-5.6677
1.5151e-06,-5.6954
1.5152e-06,-5.5787
1.5153e-06,-5.6471
1.5154e-06,-5.696
1.5155e-06,-5.8051
1.5156e-06,-5.6709
1.5157e-06,-5.6616
1.5158e-06,-5.6893
1.5159e-06,-5.6938
1.516e-06,-5.8896
1.5161e-06,-5.5746
1.5162e-06,-5.5994
1.5163e-06,-5.7749
1.5164e-06,-5.8878
1.5165e-06,-5.8517
1.5166e-06,-5.9104
1.5167e-06,-5.9471
1.5168e-06,-5.8698
1.5169e-06,-6.0695
1.517e-06,-5.9721
1.5171e-06,-6.1209
1.5172e-06,-6.1977
1.5173e-06,-5.7718
1.5174e-06,-5.9215
1.5175e-06,-6.0143
1.5176e-06,-6.0004
1.5177e-06,-5.8908
1.5178e-06,-5.9446
1.5179e-06,-5.859
1.518e-06,-6.2566
1.5181e-06,-6.1857
1.5182e-06,-6.1658
1.5183e-06,-6.3065
1.5184e-06,-6.1744
1.5185e-06,-6.285
1.5186e-06,-6.4043
1.5187e-06,-6.1421
1.5188e-06,-6.2115
1.5189e-06,-6.2912
1.519e-06,-6.3734
1.5191e-06,-6.3268
1.5192e-06,-6.2436
1.5193e-06,-6.5376
1.5194e-06,-6.3876
1.5195e-06,-6.3566
1.5196e-06,-6.3941
1.5197e-06,-6.4553
1.5198e-06,-6.4534
1.5199e-06,-6.4253
1.52e-06,-6.4774
1.5201e-06,-6.668
1.5202e-06,-6.3894
1.5203e-06,-6.3931
1.5204e-06,-6.6411
1.5205e-06,-6.396
1.5206e-06,-6.4686
1.5207e-06,-6.5962
1.5208e-06,-6.6674
1.5209e-06,-6.6101
1.521e-06,-6.6701
1.5211e-06,-6.6971
1.5212e-06,-6.6672
1.5213e-06,-6.7988
1.5214e-06,-6.8497
1.5215e-06,-6.7156
1.5216e-06,-6.8602
1.5217e-06,-6.8247
1.5218e-06,-6.9438
1.5219e-06,-6.65
1.522e-06,-6.8983
1.5221e-06,-6.9308
1.5222e-06,-6.8444
1.5223e-06,-6.7639
1.5224e-06,-7.0092
1.5225e-06,-6.8575
1.5226e-06,-7.0189
1.5227e-06,-7.2318
1.5228e-06,-7.1869
1.5229e-06,-7.1734
1.523e-06,-6.8505
1.5231e-06,-7.1858
1.5232e-06,-7.1814
1.5233e-06,-7.05
1.5234e-06,-7.2752
1.5235e-06,-7.1915
1.5236e-06,-6.961
1.5237e-06,-7.316
1.5238e-06,-7.1245
1.5239e-06,-7.2597
1.524e-06,-7.2782
1.5241e-06,-7.4181
1.5242e-06,-7.455
1.5243e-06,-7.4743
1.5244e-06,-7.6279
1.5245e-06,-7.4188
1.5246e-06,-7.3734
1.5247e-06,-7.3557
1.5248e-06,-7.3671
1.5249e-06,-7.4517
1.525e-06,-7.6846
1.5251e-06,-7.3321
1.5252e-06,-7.781
1.5253e-06,-7.6829
1.5254e-06,-7.691
1.5255e-06,-7.5789
1.5256e-06,-7.6514
1.5257e-06,-7.6259
1.5258e-06,-7.7522
1.5259e-06,-7.8133
1.526e-06,-7.792
1.5261e-06,-7.7525
1.5262e-06,-7.7572
1.5263e-06,-7.7623
1.5264e-06,-7.934
1.5265e-06,-7.8995
1.5266e-06,-7.8683
1.5267e-06,-8.1023
1.5268e-06,-7.9163
1.5269e-06,-7.9344
1.527e-06,-7.9278
1.5271e-06,-7.9658
1.5272e-06,-8.0198
1.5273e-06,-8.1046
1.5274e-06,-8.0751
1.5275e-06,-8.0023
1.5276e-06,-8.1778
1.5277e-06,-7.9527
1.5278e-06,-8.1049
1.5279e-06,-7.9532
1.528e-06,-8.1132
1.5281e-06,-8.3118
1.5282e-06,-8.2819
1.5283e-06,-8.0804
1.5284e-06,-8.2563
1.5285e-06,-8.2587
1.5286e-06,-8.3024
1.5287e-06,-8.4236
1.5288e-06,-8.2515
1.5289e-06,-8.2774
1.529e-06,-8.365
1.5291e-06,-8.2544
1.5292e-06,-8.4602
1.5293e-06,-8.5258
1.5294e-06,-8.4415
1.5295e-06,-8.3501
1.5296e-06,-8.3652
1.5297e-06,-8.4808
1.5298e-06,-8.5008
1.5299e-06,-8.6168
1.53e-06,-8.4545
1.5301e-06,-8.7572
1.5302e-06,-8.6264
1.5303e-06,-8.4187
1.5304e-06,-8.7648
1.5305e-06,-8.8861
1.5306e-06,-8.8289
1.5307e-06,-8.6903
1.5308e-06,-8.7937
1.5309e-06,-8.9785
1.531e-06,-8.8105
1.5311e-06,-8.8057
1.5312e-06,-8.7893
1.5313e-06,-9.033
1.5314e-06,-9.113
1.5315e-06,-8.8782
1.5316e-06,-9.0165
1.5317e-06,-9.1254
1.5318e-06,-8.9074
1.5319e-06,-9.066
1.532e-06,-9.0311
1.5321e-06,-8.9782
1.5322e-06,-9.0832
1.5323e-06,-9.0796
1.5324e-06,-9.0789
1.5325e-06,-9.2395
1.5326e-06,-9.1191
1.5327e-06,-9.0858
1.5328e-06,-9.1074
1.5329e-06,-9.1615
1.533e-06,-9.3303
1.5331e-06,-9.4298
1.5332e-06,-9.1763
1.5333e-06,-9.4056
1.5334e-06,-9.4436
1.5335e-06,-9.4407
1.5336e-06,-9.3787
1.5337e-06,-9.5032
1.5338e-06,-9.3703
1.5339e-06,-9.4585
1.534e-06,-9.3634
1.5341e-06,-9.4763
1.5342e-06,-9.5362
1.5343e-06,-9.5916
1.5344e-06,-9.6713
1.5345e-06,-9.5909
1.5346e-06,-9.7344
1.5347e-06,-9.7092
1.5348e-06,-9.6548
1.5349e-06,-9.7479
1.535e-06,-9.8707
1.5351e-06,-9.7339
1.5352e-06,-9.7739
1.5353e-06,-9.7356
1.5354e-06,-9.8629
1.5355e-06,-9.9354
1.5356e-06,-9.6752
1.5357e-06,-9.8373
1.5358e-06,-9.7626
1.5359e-06,-9.9222
1.536e-06,-9.7524
1.5361e-06,-9.8755
1.5362e-06,-9.9569
1.5363e-06,-10.024
1.5364e-06,-10.034
1.5365e-06,-9.8901
1.5366e-06,-10.159
1.5367e-06,-10.297
1.5368e-06,-10.06
1.5369e-06,-10.168
1.537e-06,-10.084
1.5371e-06,-10.072
1.5372e-06,-10.249
1.5373e-06,-10.321
1.5374e-06,-10.153
1.5375e-06,-10.399
1.5376e-06,-10.287
1.5377e-06,-10.369
1.5378e-06,-10.181
1.5379e-06,-10.407
1.538e-06,-10.427
1.5381e-06,-10.376
1.5382e-06,-10.514
1.5383e-06,-10.364
1.5384e-06,-10.493
1.5385e-06,-10.511
1.5386e-06,-10.435
1.5387e-06,-10.683
1.5388e-06,-10.49
1.5389e-06,-10.643
1.539e-06,-10.725
1.5391e-06,-10.674
1.5392e-06,-10.638
1.5393e-06,-10.512
1.5394e-06,-10.624
1.5395e-06,-10.845
1.5396e-06,-10.849
1.5397e-06,-10.611
1.5398e-06,-10.704
1.5399e-06,-10.775
1.54e-06,-10.715
1.5401e-06,-10.854
1.5402e-06,-10.877
1.5403e-06,-10.894
1.5404e-06,-10.988
1.5405e-06,-10.958
1.5406e-06,-10.851
1.5407e-06,-11.179
1.5408e-06,-10.905
1.5409e-06,-11.123
1.541e-06,-11.045
1.5411e-06,-10.917
1.5412e-06,-11.267
1.5413e-06,-10.974
1.5414e-06,-11.043
1.5415e-06,-11.112
1.5416e-06,-11.157
1.5417e-06,-11.223
1.5418e-06,-11.128
1.5419e-06,-11.045
1.542e-06,-11.218
1.5421e-06,-11.243
1.5422e-06,-11.271
1.5423e-06,-11.419
1.5424e-06,-11.353
1.5425e-06,-11.46
1.5426e-06,-11.33
1.5427e-06,-11.359
1.5428e-06,-11.409
1.5429e-06,-11.462
1.543e-06,-11.43
1.5431e-06,-11.275
1.5432e-06,-11.453
1.5433e-06,-11.557
1.5434e-06,-11.69
1.5435e-06,-11.646
1.5436e-06,-11.787
1.5437e-06,-11.551
1.5438e-06,-11.699
1.5439e-06,-11.52
1.544e-06,-11.776
1.5441e-06,-11.625
1.5442e-06,-11.644
1.5443e-06,-11.661
1.5444e-06,-11.759
1.5445e-06,-11.836
1.5446e-06,-11.605
1.5447e-06,-11.595
1.5448e-06,-11.654
1.5449e-06,-11.881
1.545e-06,-11.876
1.5451e-06,-11.753
1.5452e-06,-11.746
1.5453e-06,-11.84
1.5454e-06,-11.981
1.5455e-06,-12.174
1.5456e-06,-12.013
1.5457e-06,-12.004
1.5458e-06,-12.025
1.5459e-06,-12.201
1.546e-06,-11.911
1.5461e-06,-12.266
1.5462e-06,-11.86
1.5463e-06,-11.936
1.5464e-06,-12.053
1.5465e-06,-11.962
1.5466e-06,-12.212
1.5467e-06,-12.193
1.5468e-06,-12.07
1.5469e-06,-12.092
1.547e-06,-12.129
1.5471e-06,-12.295
1.5472e-06,-12.068
1.5473e-06,-12.298
1.5474e-06,-12.187
1.5475e-06,-12.121
1.5476e-06,-12.17
1.5477e-06,-12.205
1.5478e-06,-12.073
1.5479e-06,-12.428
1.548e-06,-12.301
1.5481e-06,-12.399
1.5482e-06,-12.236
1.5483e-06,-12.383
1.5484e-06,-12.428
1.5485e-06,-12.434
1.5486e-06,-12.618
1.5487e-06,-12.484
1.5488e-06,-12.45
1.5489e-06,-12.479
1.549e-06,-12.26
1.5491e-06,-12.494
1.5492e-06,-12.452
1.5493e-06,-12.593
1.5494e-06,-12.488
1.5495e-06,-12.47
1.5496e-06,-12.56
1.5497e-06,-12.49
1.5498e-06,-12.719
1.5499e-06,-12.57
1.55e-06,-12.557
1.5501e-06,-12.608
1.5502e-06,-12.488
1.5503e-06,-12.568
1.5504e-06,-12.709
1.5505e-06,-12.556
1.5506e-06,-12.402
1.5507e-06,-12.583
1.5508e-06,-12.823
1.5509e-06,-12.683
1.551e-06,-12.606
1.5511e-06,-12.681
1.5512e-06,-12.617
1.5513e-06,-12.853
1.5514e-06,-12.414
1.5515e-06,-12.535
1.5516e-06,-12.874
1.5517e-06,-12.716
1.5518e-06,-12.444
1.5519e-06,-12.617
1.552e-06,-12.634
1.5521e-06,-12.533
1.5522e-06,-12.668
1.5523e-06,-12.59
1.5524e-06,-12.849
1.5525e-06,-12.803
1.5526e-06,-12.674
1.5527e-06,-12.891
1.5528e-06,-12.816
1.5529e-06,-12.842
1.553e-06,-13.008
1.5531e-06,-12.84
1.5532e-06,-12.646
1.5533e-06,-12.685
1.5534e-06,-12.831
1.5535e-06,-12.612
1.5536e-06,-13.004
1.5537e-06,-12.842
1.5538e-06,-12.623
1.5539e-06,-12.768
1.554e-06,-12.832
1.5541e-06,-12.854
1.5542e-06,-12.98
1.5543e-06,-12.794
1.5544e-06,-12.764
1.5545e-06,-12.759
1.5546e-06,-12.842
1.5547e-06,-12.817
1.5548e-06,-12.649
1.5549e-06,-12.921
1.555e-06,-12.745
1.5551e-06,-12.846
1.5552e-06,-12.864
1.5553e-06,-12.955
1.5554e-06,-12.89
1.5555e-06,-12.962
1.5556e-06,-12.975
1.5557e-06,-12.946
1.5558e-06,-12.687
1.5559e-06,-12.841
1.556e-06,-12.86
1.5561e-06,-12.844
1.5562e-06,-12.786
1.5563e-06,-12.754
1.5564e-06,-12.694
1.5565e-06,-12.724
1.5566e-06,-12.61
1.5567e-06,-12.728
1.5568e-06,-12.909
1.5569e-06,-12.856
1.557e-06,-12.796
1.5571e-06,-12.722
1.5572e-06,-12.854
1.5573e-06,-12.591
1.5574e-06,-12.806
1.5575e-06,-12.712
1.5576e-06,-12.816
1.5577e-06,-12.727
1.5578e-06,-12.765
1.5579e-06,-12.746
1.558e-06,-12.66
1.5581e-06,-12.749
1.5582e-06,-12.837
1.5583e-06,-12.669
1.5584e-06,-12.738
1.5585e-06,-12.636
1.5586e-06,-12.77
1.5587e-06,-12.853
1.5588e-06,-12.67
1.5589e-06,-12.62
1.559e-06,-12.623
1.5591e-06,-12.521
1.5592e-06,-12.719
1.5593e-06,-12.724
1.5594e-06,-12.599
1.5595e-06,-12.653
1.5596e-06,-12.607
1.5597e-06,-12.524
1.5598e-06,-12.51
1.5599e-06,-12.468
1.56e-06,-12.461
1.5601e-06,-12.571
1.5602e-06,-12.581
1.5603e-06,-12.479
1.5604e-06,-12.567
1.5605e-06,-12.362
1.5606e-06,-12.518
1.5607e-06,-12.598
1.5608e-06,-12.423
1.5609e-06,-12.493
1.561e-06,-12.556
1.5611e-06,-12.407
1.5612e-06,-12.389
1.5613e-06,-12.455
1.5614e-06,-12.359
1.5615e-06,-12.42
1.5616e-06,-12.34
1.5617e-06,-12.217
1.5618e-06,-12.465
1.5619e-06,-12.251
1.562e-06,-12.542
1.5621e-06,-12.203
1.5622e-06,-12.137
1.5623e-06,-12.303
1.5624e-06,-12.346
1.5625e-06,-12.193
1.5626e-06,-12.325
1.5627e-06,-12.237
1.5628e-06,-12.19
1.5629e-06,-12.327
1.563e-06,-12.256
1.5631e-06,-12.15
1.5632e-06,-12.214
1.5633e-06,-12.21
1.5634e-06,-12.018
1.5635e-06,-12.192
1.5636e-06,-12.007
1.5637e-06,-12.054
1.5638e-06,-12.055
1.5639e-06,-12.059
1.564e-06,-11.98
1.5641e-06,-11.954
1.5642e-06,-12.013
1.5643e-06,-12.154
1.5644e-06,-11.951
1.5645e-06,-12.113
1.5646e-06,-11.928
1.5647e-06,-12.089
1.5648e-06,-11.981
1.5649e-06,-12.014
1.565e-06,-11.823
1.5651e-06,-11.832
1.5652e-06,-11.834
1.5653e-06,-11.883
1.5654e-06,-11.909
1.5655e-06,-11.771
1.5656e-06,-11.781
1.5657e-06,-11.83
1.5658e-06,-11.885
1.5659e-06,-11.903
1.566e-06,-11.704
1.5661e-06,-11.695
1.5662e-06,-11.812
1.5663e-06,-11.786
1.5664e-06,-11.686
1.5665e-06,-11.791
1.5666e-06,-11.65
1.5667e-06,-11.349
1.5668e-06,-11.544
1.5669e-06,-11.617
1.567e-06,-11.722
1.5671e-06,-11.483
1.5672e-06,-11.593
1.5673e-06,-11.768
1.5674e-06,-11.435
1.5675e-06,-11.516
1.5676e-06,-11.413
1.5677e-06,-11.636
1.5678e-06,-11.417
1.5679e-06,-11.449
1.568e-06,-11.296
1.5681e-06,-11.47
1.5682e-06,-11.325
1.5683e-06,-11.572
1.5684e-06,-11.298
1.5685e-06,-11.399
1.5686e-06,-11.412
1.5687e-06,-11.399
1.5688e-06,-11.17
1.5689e-06,-11.305
1.569e-06,-11.256
1.5691e-06,-11.333
1.5692e-06,-11.061
1.5693e-06,-11.064
1.5694e-06,-11.294
1.5695e-06,-11.218
1.5696e-06,-10.982
1.5697e-06,-11.119
1.5698e-06,-10.974
1.5699e-06,-11.071
1.57e-06,-10.809
1.5701e-06,-11.142
1.5702e-06,-10.799
1.5703e-06,-10.987
1.5704e-06,-10.898
1.5705e-06,-10.996
1.5706e-06,-10.903
1.5707e-06,-10.833
1.5708e-06,-11.019
1.5709e-06,-10.872
1.571e-06,-10.786
1.5711e-06,-11.066
1.5712e-06,-10.841
1.5713e-06,-10.823
1.5714e-06,-10.859
1.5715e-06,-10.93
1.5716e-06,-10.879
1.5717e-06,-10.729
1.5718e-06,-10.58
1.5719e-06,-10.807
1.572e-06,-10.599
1.5721e-06,-10.807
1.5722e-06,-10.683
1.5723e-06,-10.34
1.5724e-06,-10.487
1.5725e-06,-10.543
1.5726e-06,-10.437
1.5727e-06,-10.492
1.5728e-06,-10.721
1.5729e-06,-10.49
1.573e-06,-10.451
1.5731e-06,-10.575
1.5732e-06,-10.314
1.5733e-06,-10.493
1.5734e-06,-10.578
1.5735e-06,-10.462
1.5736e-06,-10.34
1.5737e-06,-10.312
1.5738e-06,-10.238
1.5739e-06,-10.462
1.574e-06,-10.175
1.5741e-06,-10.222
1.5742e-06,-10.418
1.5743e-06,-10.222
1.5744e-06,-10.325
1.5745e-06,-10.234
1.5746e-06,-10.216
1.5747e-06,-10.283
1.5748e-06,-10.258
1.5749e-06,-10.025
1.575e-06,-10.243
1.5751e-06,-10.261
1.5752e-06,-10.061
1.5753e-06,-10.057
1.5754e-06,-10.015
1.5755e-06,-9.9949
1.5756e-06,-9.873
1.5757e-06,-10.076
1.5758e-06,-9.9711
1.5759e-06,-9.641
1.576e-06,-9.7437
1.5761e-06,-10.098
1.5762e-06,-9.7057
1.5763e-06,-9.7684
1.5764e-06,-9.676
1.5765e-06,-9.881
1.5766e-06,-9.7854
1.5767e-06,-9.8814
1.5768e-06,-9.7753
1.5769e-06,-9.7372
1.577e-06,-9.7035
1.5771e-06,-9.6692
1.5772e-06,-9.6421
1.5773e-06,-9.6317
1.5774e-06,-9.8761
1.5775e-06,-9.6409
1.5776e-06,-9.6456
1.5777e-06,-9.6012
1.5778e-06,-9.3816
1.5779e-06,-9.4938
1.578e-06,-9.5021
1.5781e-06,-9.5409
1.5782e-06,-9.5667
1.5783e-06,-9.2315
1.5784e-06,-9.5244
1.5785e-06,-9.4603
1.5786e-06,-9.446
1.5787e-06,-9.4122
1.5788e-06,-9.2668
1.5789e-06,-9.2027
1.579e-06,-9.2388
1.5791e-06,-9.048
1.5792e-06,-9.419
1.5793e-06,-9.1825
1.5794e-06,-9.2084
1.5795e-06,-9.1062
1.5796e-06,-9.1081
1.5797e-06,-9.0943
1.5798e-06,-9.2812
1.5799e-06,-9.1174
1.58e-06,-9.1888
1.5801e-06,-8.8851
1.5802e-06,-9.0957
1.5803e-06,-9.1419
1.5804e-06,-8.8182
1.5805e-06,-9.0742
1.5806e-06,-9.3218
1.5807e-06,-8.9626
1.5808e-06,-9.0485
1.5809e-06,-8.8547
1.581e-06,-9.0361
1.5811e-06,-8.807
1.5812e-06,-9.0929
1.5813e-06,-8.9419
1.5814e-06,-8.9938
1.5815e-06,-8.8143
1.5816e-06,-8.5922
1.5817e-06,-8.9687
1.5818e-06,-8.7535
1.5819e-06,-8.9539
1.582e-06,-8.6321
1.5821e-06,-8.742
1.5822e-06,-8.6005
1.5823e-06,-8.8499
1.5824e-06,-8.7147
1.5825e-06,-8.682
1.5826e-06,-8.7394
1.5827e-06,-8.6207
1.5828e-06,-8.3984
1.5829e-06,-8.448
1.583e-06,-8.4931
1.5831e-06,-8.3734
1.5832e-06,-8.3572
1.5833e-06,-8.4872
1.5834e-06,-8.6839
1.5835e-06,-8.4129
1.5836e-06,-8.3316
1.5837e-06,-8.4313
1.5838e-06,-8.4037
1.5839e-06,-8.2924
1.584e-06,-8.5362
1.5841e-06,-8.468
1.5842e-06,-8.1877
1.5843e-06,-8.2299
1.5844e-06,-8.3518
1.5845e-06,-8.1571
1.5846e-06,-8.428
1.5847e-06,-8.2375
1.5848e-06,-8.2282
1.5849e-06,-8.2242
1.585e-06,-8.2679
1.5851e-06,-8.1904
1.5852e-06,-8.2075
1.5853e-06,-8.138
1.5854e-06,-8.0598
1.5855e-06,-8.1026
1.5856e-06,-8.1649
1.5857e-06,-8.0883
1.5858e-06,-7.9589
1.5859e-06,-8.0006
1.586e-06,-7.9794
1.5861e-06,-8.106
1.5862e-06,-7.965
1.5863e-06,-8.0615
1.5864e-06,-7.866
1.5865e-06,-8.1364
1.5866e-06,-7.8782
1.5867e-06,-7.894
1.5868e-06,-8.0022
1.5869e-06,-7.8428
1.587e-06,-7.7584
1.5871e-06,-7.9091
1.5872e-06,-7.7156
1.5873e-06,-7.7051
1.5874e-06,-7.7514
1.5875e-06,-7.9954
1.5876e-06,-7.8931
1.5877e-06,-7.7488
1.5878e-06,-7.7187
1.5879e-06,-7.7772
1.588e-06,-7.6073
1.5881e-06,-7.4952
1.5882e-06,-7.7105
1.5883e-06,-7.6917
1.5884e-06,-7.48
1.5885e-06,-7.5795
1.5886e-06,-7.6676
1.5887e-06,-7.5522
1.5888e-06,-7.5529
1.5889e-06,-7.4902
1.589e-06,-7.5862
1.5891e-06,-7.5526
1.5892e-06,-7.5471
1.5893e-06,-7.3556
1.5894e-06,-7.3027
1.5895e-06,-7.446
1.5896e-06,-7.6228
1.5897e-06,-7.3422
1.5898e-06,-7.0851
1.5899e-06,-7.2214
1.59e-06,-7.1704
1.5901e-06,-7.4005
1.5902e-06,-7.0948
1.5903e-06,-7.1215
1.5904e-06,-7.1207
1.5905e-06,-7.2482
1.5906e-06,-7.2855
1.5907e-06,-7.0355
1.5908e-06,-7.2173
1.5909e-06,-7.0704
1.591e-06,-7.2109
1.5911e-06,-7.0412
1.5912e-06,-7.3
1.5913e-06,-7.0137
1.5914e-06,-7.2017
1.5915e-06,-7.0124
1.5916e-06,-7.1016
1.5917e-06,-7.1337
1.5918e-06,-6.8514
1.5919e-06,-6.8702
1.592e-06,-6.7661
1.5921e-06,-6.9353
1.5922e-06,-7.0205
1.5923e-06,-6.9872
1.5924e-06,-6.8887
1.5925e-06,-6.904
1.5926e-06,-6.9047
1.5927e-06,-6.8075
1.5928e-06,-6.6856
1.5929e-06,-7.0151
1.593e-06,-6.9706
1.5931e-06,-6.7899
1.5932e-06,-6.7732
1.5933e-06,-6.4777
1.5934e-06,-6.8368
1.5935e-06,-6.6049
1.5936e-06,-6.8663
1.5937e-06,-6.6744
1.5938e-06,-6.6224
1.5939e-06,-6.8178
1.594e-06,-6.6742
1.5941e-06,-6.4742
1.5942e-06,-6.7116
1.5943e-06,-6.5186
1.5944e-06,-6.6947
1.5945e-06,-6.6987
1.5946e-06,-6.6397
1.5947e-06,-6.5727
1.5948e-06,-6.443
1.5949e-06,-6.398
1.595e-06,-6.5934
1.5951e-06,-6.6364
1.5952e-06,-6.5713
1.5953e-06,-6.2695
1.5954e-06,-6.3585
1.5955e-06,-6.4972
1.5956e-06,-6.3891
1.5957e-06,-6.3487
1.5958e-06,-6.4892
1.5959e-06,-6.3069
1.596e-06,-6.3742
1.5961e-06,-6.1705
1.5962e-06,-6.3061
1.5963e-06,-6.1536
1.5964e-06,-6.2793
1.5965e-06,-6.2964
1.5966e-06,-6.1985
1.5967e-06,-6.2801
1.5968e-06,-6.2148
1.5969e-06,-6.2855
1.597e-06,-6.0332
1.5971e-06,-6.0704
1.5972e-06,-6.2759
1.5973e-06,-6.1939
1.5974e-06,-6.0558
1.5975e-06,-5.9831
1.5976e-06,-6.1345
1.5977e-06,-5.9685
1.5978e-06,-5.926
1.5979e-06,-6.2463
1.598e-06,-6.2429
1.5981e-06,-5.9477
1.5982e-06,-6.0117
1.5983e-06,-5.9371
1.5984e-06,-5.9547
1.5985e-06,-5.9362
1.5986e-06,-6.1716
1.5987e-06,-5.7664
1.5988e-06,-5.91
1.5989e-06,-6.049
1.599e-06,-5.78
1.5991e-06,-5.9197
1.5992e-06,-5.86
1.5993e-06,-5.7684
1.5994e-06,-5.8725
1.5995e-06,-5.7075
1.5996e-06,-5.7346
1.5997e-06,-5.6606
1.5998e-06,-5.7759
1.5999e-06,-5.8222
1.6e-06,-5.785
1.6001e-06,-5.701
1.6002e-06,-6.0145
1.6003e-06,-5.9608
1.6004e-06,-5.7304
1.6005e-06,-5.7097
1.6006e-06,-5.7746
1.6007e-06,-5.5472
1.6008e-06,-5.762
1.6009e-06,-5.7332
1.601e-06,-5.7328
1.6011e-06,-5.888
1.6012e-06,-5.4598
1.6013e-06,-5.5311
1.6014e-06,-5.3839
1.6015e-06,-5.533
1.6016e-06,-5.3929
1.6017e-06,-5.7001
1.6018e-06,-5.3186
1.6019e-06,-5.4339
1.602e-06,-5.4889
1.6021e-06,-5.5583
1.6022e-06,-5.4099
1.6023e-06,-5.4005
1.6024e-06,-5.5805
1.6025e-06,-5.431
1.6026e-06,-5.5683
1.6027e-06,-5.3683
1.6028e-06,-5.5496
1.6029e-06,-5.319
1.603e-06,-5.4825
1.6031e-06,-5.5439
1.6032e-06,-5.3675
1.6033e-06,-5.3401
1.6034e-06,-5.297
1.6035e-06,-5.2588
1.6036e-06,-5.1801
1.6037e-06,-5.1949
1.6038e-06,-5.365
1.6039e-06,-5.5186
1.604e-06,-5.3416
1.6041e-06,-5.2852
1.6042e-06,-4.9374
1.6043e-06,-5.1296
1.6044e-06,-5.2413
1.6045e-06,-5.1501
1.6046e-06,-5.1987
1.6047e-06,-5.1806
1.6048e-06,-5.0907
1.6049e-06,-4.9919
1.605e-06,-4.7567
1.6051e-06,-5.0415
1.6052e-06,-4.9039
1.6053e-06,-4.915
1.6054e-06,-5.0814
1.6055e-06,-4.974
1.6056e-06,-4.8867
1.6057e-06,-4.9588
1.6058e-06,-4.9961
1.6059e-06,-4.8657
1.606e-06,-5.1649
1.6061e-06,-4.9896
1.6062e-06,-4.956
1.6063e-06,-4.9427
1.6064e-06,-4.9128
1.6065e-06,-4.9284
1.6066e-06,-4.8322
1.6067e-06,-4.6207
1.6068e-06,-4.7854
1.6069e-06,-4.7871
1.607e-06,-4.8984
1.6071e-06,-4.8665
1.6072e-06,-4.8575
1.6073e-06,-4.6922
1.6074e-06,-4.7585
1.6075e-06,-4.7163
1.6076e-06,-4.7473
1.6077e-06,-4.6947
1.6078e-06,-4.781
1.6079e-06,-4.6964
1.608e-06,-4.7795
1.6081e-06,-4.6749
1.6082e-06,-4.9996
1.6083e-06,-4.7398
1.6084e-06,-4.7369
1.6085e-06,-4.4717
1.6086e-06,-4.7082
1.6087e-06,-4.5625
1.6088e-06,-4.7446
1.6089e-06,-4.7124
1.609e-06,-4.623
1.6091e-06,-4.4451
1.6092e-06,-4.6798
1.6093e-06,-4.5954
1.6094e-06,-4.5203
1.6095e-06,-4.4469
1.6096e-06,-4.5763
1.6097e-06,-4.4113
1.6098e-06,-4.5224
1.6099e-06,-4.4585
1.61e-06,-4.5584
1.6101e-06,-4.4303
1.6102e-06,-4.1658
1.6103e-06,-4.2469
1.6104e-06,-4.7107
1.6105e-06,-4.4348
1.6106e-06,-4.3319
1.6107e-06,-4.4677
1.6108e-06,-4.39
1.6109e-06,-4.3509
1.611e-06,-4.3806
1.6111e-06,-4.493
1.6112e-06,-4.309
1.6113e-06,-4.2346
1.6114e-06,-4.3188
1.6115e-06,-4.4829
1.6116e-06,-4.3826
1.6117e-06,-4.2903
1.6118e-06,-4.3578
1.6119e-06,-4.2383
1.612e-06,-4.1489
1.6121e-06,-4.3332
1.6122e-06,-4.1819
1.6123e-06,-4.2831
1.6124e-06,-4.0441
1.6125e-06,-4.1484
1.6126e-06,-4.0401
1.6127e-06,-4.0256
1.6128e-06,-4.128
1.6129e-06,-4.422
1.613e-06,-4.1103
1.6131e-06,-3.9858
1.6132e-06,-4.2322
1.6133e-06,-4.0109
1.6134e-06,-4.0623
1.6135e-06,-4.0789
1.6136e-06,-4.1666
1.6137e-06,-4.0167
1.6138e-06,-4.0105
1.6139e-06,-4.0143
1.614e-06,-4.1707
1.6141e-06,-3.8431
1.6142e-06,-3.9457
1.6143e-06,-4.03
1.6144e-06,-4.0407
1.6145e-06,-3.8748
1.6146e-06,-3.9742
1.6147e-06,-3.8979
1.6148e-06,-3.6736
1.6149e-06,-4.103
1.615e-06,-3.8641
1.6151e-06,-3.8219
1.6152e-06,-3.6892
1.6153e-06,-3.9167
1.6154e-06,-3.6611
1.6155e-06,-3.699
1.6156e-06,-3.6724
1.6157e-06,-3.884
1.6158e-06,-3.794
1.6159e-06,-3.85
1.616e-06,-3.8449
1.6161e-06,-3.7583
1.6162e-06,-3.7265
1.6163e-06,-3.7052
1.6164e-06,-3.6973
1.6165e-06,-3.7222
1.6166e-06,-3.6199
1.6167e-06,-3.6687
1.6168e-06,-3.7774
1.6169e-06,-3.6948
1.617e-06,-3.3931
1.6171e-06,-3.7498
1.6172e-06,-3.6175
1.6173e-06,-3.5397
1.6174e-06,-3.6667
1.6175e-06,-3.7624
1.6176e-06,-3.609
1.6177e-06,-3.7492
1.6178e-06,-3.7708
1.6179e-06,-3.5842
1.618e-06,-3.3993
1.6181e-06,-3.5981
1.6182e-06,-3.472
1.6183e-06,-3.4128
1.6184e-06,-3.6282
1.6185e-06,-3.4227
1.6186e-06,-3.7166
1.6187e-06,-3.499
1.6188e-06,-3.3556
1.6189e-06,-3.5641
1.619e-06,-3.1874
1.6191e-06,-3.4527
1.6192e-06,-3.3462
1.6193e-06,-3.5029
1.6194e-06,-3.3285
1.6195e-06,-3.5228
1.6196e-06,-3.324
1.6197e-06,-3.5508
1.6198e-06,-3.5466
1.6199e-06,-3.4805
1.62e-06,-3.3931
1.6201e-06,-3.6272
1.6202e-06,-3.3066
1.6203e-06,-3.6385
1.6204e-06,-3.1684
1.6205e-06,-3.491
1.6206e-06,-3.4101
1.6207e-06,-3.3733
1.6208e-06,-3.3274
1.6209e-06,-3.1323
1.621e-06,-3.291
1.6211e-06,-3.2504
1.6212e-06,-3.26
1.6213e-06,-3.2925
1.6214e-06,-3.0079
1.6215e-06,-3.1585
1.6216e-06,-3.3582
1.6217e-06,-3.3607
1.6218e-06,-3.0356
1.6219e-06,-3.1103
1.622e-06,-3.184
1.6221e-06,-3.0077
1.6222e-06,-3.0535
1.6223e-06,-3.3672
1.6224e-06,-3.007
1.6225e-06,-2.922
1.6226e-06,-3.1036
1.6227e-06,-3.2139
1.6228e-06,-3.1531
1.6229e-06,-3.2179
1.623e-06,-3.2194
1.6231e-06,-2.9935
1.6232e-06,-2.9694
1.6233e-06,-3.143
1.6234e-06,-2.8924
1.6235e-06,-2.9074
1.6236e-06,-2.8777
1.6237e-06,-3.0126
1.6238e-06,-3.2214
1.6239e-06,-2.7789
1.624e-06,-3.0891
1.6241e-06,-2.9718
1.6242e-06,-3.0119
1.6243e-06,-2.9764
1.6244e-06,-2.8947
1.6245e-06,-2.8518
1.6246e-06,-2.8746
1.6247e-06,-2.8539
1.6248e-06,-2.8507
1.6249e-06,-2.9347
1.625e-06,-2.9632
1.6251e-06,-2.8951
1.6252e-06,-3.0711
1.6253e-06,-2.7305
1.6254e-06,-2.635
1.6255e-06,-2.926
1.6256e-06,-2.9191
1.6257e-06,-2.624
1.6258e-06,-2.7085
1.6259e-06,-2.8103
1.626e-06,-2.6568
1.6261e-06,-2.8503
1.6262e-06,-2.8137
1.6263e-06,-2.6329
1.6264e-06,-2.6825
1.6265e-06,-2.619
1.6266e-06,-2.5896
1.6267e-06,-2.6642
1.6268e-06,-2.5097
1.6269e-06,-2.8586
1.627e-06,-2.5447
1.6271e-06,-2.6956
1.6272e-06,-2.6016
1.6273e-06,-2.5059
1.6274e-06,-2.6978
1.6275e-06,-2.5689
1.6276e-06,-2.4449
1.6277e-06,-2.5967
1.6278e-06,-2.8072
1.6279e-06,-2.437
1.628e-06,-2.6819
1.6281e-06,-2.5008
1.6282e-06,-2.1237
1.6283e-06,-2.5519
1.6284e-06,-2.5635
1.6285e-06,-2.744
1.6286e-06,-2.7497
1.6287e-06,-2.4394
1.6288e-06,-2.5552
1.6289e-06,-2.4771
1.629e-06,-2.7304
1.6291e-06,-2.4758
1.6292e-06,-2.6154
1.6293e-06,-2.3409
1.6294e-06,-2.4709
1.6295e-06,-2.3755
1.6296e-06,-2.4184
1.6297e-06,-2.7088
1.6298e-06,-2.4164
1.6299e-06,-2.6594
1.63e-06,-2.3721
1.6301e-06,-2.3169
1.6302e-06,-2.2668
1.6303e-06,-2.267
1.6304e-06,-2.5959
1.6305e-06,-2.3745
1.6306e-06,-2.579
1.6307e-06,-2.2717
1.6308e-06,-2.5008
1.6309e-06,-2.4339
1.631e-06,-2.3485
1.6311e-06,-2.0735
1.6312e-06,-2.2701
1.6313e-06,-2.147
1.6314e-06,-2.3102
1.6315e-06,-2.2732
1.6316e-06,-2.3474
1.6317e-06,-2.3304
1.6318e-06,-2.3116
1.6319e-06,-2.1501
1.632e-06,-2.3883
1.6321e-06,-2.1767
1.6322e-06,-2.195
1.6323e-06,-2.116
1.6324e-06,-2.2542
1.6325e-06,-2.2905
1.6326e-06,-2.2427
1.6327e-06,-2.0155
1.6328e-06,-2.1285
1.6329e-06,-2.1276
1.633e-06,-2.1146
1.6331e-06,-2.3071
1.6332e-06,-2.1433
1.6333e-06,-2.1793
1.6334e-06,-2.1057
1.6335e-06,-2.0301
1.6336e-06,-2.153
1.6337e-06,-1.9657
1.6338e-06,-1.8069
1.6339e-06,-2.1597
1.634e-06,-2.1755
1.6341e-06,-2.0531
1.6342e-06,-1.9637
1.6343e-06,-1.9709
1.6344e-06,-1.9097
1.6345e-06,-1.8585
1.6346e-06,-1.808
1.6347e-06,-1.8885
1.6348e-06,-1.8408
1.6349e-06,-2.1812
1.635e-06,-1.9166
1.6351e-06,-2.055
1.6352e-06,-1.9746
1.6353e-06,-2.0742
1.6354e-06,-1.8738
1.6355e-06,-1.966
1.6356e-06,-1.7646
1.6357e-06,-2.1547
1.6358e-06,-1.9453
1.6359e-06,-1.8765
1.636e-06,-1.931
1.6361e-06,-2.1333
1.6362e-06,-1.869
1.6363e-06,-1.9731
1.6364e-06,-1.898
1.6365e-06,-1.8171
1.6366e-06,-1.7579
1.6367e-06,-1.9372
1.6368e-06,-1.7981
1.6369e-06,-1.733
1.637e-06,-1.9974
1.6371e-06,-1.7974
1.6372e-06,-1.7232
1.6373e-06,-1.9755
1.6374e-06,-1.74
1.6375e-06,-1.9723
1.6376e-06,-1.6849
1.6377e-06,-1.8457
1.6378e-06,-1.6137
1.6379e-06,-1.6237
1.638e-06,-1.5877
1.6381e-06,-1.8119
1.6382e-06,-1.8924
1.6383e-06,-1.4506
1.6384e-06,-1.7147
1.6385e-06,-1.4469
1.6386e-06,-1.477
1.6387e-06,-1.7149
1.6388e-06,-1.5983
1.6389e-06,-1.4556
1.639e-06,-1.3998
1.6391e-06,-1.5255
1.6392e-06,-1.557
1.6393e-06,-1.5904
1.6394e-06,-1.5179
1.6395e-06,-1.496
1.6396e-06,-1.5199
1.6397e-06,-1.5252
1.6398e-06,-1.5475
1.6399e-06,-1.5311
1.64e-06,-1.4283
1.6401e-06,-1.6037
1.6402e-06,-1.3502
1.6403e-06,-1.3148
1.6404e-06,-1.5304
1.6405e-06,-1.3413
1.6406e-06,-1.7478
1.6407e-06,-1.5512
1.6408e-06,-1.5526
1.6409e-06,-1.4934
1.641e-06,-1.2164
1.6411e-06,-1.4917
1.6412e-06,-1.327
1.6413e-06,-1.4536
1.6414e-06,-1.5401
1.6415e-06,-1.4402
1.6416e-06,-1.3934
1.6417e-06,-1.3741
1.6418e-06,-1.2691
1.6419e-06,-1.2395
1.642e-06,-1.5282
1.6421e-06,-1.6603
1.6422e-06,-1.3143
1.6423e-06,-1.4492
1.6424e-06,-1.3276
1.6425e-06,-1.118
1.6426e-06,-1.2997
1.6427e-06,-1.2801
1.6428e-06,-1.3523
1.6429e-06,-1.3118
1.643e-06,-1.2837
1.6431e-06,-1.5321
1.6432e-06,-1.3223
1.6433e-06,-1.3554
1.6434e-06,-1.5208
1.6435e-06,-1.2723
1.6436e-06,-1.3378
1.6437e-06,-1.2544
1.6438e-06,-1.3269
1.6439e-06,-1.3184
1.644e-06,-0.89952
1.6441e-06,-1.3292
1.6442e-06,-1.1762
1.6443e-06,-1.2728
1.6444e-06,-1.2436
1.6445e-06,-1.2375
1.6446e-06,-1.1099
1.6447e-06,-1.2221
1.6448e-06,-1.2167
1.6449e-06,-1.429
1.645e-06,-1.0779
1.6451e-06,-1.0831
1.6452e-06,-1.2862
1.6453e-06,-0.88729
1.6454e-06,-1.0951
1.6455e-06,-0.99913
1.6456e-06,-1.0647
1.6457e-06,-1.2033
1.6458e-06,-1.0379
1.6459e-06,-1.228
1.646e-06,-1.179
1.6461e-06,-1.415
1.6462e-06,-1.0688
1.6463e-06,-1.3421
1.6464e-06,-1.1777
1.6465e-06,-1.0616
1.6466e-06,-1.0351
1.6467e-06,-1.1173
1.6468e-06,-1.0205
1.6469e-06,-1.0289
1.647e-06,-0.98303
1.6471e-06,-1.0173
1.6472e-06,-1.1715
1.6473e-06,-0.70741
1.6474e-06,-1.045
1.6475e-06,-0.78839
1.6476e-06,-0.79756
1.6477e-06,-0.867
1.6478e-06,-0.47605
1.6479e-06,-1.0298
1.648e-06,-1.1428
1.6481e-06,-0.93104
1.6482e-06,-0.87622
1.6483e-06,-1.044
1.6484e-06,-0.72349
1.6485e-06,-1.014
1.6486e-06,-1.0306
1.6487e-06,-0.92578
1.6488e-06,-1.0208
1.6489e-06,-0.81848
1.649e-06,-0.80501
1.6491e-06,-0.8507
1.6492e-06,-0.81791
1.6493e-06,-0.69705
1.6494e-06,-0.60107
1.6495e-06,-0.53441
1.6496e-06,-0.86565
1.6497e-06,-0.84435
1.6498e-06,-0.97383
1.6499e-06,-0.63849
1.65e-06,-0.75215
