1.35e-06,8.703
1.3501e-06,8.7322
1.3502e-06,8.6748
1.3503e-06,8.5932
1.3504e-06,8.5665
1.3505e-06,8.5684
1.3506e-06,8.5508
1.3507e-06,8.6063
1.3508e-06,8.7008
1.3509e-06,8.5083
1.351e-06,8.7007
1.3511e-06,8.601
1.3512e-06,8.6244
1.3513e-06,8.6326
1.3514e-06,8.6771
1.3515e-06,8.6184
1.3516e-06,8.535
1.3517e-06,8.553
1.3518e-06,8.5714
1.3519e-06,8.6384
1.352e-06,8.5924
1.3521e-06,8.6131
1.3522e-06,8.6725
1.3523e-06,8.647
1.3524e-06,8.5209
1.3525e-06,8.504
1.3526e-06,8.4641
1.3527e-06,8.4781
1.3528e-06,8.4643
1.3529e-06,8.5054
1.353e-06,8.5691
1.3531e-06,8.5013
1.3532e-06,8.4176
1.3533e-06,8.56
1.3534e-06,8.4195
1.3535e-06,8.5778
1.3536e-06,8.6585
1.3537e-06,8.3685
1.3538e-06,8.4981
1.3539e-06,8.4379
1.354e-06,8.5398
1.3541e-06,8.5213
1.3542e-06,8.3811
1.3543e-06,8.3709
1.3544e-06,8.4417
1.3545e-06,8.4149
1.3546e-06,8.4055
1.3547e-06,8.4284
1.3548e-06,8.3982
1.3549e-06,8.3352
1.355e-06,8.4315
1.3551e-06,8.3994
1.3552e-06,8.4126
1.3553e-06,8.3949
1.3554e-06,8.3774
1.3555e-06,8.4215
1.3556e-06,8.4543
1.3557e-06,8.354
1.3558e-06,8.3688
1.3559e-06,8.3517
1.356e-06,8.3142
1.3561e-06,8.4165
1.3562e-06,8.4942
1.3563e-06,8.5797
1.3564e-06,8.314
1.3565e-06,8.4781
1.3566e-06,8.4027
1.3567e-06,8.3408
1.3568e-06,8.425
1.3569e-06,8.2725
1.357e-06,8.3368
1.3571e-06,8.3951
1.3572e-06,8.2268
1.3573e-06,8.2457
1.3574e-06,8.2941
1.3575e-06,8.2688
1.3576e-06,8.2078
1.3577e-06,8.2955
1.3578e-06,8.2197
1.3579e-06,8.3666
1.358e-06,8.3796
1.3581e-06,8.209
1.3582e-06,8.309
1.3583e-06,8.3832
1.3584e-06,8.1031
1.3585e-06,8.3108
1.3586e-06,8.2614
1.3587e-06,8.2435
1.3588e-06,8.3353
1.3589e-06,8.3511
1.359e-06,8.1858
1.3591e-06,8.2899
1.3592e-06,8.2971
1.3593e-06,8.2165
1.3594e-06,8.3504
1.3595e-06,8.1734
1.3596e-06,8.1211
1.3597e-06,8.1395
1.3598e-06,8.0721
1.3599e-06,8.3586
1.36e-06,8.2255
1.3601e-06,8.1722
1.3602e-06,8.1465
1.3603e-06,8.0913
1.3604e-06,8.1575
1.3605e-06,8.1544
1.3606e-06,8.1459
1.3607e-06,8.2218
1.3608e-06,8.1398
1.3609e-06,8.1762
1.361e-06,8.1038
1.3611e-06,8.1282
1.3612e-06,8.0536
1.3613e-06,8.1103
1.3614e-06,8.2109
1.3615e-06,8.1242
1.3616e-06,8.0169
1.3617e-06,8.0741
1.3618e-06,7.9338
1.3619e-06,8.0584
1.362e-06,8.0772
1.3621e-06,8.1655
1.3622e-06,8.0413
1.3623e-06,7.9746
1.3624e-06,7.9776
1.3625e-06,8.0285
1.3626e-06,8.0127
1.3627e-06,8.1727
1.3628e-06,8.1438
1.3629e-06,8.1167
1.363e-06,8.0999
1.3631e-06,8.1068
1.3632e-06,8.2019
1.3633e-06,8.1057
1.3634e-06,8.1629
1.3635e-06,8.1798
1.3636e-06,8.0877
1.3637e-06,8.1298
1.3638e-06,8.0366
1.3639e-06,8.115
1.364e-06,8.0085
1.3641e-06,7.9962
1.3642e-06,8.1851
1.3643e-06,8.069
1.3644e-06,7.9337
1.3645e-06,7.8465
1.3646e-06,7.9691
1.3647e-06,7.9863
1.3648e-06,7.9342
1.3649e-06,8.0503
1.365e-06,7.9596
1.3651e-06,7.9073
1.3652e-06,8.0484
1.3653e-06,7.9031
1.3654e-06,7.9799
1.3655e-06,8.114
1.3656e-06,7.856
1.3657e-06,7.9355
1.3658e-06,7.8196
1.3659e-06,7.8907
1.366e-06,8.0661
1.3661e-06,8.0264
1.3662e-06,7.9839
1.3663e-06,7.9223
1.3664e-06,8.028
1.3665e-06,7.9749
1.3666e-06,7.8897
1.3667e-06,7.8981
1.3668e-06,7.8675
1.3669e-06,8.0155
1.367e-06,7.8363
1.3671e-06,7.8374
1.3672e-06,7.9663
1.3673e-06,7.76
1.3674e-06,7.9152
1.3675e-06,7.7944
1.3676e-06,7.8958
1.3677e-06,7.9225
1.3678e-06,7.8737
1.3679e-06,7.9524
1.368e-06,7.8831
1.3681e-06,7.8162
1.3682e-06,7.8158
1.3683e-06,7.9295
1.3684e-06,7.8525
1.3685e-06,7.8629
1.3686e-06,7.8298
1.3687e-06,7.6762
1.3688e-06,7.7562
1.3689e-06,7.8138
1.369e-06,7.8559
1.3691e-06,7.8135
1.3692e-06,7.8253
1.3693e-06,7.8488
1.3694e-06,7.6902
1.3695e-06,7.8364
1.3696e-06,7.8248
1.3697e-06,7.7479
1.3698e-06,7.7784
1.3699e-06,7.7361
1.37e-06,7.8024
1.3701e-06,7.7324
1.3702e-06,7.8038
1.3703e-06,7.8728
1.3704e-06,7.6699
1.3705e-06,7.8393
1.3706e-06,7.8372
1.3707e-06,7.7573
1.3708e-06,7.6516
1.3709e-06,7.6347
1.371e-06,7.7118
1.3711e-06,7.7181
1.3712e-06,7.7044
1.3713e-06,7.7414
1.3714e-06,7.6684
1.3715e-06,7.7393
1.3716e-06,7.7207
1.3717e-06,7.6482
1.3718e-06,7.8078
1.3719e-06,7.7363
1.372e-06,7.6951
1.3721e-06,7.6621
1.3722e-06,7.6003
1.3723e-06,7.8028
1.3724e-06,7.6161
1.3725e-06,7.6717
1.3726e-06,7.6959
1.3727e-06,7.6231
1.3728e-06,7.6847
1.3729e-06,7.5614
1.373e-06,7.7024
1.3731e-06,7.6206
1.3732e-06,7.5662
1.3733e-06,7.4643
1.3734e-06,7.6212
1.3735e-06,7.5005
1.3736e-06,7.7102
1.3737e-06,7.595
1.3738e-06,7.6332
1.3739e-06,7.4554
1.374e-06,7.7153
1.3741e-06,7.6799
1.3742e-06,7.4753
1.3743e-06,7.5587
1.3744e-06,7.6101
1.3745e-06,7.5026
1.3746e-06,7.4873
1.3747e-06,7.4679
1.3748e-06,7.562
1.3749e-06,7.5769
1.375e-06,7.5299
1.3751e-06,7.4658
1.3752e-06,7.5508
1.3753e-06,7.6536
1.3754e-06,7.4254
1.3755e-06,7.4821
1.3756e-06,7.5362
1.3757e-06,7.6428
1.3758e-06,7.7118
1.3759e-06,7.4723
1.376e-06,7.4274
1.3761e-06,7.4554
1.3762e-06,7.5915
1.3763e-06,7.5578
1.3764e-06,7.4853
1.3765e-06,7.5128
1.3766e-06,7.6777
1.3767e-06,7.5165
1.3768e-06,7.5072
1.3769e-06,7.5464
1.377e-06,7.4742
1.3771e-06,7.4473
1.3772e-06,7.4315
1.3773e-06,7.5167
1.3774e-06,7.4852
1.3775e-06,7.4526
1.3776e-06,7.318
1.3777e-06,7.4
1.3778e-06,7.4119
1.3779e-06,7.4724
1.378e-06,7.5387
1.3781e-06,7.3251
1.3782e-06,7.4706
1.3783e-06,7.3596
1.3784e-06,7.2598
1.3785e-06,7.4393
1.3786e-06,7.3011
1.3787e-06,7.3747
1.3788e-06,7.4601
1.3789e-06,7.4113
1.379e-06,7.3344
1.3791e-06,7.3624
1.3792e-06,7.3731
1.3793e-06,7.334
1.3794e-06,7.2853
1.3795e-06,7.3244
1.3796e-06,7.4927
1.3797e-06,7.4622
1.3798e-06,7.3812
1.3799e-06,7.2258
1.38e-06,7.3362
1.3801e-06,7.4153
1.3802e-06,7.3283
1.3803e-06,7.2844
1.3804e-06,7.3338
1.3805e-06,7.1686
1.3806e-06,7.3609
1.3807e-06,7.2392
1.3808e-06,7.3723
1.3809e-06,7.2101
1.381e-06,7.1831
1.3811e-06,7.2577
1.3812e-06,7.3391
1.3813e-06,7.3112
1.3814e-06,7.244
1.3815e-06,7.3039
1.3816e-06,7.2398
1.3817e-06,7.2305
1.3818e-06,7.1929
1.3819e-06,7.2786
1.382e-06,7.1577
1.3821e-06,7.1423
1.3822e-06,7.2362
1.3823e-06,7.2806
1.3824e-06,7.1738
1.3825e-06,7.1353
1.3826e-06,7.2191
1.3827e-06,7.1765
1.3828e-06,7.0667
1.3829e-06,7.0597
1.383e-06,7.309
1.3831e-06,7.1394
1.3832e-06,7.0392
1.3833e-06,7.0552
1.3834e-06,7.0445
1.3835e-06,7.1831
1.3836e-06,7.2518
1.3837e-06,7.146
1.3838e-06,7.1562
1.3839e-06,7.1266
1.384e-06,7.2049
1.3841e-06,7.054
1.3842e-06,7.1018
1.3843e-06,7.1325
1.3844e-06,7.0414
1.3845e-06,7.1565
1.3846e-06,7.2152
1.3847e-06,7.1186
1.3848e-06,7.0631
1.3849e-06,7.0474
1.385e-06,7.0709
1.3851e-06,7.0961
1.3852e-06,7.1331
1.3853e-06,7.1843
1.3854e-06,7.2445
1.3855e-06,7.212
1.3856e-06,7.1325
1.3857e-06,7.2547
1.3858e-06,6.9347
1.3859e-06,7.1083
1.386e-06,7.0874
1.3861e-06,7.0547
1.3862e-06,6.9172
1.3863e-06,7.0803
1.3864e-06,7.0293
1.3865e-06,7.0316
1.3866e-06,6.9741
1.3867e-06,7.2043
1.3868e-06,6.9863
1.3869e-06,7.1031
1.387e-06,7.0435
1.3871e-06,6.8275
1.3872e-06,7.004
1.3873e-06,7.1249
1.3874e-06,7.0104
1.3875e-06,7.0354
1.3876e-06,7.0449
1.3877e-06,6.9074
1.3878e-06,6.9658
1.3879e-06,6.9248
1.388e-06,6.9586
1.3881e-06,6.7343
1.3882e-06,6.8878
1.3883e-06,6.9405
1.3884e-06,6.8732
1.3885e-06,6.8608
1.3886e-06,6.9471
1.3887e-06,6.9417
1.3888e-06,6.9613
1.3889e-06,6.8066
1.389e-06,6.8362
1.3891e-06,6.9027
1.3892e-06,7.0157
1.3893e-06,6.9448
1.3894e-06,6.8849
1.3895e-06,6.8336
1.3896e-06,6.8102
1.3897e-06,6.8759
1.3898e-06,6.7901
1.3899e-06,6.8544
1.39e-06,6.8164
1.3901e-06,6.7613
1.3902e-06,7.0731
1.3903e-06,6.7952
1.3904e-06,6.7162
1.3905e-06,6.8045
1.3906e-06,6.7965
1.3907e-06,6.8419
1.3908e-06,6.969
1.3909e-06,6.6919
1.391e-06,6.7719
1.3911e-06,6.8807
1.3912e-06,6.7438
1.3913e-06,6.7677
1.3914e-06,6.6899
1.3915e-06,6.6439
1.3916e-06,6.8518
1.3917e-06,6.7912
1.3918e-06,6.7274
1.3919e-06,6.7087
1.392e-06,6.639
1.3921e-06,6.633
1.3922e-06,6.7199
1.3923e-06,6.6445
1.3924e-06,6.716
1.3925e-06,6.7373
1.3926e-06,6.6506
1.3927e-06,6.6214
1.3928e-06,6.8058
1.3929e-06,6.6904
1.393e-06,6.5907
1.3931e-06,6.7737
1.3932e-06,6.7608
1.3933e-06,6.901
1.3934e-06,6.7061
1.3935e-06,6.7706
1.3936e-06,6.665
1.3937e-06,6.6176
1.3938e-06,6.6234
1.3939e-06,6.7027
1.394e-06,6.6365
1.3941e-06,6.6458
1.3942e-06,6.7004
1.3943e-06,6.6781
1.3944e-06,6.6115
1.3945e-06,6.6463
1.3946e-06,6.683
1.3947e-06,6.6182
1.3948e-06,6.5808
1.3949e-06,6.4278
1.395e-06,6.5881
1.3951e-06,6.492
1.3952e-06,6.5743
1.3953e-06,6.5064
1.3954e-06,6.4672
1.3955e-06,6.5506
1.3956e-06,6.6166
1.3957e-06,6.4395
1.3958e-06,6.688
1.3959e-06,6.6859
1.396e-06,6.4011
1.3961e-06,6.6769
1.3962e-06,6.4666
1.3963e-06,6.4059
1.3964e-06,6.382
1.3965e-06,6.2976
1.3966e-06,6.5204
1.3967e-06,6.5133
1.3968e-06,6.5488
1.3969e-06,6.4916
1.397e-06,6.4784
1.3971e-06,6.4769
1.3972e-06,6.3707
1.3973e-06,6.5232
1.3974e-06,6.4889
1.3975e-06,6.3785
1.3976e-06,6.4246
1.3977e-06,6.485
1.3978e-06,6.4101
1.3979e-06,6.4198
1.398e-06,6.4731
1.3981e-06,6.3904
1.3982e-06,6.49
1.3983e-06,6.4554
1.3984e-06,6.6152
1.3985e-06,6.4109
1.3986e-06,6.3356
1.3987e-06,6.2366
1.3988e-06,6.3919
1.3989e-06,6.3164
1.399e-06,6.3181
1.3991e-06,6.3282
1.3992e-06,6.3118
1.3993e-06,6.3447
1.3994e-06,6.305
1.3995e-06,6.3398
1.3996e-06,6.252
1.3997e-06,6.5364
1.3998e-06,6.3203
1.3999e-06,6.3416
1.4e-06,6.2713
1.4001e-06,6.3049
1.4002e-06,6.2859
1.4003e-06,6.132
1.4004e-06,6.2768
1.4005e-06,6.1884
1.4006e-06,6.1501
1.4007e-06,6.2978
1.4008e-06,6.2999
1.4009e-06,6.3308
1.401e-06,6.3066
1.4011e-06,6.1507
1.4012e-06,6.3127
1.4013e-06,6.328
1.4014e-06,6.2579
1.4015e-06,6.1646
1.4016e-06,6.269
1.4017e-06,6.1852
1.4018e-06,6.1341
1.4019e-06,6.2594
1.402e-06,6.1385
1.4021e-06,6.1594
1.4022e-06,6.2465
1.4023e-06,6.1784
1.4024e-06,6.2544
1.4025e-06,6.2992
1.4026e-06,6.2694
1.4027e-06,6.1429
1.4028e-06,6.1049
1.4029e-06,6.27
1.403e-06,6.15
1.4031e-06,6.1796
1.4032e-06,6.2509
1.4033e-06,6.1686
1.4034e-06,6.1662
1.4035e-06,6.0869
1.4036e-06,6.0086
1.4037e-06,5.9393
1.4038e-06,6.0685
1.4039e-06,6.1596
1.404e-06,6.161
1.4041e-06,6.1313
1.4042e-06,6.0547
1.4043e-06,5.9721
1.4044e-06,6.1059
1.4045e-06,6.0613
1.4046e-06,5.8629
1.4047e-06,6.0918
1.4048e-06,5.9716
1.4049e-06,5.9553
1.405e-06,5.9869
1.4051e-06,5.9171
1.4052e-06,5.8726
1.4053e-06,5.8923
1.4054e-06,6.0482
1.4055e-06,6.0093
1.4056e-06,5.945
1.4057e-06,5.9393
1.4058e-06,6.0696
1.4059e-06,6.0001
1.406e-06,5.9018
1.4061e-06,5.8658
1.4062e-06,5.9676
1.4063e-06,5.9164
1.4064e-06,5.8859
1.4065e-06,5.9299
1.4066e-06,6.062
1.4067e-06,5.9504
1.4068e-06,6.1234
1.4069e-06,5.9103
1.407e-06,5.8191
1.4071e-06,5.9334
1.4072e-06,5.8105
1.4073e-06,5.8501
1.4074e-06,5.8691
1.4075e-06,5.7626
1.4076e-06,5.8538
1.4077e-06,5.878
1.4078e-06,5.8562
1.4079e-06,5.9664
1.408e-06,5.9828
1.4081e-06,5.8666
1.4082e-06,5.8559
1.4083e-06,5.7975
1.4084e-06,5.7034
1.4085e-06,5.9727
1.4086e-06,5.9856
1.4087e-06,5.8389
1.4088e-06,5.8807
1.4089e-06,5.8246
1.409e-06,5.772
1.4091e-06,5.6654
1.4092e-06,5.8364
1.4093e-06,5.7135
1.4094e-06,5.7266
1.4095e-06,5.6836
1.4096e-06,5.7406
1.4097e-06,5.8401
1.4098e-06,5.6451
1.4099e-06,5.7398
1.41e-06,5.683
1.4101e-06,5.6173
1.4102e-06,5.8731
1.4103e-06,5.7131
1.4104e-06,5.7014
1.4105e-06,5.7208
1.4106e-06,5.7794
1.4107e-06,5.6328
1.4108e-06,5.7701
1.4109e-06,5.6465
1.411e-06,5.6209
1.4111e-06,5.6075
1.4112e-06,5.7198
1.4113e-06,5.7905
1.4114e-06,5.789
1.4115e-06,5.6494
1.4116e-06,5.5732
1.4117e-06,5.5854
1.4118e-06,5.7017
1.4119e-06,5.8135
1.412e-06,5.5517
1.4121e-06,5.5883
1.4122e-06,5.5054
1.4123e-06,5.5666
1.4124e-06,5.6684
1.4125e-06,5.4727
1.4126e-06,5.4873
1.4127e-06,5.4224
1.4128e-06,5.5214
1.4129e-06,5.4647
1.413e-06,5.421
1.4131e-06,5.4646
1.4132e-06,5.464
1.4133e-06,5.5744
1.4134e-06,5.4982
1.4135e-06,5.4601
1.4136e-06,5.4347
1.4137e-06,5.4194
1.4138e-06,5.4237
1.4139e-06,5.4105
1.414e-06,5.3709
1.4141e-06,5.4896
1.4142e-06,5.3286
1.4143e-06,5.3943
1.4144e-06,5.4711
1.4145e-06,5.4975
1.4146e-06,5.5153
1.4147e-06,5.4155
1.4148e-06,5.3418
1.4149e-06,5.5081
1.415e-06,5.3574
1.4151e-06,5.3929
1.4152e-06,5.4721
1.4153e-06,5.4005
1.4154e-06,5.3567
1.4155e-06,5.3283
1.4156e-06,5.2773
1.4157e-06,5.3043
1.4158e-06,5.4908
1.4159e-06,5.359
1.416e-06,5.4217
1.4161e-06,5.2944
1.4162e-06,5.2894
1.4163e-06,5.2959
1.4164e-06,5.2694
1.4165e-06,5.3451
1.4166e-06,5.1746
1.4167e-06,5.3885
1.4168e-06,5.3016
1.4169e-06,5.3635
1.417e-06,5.2623
1.4171e-06,5.3872
1.4172e-06,5.3185
1.4173e-06,5.265
1.4174e-06,5.351
1.4175e-06,5.2746
1.4176e-06,5.2802
1.4177e-06,5.1331
1.4178e-06,5.1173
1.4179e-06,5.2206
1.418e-06,5.1536
1.4181e-06,5.2886
1.4182e-06,5.3494
1.4183e-06,5.2813
1.4184e-06,5.1557
1.4185e-06,5.2045
1.4186e-06,5.2257
1.4187e-06,5.0873
1.4188e-06,5.1345
1.4189e-06,5.0661
1.419e-06,5.2561
1.4191e-06,5.0643
1.4192e-06,5.0774
1.4193e-06,5.0533
1.4194e-06,5.1846
1.4195e-06,5.0259
1.4196e-06,5.0792
1.4197e-06,5.1087
1.4198e-06,5.1428
1.4199e-06,5.1193
1.42e-06,5.159
1.4201e-06,4.9282
1.4202e-06,5.1986
1.4203e-06,4.9503
1.4204e-06,5.0002
1.4205e-06,5.0568
1.4206e-06,5.0461
1.4207e-06,4.895
1.4208e-06,4.9765
1.4209e-06,4.8649
1.421e-06,5.1277
1.4211e-06,5.0069
1.4212e-06,5.0281
1.4213e-06,5.0132
1.4214e-06,4.8555
1.4215e-06,4.917
1.4216e-06,5.0252
1.4217e-06,5.0406
1.4218e-06,4.9499
1.4219e-06,4.9073
1.422e-06,4.9743
1.4221e-06,4.9469
1.4222e-06,4.8129
1.4223e-06,4.8346
1.4224e-06,4.96
1.4225e-06,4.8342
1.4226e-06,4.8221
1.4227e-06,4.8224
1.4228e-06,4.9005
1.4229e-06,4.7307
1.423e-06,4.7414
1.4231e-06,4.8719
1.4232e-06,4.8118
1.4233e-06,4.7544
1.4234e-06,4.7669
1.4235e-06,4.7854
1.4236e-06,4.8018
1.4237e-06,4.8761
1.4238e-06,4.9153
1.4239e-06,4.8567
1.424e-06,4.812
1.4241e-06,4.6299
1.4242e-06,4.7762
1.4243e-06,4.8486
1.4244e-06,4.7256
1.4245e-06,4.7092
1.4246e-06,4.8283
1.4247e-06,4.6512
1.4248e-06,4.7817
1.4249e-06,4.7731
1.425e-06,4.7322
1.4251e-06,4.7633
1.4252e-06,4.6776
1.4253e-06,4.8078
1.4254e-06,4.8598
1.4255e-06,4.8137
1.4256e-06,4.8677
1.4257e-06,4.7153
1.4258e-06,4.7634
1.4259e-06,4.7027
1.426e-06,4.8988
1.4261e-06,4.6145
1.4262e-06,4.5841
1.4263e-06,4.683
1.4264e-06,4.5357
1.4265e-06,4.6888
1.4266e-06,4.723
1.4267e-06,4.6146
1.4268e-06,4.6306
1.4269e-06,4.7854
1.427e-06,4.539
1.4271e-06,4.6481
1.4272e-06,4.5318
1.4273e-06,4.6451
1.4274e-06,4.6626
1.4275e-06,4.5958
1.4276e-06,4.7331
1.4277e-06,4.5956
1.4278e-06,4.486
1.4279e-06,4.4393
1.428e-06,4.6346
1.4281e-06,4.4339
1.4282e-06,4.4356
1.4283e-06,4.5364
1.4284e-06,4.5362
1.4285e-06,4.3184
1.4286e-06,4.4969
1.4287e-06,4.5007
1.4288e-06,4.582
1.4289e-06,4.5171
1.429e-06,4.5214
1.4291e-06,4.4854
1.4292e-06,4.4532
1.4293e-06,4.2792
1.4294e-06,4.2651
1.4295e-06,4.5101
1.4296e-06,4.3923
1.4297e-06,4.501
1.4298e-06,4.3629
1.4299e-06,4.2948
1.43e-06,4.5571
1.4301e-06,4.3581
1.4302e-06,4.4089
1.4303e-06,4.3936
1.4304e-06,4.4643
1.4305e-06,4.3374
1.4306e-06,4.4019
1.4307e-06,4.3305
1.4308e-06,4.4176
1.4309e-06,4.2262
1.431e-06,4.1713
1.4311e-06,4.3128
1.4312e-06,4.2182
1.4313e-06,4.2675
1.4314e-06,4.3137
1.4315e-06,4.3866
1.4316e-06,4.2291
1.4317e-06,4.4881
1.4318e-06,4.2208
1.4319e-06,4.2285
1.432e-06,4.3025
1.4321e-06,4.3034
1.4322e-06,4.1638
1.4323e-06,4.2039
1.4324e-06,4.2647
1.4325e-06,4.2074
1.4326e-06,4.0595
1.4327e-06,4.3398
1.4328e-06,4.2292
1.4329e-06,4.1542
1.433e-06,4.087
1.4331e-06,4.2961
1.4332e-06,4.2476
1.4333e-06,4.1715
1.4334e-06,4.1105
1.4335e-06,3.9941
1.4336e-06,4.0229
1.4337e-06,4.0846
1.4338e-06,4.0838
1.4339e-06,4.1632
1.434e-06,4.192
1.4341e-06,4.0264
1.4342e-06,4.1922
1.4343e-06,4.0688
1.4344e-06,4.0812
1.4345e-06,4.1506
1.4346e-06,3.9472
1.4347e-06,4.1762
1.4348e-06,4.0322
1.4349e-06,4.0272
1.435e-06,4.1865
1.4351e-06,4.2116
1.4352e-06,3.9746
1.4353e-06,3.9044
1.4354e-06,3.9436
1.4355e-06,3.9581
1.4356e-06,3.8589
1.4357e-06,4.0817
1.4358e-06,3.9095
1.4359e-06,3.9974
1.436e-06,3.868
1.4361e-06,3.8717
1.4362e-06,3.9907
1.4363e-06,3.8266
1.4364e-06,3.9409
1.4365e-06,3.931
1.4366e-06,3.9285
1.4367e-06,3.8415
1.4368e-06,3.8496
1.4369e-06,4.0483
1.437e-06,3.8503
1.4371e-06,3.8444
1.4372e-06,3.8983
1.4373e-06,3.8497
1.4374e-06,3.7959
1.4375e-06,3.723
1.4376e-06,4.018
1.4377e-06,3.8463
1.4378e-06,3.6584
1.4379e-06,3.798
1.438e-06,3.8092
1.4381e-06,3.8463
1.4382e-06,3.8308
1.4383e-06,3.779
1.4384e-06,3.7133
1.4385e-06,3.6778
1.4386e-06,3.9195
1.4387e-06,3.6552
1.4388e-06,3.6182
1.4389e-06,3.6869
1.439e-06,3.7618
1.4391e-06,3.777
1.4392e-06,3.543
1.4393e-06,3.7333
1.4394e-06,3.7182
1.4395e-06,3.82
1.4396e-06,3.6176
1.4397e-06,3.6566
1.4398e-06,3.6997
1.4399e-06,3.7811
1.44e-06,3.6753
1.4401e-06,3.7922
1.4402e-06,3.6573
1.4403e-06,3.6512
1.4404e-06,3.5423
1.4405e-06,3.6287
1.4406e-06,3.7258
1.4407e-06,3.6277
1.4408e-06,3.7228
1.4409e-06,3.6576
1.441e-06,3.5674
1.4411e-06,3.6595
1.4412e-06,3.4802
1.4413e-06,3.5459
1.4414e-06,3.5736
1.4415e-06,3.5015
1.4416e-06,3.5256
1.4417e-06,3.4717
1.4418e-06,3.5428
1.4419e-06,3.513
1.442e-06,3.6463
1.4421e-06,3.527
1.4422e-06,3.4906
1.4423e-06,3.3599
1.4424e-06,3.6213
1.4425e-06,3.3819
1.4426e-06,3.323
1.4427e-06,3.4473
1.4428e-06,3.5172
1.4429e-06,3.5251
1.443e-06,3.3857
1.4431e-06,3.3568
1.4432e-06,3.3784
1.4433e-06,3.3114
1.4434e-06,3.2561
1.4435e-06,3.4653
1.4436e-06,3.351
1.4437e-06,3.3545
1.4438e-06,3.3668
1.4439e-06,3.397
1.444e-06,3.1782
1.4441e-06,3.198
1.4442e-06,3.2544
1.4443e-06,3.3008
1.4444e-06,3.3257
1.4445e-06,3.4115
1.4446e-06,3.2509
1.4447e-06,3.1728
1.4448e-06,3.4957
1.4449e-06,3.3882
1.445e-06,3.2429
1.4451e-06,3.1488
1.4452e-06,3.0345
1.4453e-06,3.1061
1.4454e-06,3.2036
1.4455e-06,3.1031
1.4456e-06,3.158
1.4457e-06,3.0991
1.4458e-06,2.898
1.4459e-06,3.2621
1.446e-06,3.1269
1.4461e-06,3.1736
1.4462e-06,3.1705
1.4463e-06,3.1362
1.4464e-06,3.1551
1.4465e-06,3.0954
1.4466e-06,3.2441
1.4467e-06,3.2248
1.4468e-06,3.1246
1.4469e-06,2.9424
1.447e-06,3.1676
1.4471e-06,3.1047
1.4472e-06,3.0828
1.4473e-06,3.0544
1.4474e-06,3.0305
1.4475e-06,3.1664
1.4476e-06,2.9878
1.4477e-06,3.0373
1.4478e-06,3.0418
1.4479e-06,3.1035
1.448e-06,2.9584
1.4481e-06,2.9903
1.4482e-06,3.1368
1.4483e-06,2.9022
1.4484e-06,2.9376
1.4485e-06,3.0649
1.4486e-06,3.0309
1.4487e-06,2.9322
1.4488e-06,2.9443
1.4489e-06,2.9114
1.449e-06,2.9367
1.4491e-06,2.8415
1.4492e-06,2.9629
1.4493e-06,3.0134
1.4494e-06,3.0473
1.4495e-06,2.8512
1.4496e-06,2.8598
1.4497e-06,2.7769
1.4498e-06,2.6884
1.4499e-06,2.788
1.45e-06,2.9421
1.4501e-06,2.9765
1.4502e-06,2.7237
1.4503e-06,2.772
1.4504e-06,2.6933
1.4505e-06,2.8194
1.4506e-06,2.5965
1.4507e-06,2.782
1.4508e-06,2.8071
1.4509e-06,2.8408
1.451e-06,2.8351
1.4511e-06,2.6705
1.4512e-06,2.802
1.4513e-06,2.7071
1.4514e-06,2.7191
1.4515e-06,2.7
1.4516e-06,2.6777
1.4517e-06,2.6282
1.4518e-06,2.7724
1.4519e-06,2.7219
1.452e-06,2.6989
1.4521e-06,2.7665
1.4522e-06,2.6128
1.4523e-06,2.5849
1.4524e-06,2.6107
1.4525e-06,2.6456
1.4526e-06,2.6429
1.4527e-06,2.5732
1.4528e-06,2.6117
1.4529e-06,2.5388
1.453e-06,2.8354
1.4531e-06,2.6206
1.4532e-06,2.5518
1.4533e-06,2.5768
1.4534e-06,2.515
1.4535e-06,2.5485
1.4536e-06,2.5108
1.4537e-06,2.3058
1.4538e-06,2.4101
1.4539e-06,2.383
1.454e-06,2.4624
1.4541e-06,2.6651
1.4542e-06,2.5189
1.4543e-06,2.4038
1.4544e-06,2.2333
1.4545e-06,2.5461
1.4546e-06,2.4538
1.4547e-06,2.5664
1.4548e-06,2.4388
1.4549e-06,2.4799
1.455e-06,2.4045
1.4551e-06,2.4593
1.4552e-06,2.2509
1.4553e-06,2.2515
1.4554e-06,2.4062
1.4555e-06,2.4855
1.4556e-06,2.3677
1.4557e-06,2.2652
1.4558e-06,2.2658
1.4559e-06,2.3098
1.456e-06,2.3418
1.4561e-06,2.2702
1.4562e-06,2.3208
1.4563e-06,2.1743
1.4564e-06,2.3043
1.4565e-06,2.1944
1.4566e-06,2.2099
1.4567e-06,2.169
1.4568e-06,2.2035
1.4569e-06,2.3223
1.457e-06,2.1123
1.4571e-06,2.1006
1.4572e-06,2.2414
1.4573e-06,2.0493
1.4574e-06,2.1072
1.4575e-06,2.1079
1.4576e-06,2.1163
1.4577e-06,2.0812
1.4578e-06,2.3805
1.4579e-06,2.3043
1.458e-06,2.1211
1.4581e-06,2.1072
1.4582e-06,2.0175
1.4583e-06,2.0221
1.4584e-06,2.094
1.4585e-06,2.0171
1.4586e-06,2.1496
1.4587e-06,2.1966
1.4588e-06,2.0679
1.4589e-06,2.008
1.459e-06,1.7958
1.4591e-06,2.1275
1.4592e-06,1.9593
1.4593e-06,2.0479
1.4594e-06,1.9621
1.4595e-06,2.0176
1.4596e-06,2.1854
1.4597e-06,2.0551
1.4598e-06,2.083
1.4599e-06,2.1149
1.46e-06,2.0198
1.4601e-06,1.9145
1.4602e-06,1.8626
1.4603e-06,1.9431
1.4604e-06,1.8411
1.4605e-06,1.9188
1.4606e-06,1.9675
1.4607e-06,1.727
1.4608e-06,2.0431
1.4609e-06,1.7516
1.461e-06,1.8682
1.4611e-06,1.6604
1.4612e-06,1.848
1.4613e-06,1.8672
1.4614e-06,1.6549
1.4615e-06,1.8914
1.4616e-06,1.8309
1.4617e-06,1.7395
1.4618e-06,1.8488
1.4619e-06,1.8087
1.462e-06,1.6802
1.4621e-06,1.705
1.4622e-06,1.7358
1.4623e-06,1.8047
1.4624e-06,1.7964
1.4625e-06,1.8309
1.4626e-06,1.6161
1.4627e-06,1.6666
1.4628e-06,1.9002
1.4629e-06,1.5766
1.463e-06,1.7046
1.4631e-06,1.5072
1.4632e-06,1.6153
1.4633e-06,1.5727
1.4634e-06,1.6122
1.4635e-06,1.3854
1.4636e-06,1.6046
1.4637e-06,1.4765
1.4638e-06,1.5265
1.4639e-06,1.6725
1.464e-06,1.6106
1.4641e-06,1.5346
1.4642e-06,1.5783
1.4643e-06,1.543
1.4644e-06,1.4848
1.4645e-06,1.4
1.4646e-06,1.4993
1.4647e-06,1.655
1.4648e-06,1.4228
1.4649e-06,1.3033
1.465e-06,1.3235
1.4651e-06,1.4011
1.4652e-06,1.5663
1.4653e-06,1.3069
1.4654e-06,1.5822
1.4655e-06,1.3551
1.4656e-06,1.3477
1.4657e-06,1.3409
1.4658e-06,1.2796
1.4659e-06,1.3263
1.466e-06,1.3777
1.4661e-06,1.2687
1.4662e-06,1.2564
1.4663e-06,1.3067
1.4664e-06,1.4571
1.4665e-06,1.2316
1.4666e-06,1.1688
1.4667e-06,1.1497
1.4668e-06,1.314
1.4669e-06,1.319
1.467e-06,1.3373
1.4671e-06,1.3553
1.4672e-06,1.3096
1.4673e-06,1.2062
1.4674e-06,1.2312
1.4675e-06,1.1739
1.4676e-06,1.1924
1.4677e-06,1.0609
1.4678e-06,1.1692
1.4679e-06,1.193
1.468e-06,1.2135
1.4681e-06,1.1107
1.4682e-06,1.2081
1.4683e-06,1.1677
1.4684e-06,0.96008
1.4685e-06,1.1099
1.4686e-06,1.0176
1.4687e-06,0.93495
1.4688e-06,1.0051
1.4689e-06,1.0337
1.469e-06,1.1676
1.4691e-06,1.0025
1.4692e-06,1.0536
1.4693e-06,1.2007
1.4694e-06,0.98608
1.4695e-06,1.0109
1.4696e-06,0.97151
1.4697e-06,1.0161
1.4698e-06,1.1137
1.4699e-06,0.9449
1.47e-06,0.85202
1.4701e-06,0.92615
1.4702e-06,0.86867
1.4703e-06,0.97205
1.4704e-06,0.90354
1.4705e-06,0.96819
1.4706e-06,0.93139
1.4707e-06,0.92302
1.4708e-06,0.8927
1.4709e-06,0.85988
1.471e-06,0.87573
1.4711e-06,0.93892
1.4712e-06,0.76414
1.4713e-06,0.85821
1.4714e-06,0.78489
1.4715e-06,1.0465
1.4716e-06,0.70031
1.4717e-06,0.78368
1.4718e-06,0.72768
1.4719e-06,0.78769
1.472e-06,0.89879
1.4721e-06,0.68233
1.4722e-06,0.75835
1.4723e-06,0.5069
1.4724e-06,0.47809
1.4725e-06,0.79834
1.4726e-06,0.74404
1.4727e-06,0.87865
1.4728e-06,0.69727
1.4729e-06,0.61801
1.473e-06,0.57206
1.4731e-06,0.66797
1.4732e-06,0.66841
1.4733e-06,0.40558
1.4734e-06,0.48103
1.4735e-06,0.73153
1.4736e-06,0.48529
1.4737e-06,0.53242
1.4738e-06,0.43716
1.4739e-06,0.73672
1.474e-06,0.70901
1.4741e-06,0.60413
1.4742e-06,0.50494
1.4743e-06,0.31492
1.4744e-06,0.58794
1.4745e-06,0.40099
1.4746e-06,0.55477
1.4747e-06,0.29903
1.4748e-06,0.48182
1.4749e-06,0.4247
1.475e-06,0.46392
1.4751e-06,0.41556
1.4752e-06,0.39192
1.4753e-06,0.40427
1.4754e-06,0.39005
1.4755e-06,0.3799
1.4756e-06,0.3763
1.4757e-06,0.31675
1.4758e-06,0.4966
1.4759e-06,0.39401
1.476e-06,0.28994
1.4761e-06,0.14312
1.4762e-06,0.33115
1.4763e-06,0.12499
1.4764e-06,0.31053
1.4765e-06,0.25761
1.4766e-06,0.354
1.4767e-06,0.21609
1.4768e-06,0.25166
1.4769e-06,0.22847
1.477e-06,0.20926
1.4771e-06,0.13828
1.4772e-06,0.065286
1.4773e-06,0.12846
1.4774e-06,0.12958
1.4775e-06,0.097038
1.4776e-06,0.17252
1.4777e-06,0.20728
1.4778e-06,0.095819
1.4779e-06,0.056865
1.478e-06,0.089629
1.4781e-06,0.12623
1.4782e-06,0.061036
1.4783e-06,0.18241
1.4784e-06,0.075455
1.4785e-06,-0.018484
1.4786e-06,0.05916
1.4787e-06,0.013235
1.4788e-06,-0.13059
1.4789e-06,0.055689
1.479e-06,-0.22451
1.4791e-06,0.084141
1.4792e-06,-0.10507
1.4793e-06,-0.18521
1.4794e-06,-0.057514
1.4795e-06,-0.034763
1.4796e-06,-0.29133
1.4797e-06,0.020865
1.4798e-06,-0.12032
1.4799e-06,-0.11999
1.48e-06,-0.25664
1.4801e-06,-0.070711
1.4802e-06,-0.14498
1.4803e-06,-0.17668
1.4804e-06,-0.25634
1.4805e-06,-0.090066
1.4806e-06,-0.24253
1.4807e-06,-0.17753
1.4808e-06,-0.1135
1.4809e-06,-0.25495
1.481e-06,-0.42435
1.4811e-06,-0.37521
1.4812e-06,-0.42931
1.4813e-06,-0.4331
1.4814e-06,-0.34382
1.4815e-06,-0.2103
1.4816e-06,-0.45694
1.4817e-06,-0.38483
1.4818e-06,-0.26086
1.4819e-06,-0.347
1.482e-06,-0.40871
1.4821e-06,-0.45026
1.4822e-06,-0.5215
1.4823e-06,-0.33621
1.4824e-06,-0.53479
1.4825e-06,-0.3602
1.4826e-06,-0.45242
1.4827e-06,-0.51093
1.4828e-06,-0.48619
1.4829e-06,-0.50874
1.483e-06,-0.56107
1.4831e-06,-0.58818
1.4832e-06,-0.64981
1.4833e-06,-0.67962
1.4834e-06,-0.56919
1.4835e-06,-0.59521
1.4836e-06,-0.55233
1.4837e-06,-0.48845
1.4838e-06,-0.65027
1.4839e-06,-0.63445
1.484e-06,-0.61291
1.4841e-06,-0.68864
1.4842e-06,-0.6383
1.4843e-06,-0.85189
1.4844e-06,-0.62405
1.4845e-06,-0.71563
1.4846e-06,-0.72863
1.4847e-06,-0.86882
1.4848e-06,-0.70354
1.4849e-06,-0.84301
1.485e-06,-0.8585
1.4851e-06,-0.7507
1.4852e-06,-0.91549
1.4853e-06,-0.77693
1.4854e-06,-0.68924
1.4855e-06,-0.83161
1.4856e-06,-0.88126
1.4857e-06,-0.81661
1.4858e-06,-0.9954
1.4859e-06,-0.97689
1.486e-06,-0.79166
1.4861e-06,-0.93048
1.4862e-06,-1.0018
1.4863e-06,-0.92464
1.4864e-06,-1.1294
1.4865e-06,-0.97742
1.4866e-06,-0.98477
1.4867e-06,-1.2844
1.4868e-06,-0.90906
1.4869e-06,-1.0593
1.487e-06,-1.1194
1.4871e-06,-1.0332
1.4872e-06,-1.1041
1.4873e-06,-1.1333
1.4874e-06,-1.101
1.4875e-06,-1.2973
1.4876e-06,-1.091
1.4877e-06,-1.2988
1.4878e-06,-1.3963
1.4879e-06,-1.155
1.488e-06,-1.3905
1.4881e-06,-1.1196
1.4882e-06,-1.0826
1.4883e-06,-1.1884
1.4884e-06,-1.2503
1.4885e-06,-1.2037
1.4886e-06,-1.4528
1.4887e-06,-1.1528
1.4888e-06,-1.3006
1.4889e-06,-1.3439
1.489e-06,-1.3719
1.4891e-06,-1.2792
1.4892e-06,-1.2884
1.4893e-06,-1.4162
1.4894e-06,-1.4829
1.4895e-06,-1.409
1.4896e-06,-1.3096
1.4897e-06,-1.2558
1.4898e-06,-1.4554
1.4899e-06,-1.3351
1.49e-06,-1.4801
1.4901e-06,-1.3461
1.4902e-06,-1.5527
1.4903e-06,-1.5409
1.4904e-06,-1.5102
1.4905e-06,-1.492
1.4906e-06,-1.5947
1.4907e-06,-1.685
1.4908e-06,-1.6435
1.4909e-06,-1.5428
1.491e-06,-1.6607
1.4911e-06,-1.6031
1.4912e-06,-1.5617
1.4913e-06,-1.5679
1.4914e-06,-1.6851
1.4915e-06,-1.6636
1.4916e-06,-1.7229
1.4917e-06,-1.6481
1.4918e-06,-1.7838
1.4919e-06,-1.8007
1.492e-06,-1.7684
1.4921e-06,-1.7107
1.4922e-06,-1.812
1.4923e-06,-1.7873
1.4924e-06,-1.5906
1.4925e-06,-1.7337
1.4926e-06,-1.7624
1.4927e-06,-1.7814
1.4928e-06,-1.7625
1.4929e-06,-1.7949
1.493e-06,-1.8584
1.4931e-06,-1.8084
1.4932e-06,-1.8301
1.4933e-06,-1.9024
1.4934e-06,-1.8782
1.4935e-06,-1.8755
1.4936e-06,-1.8469
1.4937e-06,-1.8932
1.4938e-06,-2.2289
1.4939e-06,-2.0359
1.494e-06,-2.0486
1.4941e-06,-1.8733
1.4942e-06,-1.9644
1.4943e-06,-2.0379
1.4944e-06,-1.9261
1.4945e-06,-2.1888
1.4946e-06,-1.9858
1.4947e-06,-1.9674
1.4948e-06,-2.0468
1.4949e-06,-2.1048
1.495e-06,-2.1149
1.4951e-06,-2.1932
1.4952e-06,-2.2672
1.4953e-06,-2.1084
1.4954e-06,-2.2398
1.4955e-06,-2.1769
1.4956e-06,-2.3258
1.4957e-06,-2.2729
1.4958e-06,-2.1936
1.4959e-06,-2.4067
1.496e-06,-2.4175
1.4961e-06,-2.2827
1.4962e-06,-2.298
1.4963e-06,-2.3161
1.4964e-06,-2.3757
1.4965e-06,-2.5283
1.4966e-06,-2.3062
1.4967e-06,-2.4763
1.4968e-06,-2.3426
1.4969e-06,-2.3791
1.497e-06,-2.4329
1.4971e-06,-2.4422
1.4972e-06,-2.392
1.4973e-06,-2.498
1.4974e-06,-2.4114
1.4975e-06,-2.5749
1.4976e-06,-2.6109
1.4977e-06,-2.4452
1.4978e-06,-2.6326
1.4979e-06,-2.4851
1.498e-06,-2.6384
1.4981e-06,-2.5175
1.4982e-06,-2.6013
1.4983e-06,-2.5241
1.4984e-06,-2.6321
1.4985e-06,-2.5907
1.4986e-06,-2.7477
1.4987e-06,-2.6762
1.4988e-06,-2.7624
1.4989e-06,-2.7638
1.499e-06,-2.7748
1.4991e-06,-2.8454
1.4992e-06,-2.7722
1.4993e-06,-2.9367
1.4994e-06,-2.8136
1.4995e-06,-2.7557
1.4996e-06,-2.9256
1.4997e-06,-2.6023
1.4998e-06,-2.8553
1.4999e-06,-2.8141
1.5e-06,-2.9708
1.5001e-06,-2.9156
1.5002e-06,-2.8207
1.5003e-06,-2.968
1.5004e-06,-2.9147
1.5005e-06,-2.9247
1.5006e-06,-2.8958
1.5007e-06,-3.0949
1.5008e-06,-3.0971
1.5009e-06,-2.8767
1.501e-06,-3.0133
1.5011e-06,-3.21
1.5012e-06,-3.077
1.5013e-06,-2.8671
1.5014e-06,-3.0989
1.5015e-06,-3.2883
1.5016e-06,-3.1556
1.5017e-06,-3.2207
1.5018e-06,-3.3057
1.5019e-06,-3.3191
1.502e-06,-3.2503
1.5021e-06,-3.1964
1.5022e-06,-3.2891
1.5023e-06,-3.4031
1.5024e-06,-3.1566
1.5025e-06,-3.4011
1.5026e-06,-3.5088
1.5027e-06,-3.2559
1.5028e-06,-3.3682
1.5029e-06,-3.1659
1.503e-06,-3.328
1.5031e-06,-3.3232
1.5032e-06,-3.3691
1.5033e-06,-3.5328
1.5034e-06,-3.2787
1.5035e-06,-3.3024
1.5036e-06,-3.5445
1.5037e-06,-3.5481
1.5038e-06,-3.7133
1.5039e-06,-3.647
1.504e-06,-3.6964
1.5041e-06,-3.5932
1.5042e-06,-3.4452
1.5043e-06,-3.5995
1.5044e-06,-3.7607
1.5045e-06,-3.5747
1.5046e-06,-3.5215
1.5047e-06,-3.6947
1.5048e-06,-3.6389
1.5049e-06,-3.7051
1.505e-06,-3.569
1.5051e-06,-3.684
1.5052e-06,-3.6777
1.5053e-06,-3.6441
1.5054e-06,-3.8824
1.5055e-06,-3.9213
1.5056e-06,-3.8993
1.5057e-06,-3.7937
1.5058e-06,-3.8447
1.5059e-06,-3.7728
1.506e-06,-3.9285
1.5061e-06,-3.9825
1.5062e-06,-3.8978
1.5063e-06,-3.9932
1.5064e-06,-4.0299
1.5065e-06,-3.952
1.5066e-06,-4.0013
1.5067e-06,-3.9751
1.5068e-06,-4.1179
1.5069e-06,-4.1335
1.507e-06,-3.9834
1.5071e-06,-4.053
1.5072e-06,-4.0859
1.5073e-06,-4.0605
1.5074e-06,-4.1188
1.5075e-06,-4.3335
1.5076e-06,-4.2301
1.5077e-06,-4.3949
1.5078e-06,-4.2665
1.5079e-06,-4.1519
1.508e-06,-4.0638
1.5081e-06,-4.3174
1.5082e-06,-4.1844
1.5083e-06,-4.262
1.5084e-06,-4.2869
1.5085e-06,-4.23
1.5086e-06,-4.2859
1.5087e-06,-4.3044
1.5088e-06,-4.2861
1.5089e-06,-4.5794
1.509e-06,-4.5204
1.5091e-06,-4.4511
1.5092e-06,-4.4302
1.5093e-06,-4.595
1.5094e-06,-4.4539
1.5095e-06,-4.3348
1.5096e-06,-4.5396
1.5097e-06,-4.4577
1.5098e-06,-4.5515
1.5099e-06,-4.7475
1.51e-06,-4.6198
1.5101e-06,-4.628
1.5102e-06,-4.575
1.5103e-06,-4.5419
1.5104e-06,-4.6356
1.5105e-06,-4.7709
1.5106e-06,-4.6453
1.5107e-06,-4.8295
1.5108e-06,-4.9208
1.5109e-06,-4.9438
1.511e-06,-4.9342
1.5111e-06,-4.7994
1.5112e-06,-4.8533
1.5113e-06,-5.0899
1.5114e-06,-4.9911
1.5115e-06,-4.8086
1.5116e-06,-4.8528
1.5117e-06,-5.0076
1.5118e-06,-4.9167
1.5119e-06,-5.1317
1.512e-06,-5.1036
1.5121e-06,-5.0266
1.5122e-06,-5.1327
1.5123e-06,-4.8591
1.5124e-06,-4.9495
1.5125e-06,-5.0954
1.5126e-06,-5.0636
1.5127e-06,-5.031
1.5128e-06,-4.9592
1.5129e-06,-5.3555
1.513e-06,-5.0514
1.5131e-06,-5.0946
1.5132e-06,-5.1487
1.5133e-06,-5.0146
1.5134e-06,-5.2548
1.5135e-06,-5.2652
1.5136e-06,-5.315
1.5137e-06,-5.3749
1.5138e-06,-5.5395
1.5139e-06,-5.4488
1.514e-06,-5.4647
1.5141e-06,-5.5233
1.5142e-06,-5.3687
1.5143e-06,-5.3539
1.5144e-06,-5.4419
1.5145e-06,-5.5417
1.5146e-06,-5.5015
1.5147e-06,-5.4872
1.5148e-06,-5.2664
1.5149e-06,-5.6376
1.515e-06,-5.6777
1.5151e-06,-5.636
1.5152e-06,-5.5869
1.5153e-06,-5.7583
1.5154e-06,-5.7084
1.5155e-06,-5.644
1.5156e-06,-5.7364
1.5157e-06,-5.5777
1.5158e-06,-5.6058
1.5159e-06,-5.6848
1.516e-06,-5.8526
1.5161e-06,-5.7256
1.5162e-06,-5.5494
1.5163e-06,-5.9408
1.5164e-06,-5.9094
1.5165e-06,-6.0031
1.5166e-06,-5.8138
1.5167e-06,-6.0016
1.5168e-06,-5.9781
1.5169e-06,-6.169
1.517e-06,-6.0567
1.5171e-06,-6.0527
1.5172e-06,-6.1614
1.5173e-06,-5.7852
1.5174e-06,-5.9318
1.5175e-06,-5.9736
1.5176e-06,-5.9771
1.5177e-06,-5.8891
1.5178e-06,-5.856
1.5179e-06,-6.0808
1.518e-06,-6.2838
1.5181e-06,-6.1393
1.5182e-06,-6.2518
1.5183e-06,-6.2341
1.5184e-06,-6.3588
1.5185e-06,-6.3989
1.5186e-06,-6.479
1.5187e-06,-6.3334
1.5188e-06,-6.3317
1.5189e-06,-6.4841
1.519e-06,-6.3942
1.5191e-06,-6.4812
1.5192e-06,-6.4746
1.5193e-06,-6.4903
1.5194e-06,-6.3869
1.5195e-06,-6.3643
1.5196e-06,-6.4595
1.5197e-06,-6.6413
1.5198e-06,-6.5408
1.5199e-06,-6.4291
1.52e-06,-6.4608
1.5201e-06,-6.6962
1.5202e-06,-6.6125
1.5203e-06,-6.6439
1.5204e-06,-6.6387
1.5205e-06,-6.5997
1.5206e-06,-6.5571
1.5207e-06,-6.8033
1.5208e-06,-6.8049
1.5209e-06,-6.7021
1.521e-06,-6.9804
1.5211e-06,-6.9328
1.5212e-06,-6.8676
1.5213e-06,-6.9043
1.5214e-06,-6.9267
1.5215e-06,-6.777
1.5216e-06,-6.8807
1.5217e-06,-6.9833
1.5218e-06,-7.0742
1.5219e-06,-6.8849
1.522e-06,-7.0551
1.5221e-06,-7.2517
1.5222e-06,-7.0919
1.5223e-06,-7.0645
1.5224e-06,-7.1318
1.5225e-06,-7.0137
1.5226e-06,-7.1847
1.5227e-06,-7.2466
1.5228e-06,-7.2978
1.5229e-06,-7.2778
1.523e-06,-7.2103
1.5231e-06,-7.2645
1.5232e-06,-7.385
1.5233e-06,-7.3156
1.5234e-06,-7.462
1.5235e-06,-7.4369
1.5236e-06,-7.1281
1.5237e-06,-7.3568
1.5238e-06,-7.3193
1.5239e-06,-7.545
1.524e-06,-7.5503
1.5241e-06,-7.6518
1.5242e-06,-7.4855
1.5243e-06,-7.7394
1.5244e-06,-7.7696
1.5245e-06,-7.5102
1.5246e-06,-7.49
1.5247e-06,-7.6082
1.5248e-06,-7.701
1.5249e-06,-7.801
1.525e-06,-7.8088
1.5251e-06,-7.5501
1.5252e-06,-7.9616
1.5253e-06,-7.8874
1.5254e-06,-8.0553
1.5255e-06,-8.0262
1.5256e-06,-7.9842
1.5257e-06,-7.8643
1.5258e-06,-7.9819
1.5259e-06,-8.1846
1.526e-06,-8.046
1.5261e-06,-7.9149
1.5262e-06,-8.1301
1.5263e-06,-8.1147
1.5264e-06,-8.2008
1.5265e-06,-8.084
1.5266e-06,-8.1845
1.5267e-06,-8.3041
1.5268e-06,-8.301
1.5269e-06,-8.1729
1.527e-06,-8.2884
1.5271e-06,-8.2455
1.5272e-06,-8.3278
1.5273e-06,-8.314
1.5274e-06,-8.3316
1.5275e-06,-8.3927
1.5276e-06,-8.51
1.5277e-06,-8.3821
1.5278e-06,-8.3797
1.5279e-06,-8.4049
1.528e-06,-8.5221
1.5281e-06,-8.7095
1.5282e-06,-8.5419
1.5283e-06,-8.56
1.5284e-06,-8.5953
1.5285e-06,-8.6234
1.5286e-06,-8.7658
1.5287e-06,-8.7839
1.5288e-06,-8.7577
1.5289e-06,-8.7561
1.529e-06,-8.8161
1.5291e-06,-8.672
1.5292e-06,-8.8176
1.5293e-06,-8.9316
1.5294e-06,-8.862
1.5295e-06,-8.7468
1.5296e-06,-8.9118
1.5297e-06,-8.8466
1.5298e-06,-8.9694
1.5299e-06,-9.1091
1.53e-06,-8.8289
1.5301e-06,-9.055
1.5302e-06,-9.2027
1.5303e-06,-8.8684
1.5304e-06,-9.2427
1.5305e-06,-9.1199
1.5306e-06,-9.1948
1.5307e-06,-9.2181
1.5308e-06,-9.3938
1.5309e-06,-9.3246
1.531e-06,-9.1699
1.5311e-06,-9.2961
1.5312e-06,-9.3481
1.5313e-06,-9.5749
1.5314e-06,-9.5335
1.5315e-06,-9.4123
1.5316e-06,-9.5462
1.5317e-06,-9.7083
1.5318e-06,-9.2959
1.5319e-06,-9.502
1.532e-06,-9.7372
1.5321e-06,-9.423
1.5322e-06,-9.6222
1.5323e-06,-9.5592
1.5324e-06,-9.6606
1.5325e-06,-9.725
1.5326e-06,-9.6359
1.5327e-06,-9.6597
1.5328e-06,-9.7042
1.5329e-06,-9.9625
1.533e-06,-9.8641
1.5331e-06,-9.9259
1.5332e-06,-9.9295
1.5333e-06,-9.8852
1.5334e-06,-10.159
1.5335e-06,-9.9089
1.5336e-06,-9.9555
1.5337e-06,-10.177
1.5338e-06,-10.067
1.5339e-06,-10.077
1.534e-06,-10.186
1.5341e-06,-10.102
1.5342e-06,-10.106
1.5343e-06,-10.183
1.5344e-06,-10.481
1.5345e-06,-10.175
1.5346e-06,-10.38
1.5347e-06,-10.374
1.5348e-06,-10.267
1.5349e-06,-10.428
1.535e-06,-10.481
1.5351e-06,-10.432
1.5352e-06,-10.509
1.5353e-06,-10.409
1.5354e-06,-10.57
1.5355e-06,-10.66
1.5356e-06,-10.609
1.5357e-06,-10.554
1.5358e-06,-10.734
1.5359e-06,-10.573
1.536e-06,-10.686
1.5361e-06,-10.636
1.5362e-06,-10.995
1.5363e-06,-10.905
1.5364e-06,-10.809
1.5365e-06,-10.927
1.5366e-06,-10.88
1.5367e-06,-11.064
1.5368e-06,-11
1.5369e-06,-10.959
1.537e-06,-10.987
1.5371e-06,-11.066
1.5372e-06,-11.148
1.5373e-06,-11.025
1.5374e-06,-11.08
1.5375e-06,-11.367
1.5376e-06,-11.237
1.5377e-06,-11.414
1.5378e-06,-11.138
1.5379e-06,-11.343
1.538e-06,-11.371
1.5381e-06,-11.188
1.5382e-06,-11.443
1.5383e-06,-11.436
1.5384e-06,-11.483
1.5385e-06,-11.356
1.5386e-06,-11.422
1.5387e-06,-11.661
1.5388e-06,-11.459
1.5389e-06,-11.604
1.539e-06,-11.708
1.5391e-06,-11.705
1.5392e-06,-11.603
1.5393e-06,-11.413
1.5394e-06,-11.563
1.5395e-06,-11.967
1.5396e-06,-11.895
1.5397e-06,-11.491
1.5398e-06,-11.902
1.5399e-06,-11.85
1.54e-06,-11.851
1.5401e-06,-11.922
1.5402e-06,-12.087
1.5403e-06,-11.972
1.5404e-06,-12.232
1.5405e-06,-12.099
1.5406e-06,-12.01
1.5407e-06,-12.126
1.5408e-06,-12.043
1.5409e-06,-12.267
1.541e-06,-12.199
1.5411e-06,-12.289
1.5412e-06,-12.462
1.5413e-06,-12.318
1.5414e-06,-12.225
1.5415e-06,-12.245
1.5416e-06,-12.47
1.5417e-06,-12.329
1.5418e-06,-12.486
1.5419e-06,-12.255
1.542e-06,-12.465
1.5421e-06,-12.61
1.5422e-06,-12.729
1.5423e-06,-12.622
1.5424e-06,-12.691
1.5425e-06,-12.698
1.5426e-06,-12.764
1.5427e-06,-12.662
1.5428e-06,-12.858
1.5429e-06,-12.837
1.543e-06,-12.742
1.5431e-06,-12.934
1.5432e-06,-13.054
1.5433e-06,-13.096
1.5434e-06,-13.105
1.5435e-06,-12.966
1.5436e-06,-13.315
1.5437e-06,-13.06
1.5438e-06,-13.192
1.5439e-06,-12.869
1.544e-06,-13.197
1.5441e-06,-12.936
1.5442e-06,-13.152
1.5443e-06,-13.27
1.5444e-06,-13.176
1.5445e-06,-13.35
1.5446e-06,-13.296
1.5447e-06,-13.263
1.5448e-06,-13.51
1.5449e-06,-13.541
1.545e-06,-13.401
1.5451e-06,-13.457
1.5452e-06,-13.378
1.5453e-06,-13.484
1.5454e-06,-13.495
1.5455e-06,-13.721
1.5456e-06,-13.732
1.5457e-06,-13.726
1.5458e-06,-13.711
1.5459e-06,-13.882
1.546e-06,-13.706
1.5461e-06,-13.871
1.5462e-06,-13.489
1.5463e-06,-13.757
1.5464e-06,-13.652
1.5465e-06,-14.004
1.5466e-06,-13.766
1.5467e-06,-13.785
1.5468e-06,-13.953
1.5469e-06,-13.982
1.547e-06,-13.898
1.5471e-06,-13.962
1.5472e-06,-13.925
1.5473e-06,-14.032
1.5474e-06,-14.008
1.5475e-06,-14.099
1.5476e-06,-13.92
1.5477e-06,-14.113
1.5478e-06,-13.9
1.5479e-06,-14.265
1.548e-06,-14.183
1.5481e-06,-14.425
1.5482e-06,-14.285
1.5483e-06,-14.278
1.5484e-06,-14.219
1.5485e-06,-14.319
1.5486e-06,-14.565
1.5487e-06,-14.201
1.5488e-06,-14.407
1.5489e-06,-14.398
1.549e-06,-14.195
1.5491e-06,-14.607
1.5492e-06,-14.5
1.5493e-06,-14.5
1.5494e-06,-14.671
1.5495e-06,-14.359
1.5496e-06,-14.59
1.5497e-06,-14.276
1.5498e-06,-14.688
1.5499e-06,-14.482
1.55e-06,-14.685
1.5501e-06,-14.547
1.5502e-06,-14.459
1.5503e-06,-14.625
1.5504e-06,-14.574
1.5505e-06,-14.826
1.5506e-06,-14.676
1.5507e-06,-14.778
1.5508e-06,-14.788
1.5509e-06,-14.792
1.551e-06,-14.698
1.5511e-06,-14.877
1.5512e-06,-15.004
1.5513e-06,-14.92
1.5514e-06,-14.64
1.5515e-06,-14.854
1.5516e-06,-14.973
1.5517e-06,-14.792
1.5518e-06,-14.699
1.5519e-06,-14.745
1.552e-06,-14.728
1.5521e-06,-14.931
1.5522e-06,-14.87
1.5523e-06,-15.101
1.5524e-06,-15.174
1.5525e-06,-14.992
1.5526e-06,-14.986
1.5527e-06,-15.09
1.5528e-06,-15.006
1.5529e-06,-14.918
1.553e-06,-15.181
1.5531e-06,-15.052
1.5532e-06,-14.966
1.5533e-06,-14.89
1.5534e-06,-14.971
1.5535e-06,-14.93
1.5536e-06,-15.201
1.5537e-06,-15.026
1.5538e-06,-14.917
1.5539e-06,-15.307
1.554e-06,-15.161
1.5541e-06,-15.18
1.5542e-06,-15.106
1.5543e-06,-15.307
1.5544e-06,-15.182
1.5545e-06,-15.057
1.5546e-06,-14.951
1.5547e-06,-15.071
1.5548e-06,-14.967
1.5549e-06,-15.187
1.555e-06,-15.063
1.5551e-06,-15.165
1.5552e-06,-15.145
1.5553e-06,-15.1
1.5554e-06,-15.02
1.5555e-06,-15.104
1.5556e-06,-15.264
1.5557e-06,-15.261
1.5558e-06,-14.899
1.5559e-06,-14.99
1.556e-06,-15.07
1.5561e-06,-15.163
1.5562e-06,-15.067
1.5563e-06,-15.145
1.5564e-06,-14.952
1.5565e-06,-14.991
1.5566e-06,-14.972
1.5567e-06,-14.97
1.5568e-06,-15.235
1.5569e-06,-15.031
1.557e-06,-14.997
1.5571e-06,-15.065
1.5572e-06,-15.028
1.5573e-06,-15.097
1.5574e-06,-15.066
1.5575e-06,-15.059
1.5576e-06,-15.072
1.5577e-06,-15.127
1.5578e-06,-15.007
1.5579e-06,-14.947
1.558e-06,-15.011
1.5581e-06,-14.952
1.5582e-06,-14.973
1.5583e-06,-14.916
1.5584e-06,-15.061
1.5585e-06,-14.943
1.5586e-06,-14.907
1.5587e-06,-14.931
1.5588e-06,-14.824
1.5589e-06,-15.014
1.559e-06,-15.062
1.5591e-06,-14.731
1.5592e-06,-14.872
1.5593e-06,-14.695
1.5594e-06,-14.792
1.5595e-06,-14.917
1.5596e-06,-14.764
1.5597e-06,-14.718
1.5598e-06,-14.603
1.5599e-06,-14.551
1.56e-06,-14.538
1.5601e-06,-14.561
1.5602e-06,-14.64
1.5603e-06,-14.738
1.5604e-06,-14.614
1.5605e-06,-14.568
1.5606e-06,-14.753
1.5607e-06,-14.505
1.5608e-06,-14.44
1.5609e-06,-14.698
1.561e-06,-14.492
1.5611e-06,-14.566
1.5612e-06,-14.472
1.5613e-06,-14.318
1.5614e-06,-14.484
1.5615e-06,-14.651
1.5616e-06,-14.476
1.5617e-06,-14.336
1.5618e-06,-14.439
1.5619e-06,-14.237
1.562e-06,-14.457
1.5621e-06,-14.23
1.5622e-06,-14.261
1.5623e-06,-14.229
1.5624e-06,-14.332
1.5625e-06,-14.08
1.5626e-06,-14.171
1.5627e-06,-14.074
1.5628e-06,-14.009
1.5629e-06,-14.251
1.563e-06,-14.141
1.5631e-06,-14.074
1.5632e-06,-14.193
1.5633e-06,-13.885
1.5634e-06,-13.947
1.5635e-06,-13.911
1.5636e-06,-13.74
1.5637e-06,-13.862
1.5638e-06,-13.73
1.5639e-06,-13.763
1.564e-06,-13.691
1.5641e-06,-13.604
1.5642e-06,-13.806
1.5643e-06,-13.855
1.5644e-06,-13.841
1.5645e-06,-13.789
1.5646e-06,-13.677
1.5647e-06,-13.756
1.5648e-06,-13.616
1.5649e-06,-13.586
1.565e-06,-13.534
1.5651e-06,-13.539
1.5652e-06,-13.408
1.5653e-06,-13.636
1.5654e-06,-13.371
1.5655e-06,-13.283
1.5656e-06,-13.519
1.5657e-06,-13.48
1.5658e-06,-13.453
1.5659e-06,-13.634
1.566e-06,-13.35
1.5661e-06,-13.32
1.5662e-06,-13.302
1.5663e-06,-13.145
1.5664e-06,-13.092
1.5665e-06,-13.392
1.5666e-06,-13.21
1.5667e-06,-13.127
1.5668e-06,-13.066
1.5669e-06,-13.042
1.567e-06,-13.206
1.5671e-06,-12.845
1.5672e-06,-13.013
1.5673e-06,-12.992
1.5674e-06,-12.997
1.5675e-06,-12.979
1.5676e-06,-12.829
1.5677e-06,-12.923
1.5678e-06,-12.96
1.5679e-06,-12.782
1.568e-06,-12.812
1.5681e-06,-12.802
1.5682e-06,-12.749
1.5683e-06,-12.849
1.5684e-06,-12.711
1.5685e-06,-12.632
1.5686e-06,-12.85
1.5687e-06,-12.594
1.5688e-06,-12.504
1.5689e-06,-12.593
1.569e-06,-12.616
1.5691e-06,-12.673
1.5692e-06,-12.373
1.5693e-06,-12.354
1.5694e-06,-12.397
1.5695e-06,-12.472
1.5696e-06,-12.313
1.5697e-06,-12.386
1.5698e-06,-12.156
1.5699e-06,-12.446
1.57e-06,-12.471
1.5701e-06,-12.314
1.5702e-06,-12.103
1.5703e-06,-12.278
1.5704e-06,-12.094
1.5705e-06,-12.112
1.5706e-06,-12.124
1.5707e-06,-12.055
1.5708e-06,-12.062
1.5709e-06,-11.854
1.571e-06,-11.787
1.5711e-06,-12.221
1.5712e-06,-12.013
1.5713e-06,-12.065
1.5714e-06,-12.016
1.5715e-06,-11.827
1.5716e-06,-11.966
1.5717e-06,-11.952
1.5718e-06,-11.806
1.5719e-06,-11.859
1.572e-06,-11.6
1.5721e-06,-11.809
1.5722e-06,-11.687
1.5723e-06,-11.43
1.5724e-06,-11.64
1.5725e-06,-11.502
1.5726e-06,-11.533
1.5727e-06,-11.533
1.5728e-06,-11.719
1.5729e-06,-11.489
1.573e-06,-11.6
1.5731e-06,-11.612
1.5732e-06,-11.333
1.5733e-06,-11.524
1.5734e-06,-11.474
1.5735e-06,-11.297
1.5736e-06,-11.239
1.5737e-06,-11.308
1.5738e-06,-11.047
1.5739e-06,-11.327
1.574e-06,-11.224
1.5741e-06,-11.314
1.5742e-06,-11.434
1.5743e-06,-11.135
1.5744e-06,-11.125
1.5745e-06,-11.148
1.5746e-06,-10.781
1.5747e-06,-10.963
1.5748e-06,-11.126
1.5749e-06,-10.937
1.575e-06,-10.809
1.5751e-06,-10.88
1.5752e-06,-10.892
1.5753e-06,-10.883
1.5754e-06,-10.712
1.5755e-06,-10.799
1.5756e-06,-10.757
1.5757e-06,-10.825
1.5758e-06,-10.823
1.5759e-06,-10.417
1.576e-06,-10.516
1.5761e-06,-10.769
1.5762e-06,-10.628
1.5763e-06,-10.754
1.5764e-06,-10.506
1.5765e-06,-10.468
1.5766e-06,-10.53
1.5767e-06,-10.689
1.5768e-06,-10.567
1.5769e-06,-10.751
1.577e-06,-10.423
1.5771e-06,-10.268
1.5772e-06,-10.41
1.5773e-06,-10.365
1.5774e-06,-10.315
1.5775e-06,-10.307
1.5776e-06,-10.236
1.5777e-06,-10.154
1.5778e-06,-10.115
1.5779e-06,-10.055
1.578e-06,-10.167
1.5781e-06,-10.056
1.5782e-06,-10.185
1.5783e-06,-9.8305
1.5784e-06,-10.017
1.5785e-06,-10.035
1.5786e-06,-9.8915
1.5787e-06,-9.8619
1.5788e-06,-10.02
1.5789e-06,-9.9797
1.579e-06,-9.9616
1.5791e-06,-9.5431
1.5792e-06,-9.7512
1.5793e-06,-9.785
1.5794e-06,-9.7066
1.5795e-06,-9.8601
1.5796e-06,-9.769
1.5797e-06,-9.911
1.5798e-06,-9.6487
1.5799e-06,-9.7642
1.58e-06,-9.7224
1.5801e-06,-9.4709
1.5802e-06,-9.5653
1.5803e-06,-9.5525
1.5804e-06,-9.3356
1.5805e-06,-9.5931
1.5806e-06,-9.7593
1.5807e-06,-9.8003
1.5808e-06,-9.6487
1.5809e-06,-9.4414
1.581e-06,-9.6359
1.5811e-06,-9.4204
1.5812e-06,-9.6046
1.5813e-06,-9.3791
1.5814e-06,-9.5027
1.5815e-06,-9.4371
1.5816e-06,-9.0471
1.5817e-06,-9.2006
1.5818e-06,-9.213
1.5819e-06,-9.489
1.582e-06,-9.1451
1.5821e-06,-9.1367
1.5822e-06,-9.2377
1.5823e-06,-9.2804
1.5824e-06,-9.2893
1.5825e-06,-9.1772
1.5826e-06,-9.1799
1.5827e-06,-8.9977
1.5828e-06,-8.8537
1.5829e-06,-9.0688
1.583e-06,-8.8682
1.5831e-06,-8.9851
1.5832e-06,-8.9171
1.5833e-06,-9.0004
1.5834e-06,-9.1248
1.5835e-06,-8.8038
1.5836e-06,-8.7106
1.5837e-06,-8.7626
1.5838e-06,-8.7529
1.5839e-06,-8.8582
1.584e-06,-8.9815
1.5841e-06,-8.8345
1.5842e-06,-8.6674
1.5843e-06,-8.801
1.5844e-06,-8.7594
1.5845e-06,-8.7537
1.5846e-06,-8.7854
1.5847e-06,-8.5848
1.5848e-06,-8.5443
1.5849e-06,-8.4947
1.585e-06,-8.5421
1.5851e-06,-8.4143
1.5852e-06,-8.3989
1.5853e-06,-8.4211
1.5854e-06,-8.4366
1.5855e-06,-8.3938
1.5856e-06,-8.4658
1.5857e-06,-8.3756
1.5858e-06,-8.5221
1.5859e-06,-8.335
1.586e-06,-8.2332
1.5861e-06,-8.2877
1.5862e-06,-8.1461
1.5863e-06,-8.3095
1.5864e-06,-8.1289
1.5865e-06,-8.3459
1.5866e-06,-8.1047
1.5867e-06,-8.2035
1.5868e-06,-8.044
1.5869e-06,-8.1601
1.587e-06,-8.1552
1.5871e-06,-8.308
1.5872e-06,-8.0684
1.5873e-06,-7.9266
1.5874e-06,-8.0693
1.5875e-06,-8.1484
1.5876e-06,-8.0828
1.5877e-06,-7.9722
1.5878e-06,-7.8878
1.5879e-06,-7.8236
1.588e-06,-7.7326
1.5881e-06,-7.7406
1.5882e-06,-7.8343
1.5883e-06,-7.8834
1.5884e-06,-7.7241
1.5885e-06,-7.7255
1.5886e-06,-7.8745
1.5887e-06,-7.7119
1.5888e-06,-7.8479
1.5889e-06,-7.8076
1.589e-06,-7.7534
1.5891e-06,-7.8744
1.5892e-06,-7.7986
1.5893e-06,-7.603
1.5894e-06,-7.4467
1.5895e-06,-7.6352
1.5896e-06,-7.7625
1.5897e-06,-7.3859
1.5898e-06,-7.4595
1.5899e-06,-7.4944
1.59e-06,-7.3803
1.5901e-06,-7.6216
1.5902e-06,-7.2898
1.5903e-06,-7.3877
1.5904e-06,-7.5201
1.5905e-06,-7.4369
1.5906e-06,-7.5587
1.5907e-06,-7.3505
1.5908e-06,-7.4314
1.5909e-06,-7.3865
1.591e-06,-7.3683
1.5911e-06,-7.3434
1.5912e-06,-7.2712
1.5913e-06,-7.3863
1.5914e-06,-7.3672
1.5915e-06,-7.3148
1.5916e-06,-7.2791
1.5917e-06,-7.2498
1.5918e-06,-7.1944
1.5919e-06,-7.2772
1.592e-06,-6.9689
1.5921e-06,-7.2521
1.5922e-06,-7.1155
1.5923e-06,-7.1111
1.5924e-06,-7.1277
1.5925e-06,-6.9912
1.5926e-06,-7.0856
1.5927e-06,-6.9597
1.5928e-06,-6.9313
1.5929e-06,-7.1129
1.593e-06,-6.9199
1.5931e-06,-6.8929
1.5932e-06,-6.9046
1.5933e-06,-6.6869
1.5934e-06,-6.8013
1.5935e-06,-6.7032
1.5936e-06,-6.9178
1.5937e-06,-6.8031
1.5938e-06,-6.8907
1.5939e-06,-7.0679
1.594e-06,-6.8724
1.5941e-06,-6.6545
1.5942e-06,-6.83
1.5943e-06,-6.5985
1.5944e-06,-6.6621
1.5945e-06,-6.7638
1.5946e-06,-6.8025
1.5947e-06,-6.7603
1.5948e-06,-6.5034
1.5949e-06,-6.5389
1.595e-06,-6.5672
1.5951e-06,-6.6963
1.5952e-06,-6.5443
1.5953e-06,-6.5766
1.5954e-06,-6.5924
1.5955e-06,-6.5793
1.5956e-06,-6.5056
1.5957e-06,-6.3998
1.5958e-06,-6.667
1.5959e-06,-6.4564
1.596e-06,-6.413
1.5961e-06,-6.3925
1.5962e-06,-6.3524
1.5963e-06,-6.3249
1.5964e-06,-6.5472
1.5965e-06,-6.3638
1.5966e-06,-6.1519
1.5967e-06,-6.397
1.5968e-06,-6.2406
1.5969e-06,-6.4033
1.597e-06,-6.2787
1.5971e-06,-6.3014
1.5972e-06,-6.174
1.5973e-06,-6.2431
1.5974e-06,-5.957
1.5975e-06,-6.0785
1.5976e-06,-6.3154
1.5977e-06,-6.1948
1.5978e-06,-6.012
1.5979e-06,-6.2163
1.598e-06,-6.3497
1.5981e-06,-6.1197
1.5982e-06,-6.1525
1.5983e-06,-6.0704
1.5984e-06,-6.0441
1.5985e-06,-5.994
1.5986e-06,-6.1826
1.5987e-06,-5.9374
1.5988e-06,-6.2618
1.5989e-06,-6.209
1.599e-06,-6.0137
1.5991e-06,-5.8795
1.5992e-06,-5.8418
1.5993e-06,-5.8094
1.5994e-06,-5.9971
1.5995e-06,-5.7164
1.5996e-06,-5.8764
1.5997e-06,-5.6791
1.5998e-06,-5.819
1.5999e-06,-5.8827
1.6e-06,-5.6425
1.6001e-06,-5.7268
1.6002e-06,-6.0704
1.6003e-06,-6.0139
1.6004e-06,-5.7882
1.6005e-06,-5.6475
1.6006e-06,-5.6011
1.6007e-06,-5.7115
1.6008e-06,-5.801
1.6009e-06,-5.783
1.601e-06,-5.4958
1.6011e-06,-5.8986
1.6012e-06,-5.5368
1.6013e-06,-5.6967
1.6014e-06,-5.5552
1.6015e-06,-5.5522
1.6016e-06,-5.4475
1.6017e-06,-5.6896
1.6018e-06,-5.3737
1.6019e-06,-5.5451
1.602e-06,-5.3887
1.6021e-06,-5.3961
1.6022e-06,-5.4941
1.6023e-06,-5.4049
1.6024e-06,-5.5205
1.6025e-06,-5.5757
1.6026e-06,-5.4546
1.6027e-06,-5.3954
1.6028e-06,-5.4697
1.6029e-06,-5.2814
1.603e-06,-5.2478
1.6031e-06,-5.3362
1.6032e-06,-5.2417
1.6033e-06,-5.4583
1.6034e-06,-5.335
1.6035e-06,-5.3099
1.6036e-06,-5.3681
1.6037e-06,-5.1692
1.6038e-06,-5.3378
1.6039e-06,-5.4319
1.604e-06,-5.2405
1.6041e-06,-5.1426
1.6042e-06,-5.2234
1.6043e-06,-5.1512
1.6044e-06,-5.1331
1.6045e-06,-5.2596
1.6046e-06,-5.2188
1.6047e-06,-5.0864
1.6048e-06,-5.1313
1.6049e-06,-5.1232
1.605e-06,-4.879
1.6051e-06,-4.8617
1.6052e-06,-4.9953
1.6053e-06,-5.0371
1.6054e-06,-5.0072
1.6055e-06,-4.8899
1.6056e-06,-5.0266
1.6057e-06,-4.7475
1.6058e-06,-4.9869
1.6059e-06,-4.8215
1.606e-06,-5.1772
1.6061e-06,-5.0394
1.6062e-06,-4.9558
1.6063e-06,-5.0034
1.6064e-06,-4.9275
1.6065e-06,-4.8786
1.6066e-06,-4.6823
1.6067e-06,-4.6093
1.6068e-06,-4.6729
1.6069e-06,-4.7891
1.607e-06,-4.6572
1.6071e-06,-4.8355
1.6072e-06,-4.5756
1.6073e-06,-4.738
1.6074e-06,-4.851
1.6075e-06,-4.81
1.6076e-06,-4.8642
1.6077e-06,-4.6532
1.6078e-06,-4.8176
1.6079e-06,-4.6273
1.608e-06,-4.7981
1.6081e-06,-4.4337
1.6082e-06,-4.4928
1.6083e-06,-4.726
1.6084e-06,-4.6219
1.6085e-06,-4.3818
1.6086e-06,-4.6391
1.6087e-06,-4.4958
1.6088e-06,-4.6675
1.6089e-06,-4.5455
1.609e-06,-4.5597
1.6091e-06,-4.408
1.6092e-06,-4.4378
1.6093e-06,-4.5008
1.6094e-06,-4.4138
1.6095e-06,-4.4405
1.6096e-06,-4.4857
1.6097e-06,-4.3086
1.6098e-06,-4.453
1.6099e-06,-4.492
1.61e-06,-4.4618
1.6101e-06,-4.4168
1.6102e-06,-4.1651
1.6103e-06,-4.2398
1.6104e-06,-4.5844
1.6105e-06,-4.3743
1.6106e-06,-3.9267
1.6107e-06,-4.5022
1.6108e-06,-4.3122
1.6109e-06,-4.2418
1.611e-06,-4.0948
1.6111e-06,-4.4736
1.6112e-06,-4.1987
1.6113e-06,-4.3189
1.6114e-06,-4.3252
1.6115e-06,-4.4498
1.6116e-06,-4.1837
1.6117e-06,-4.1791
1.6118e-06,-4.2519
1.6119e-06,-4.1956
1.612e-06,-4.1249
1.6121e-06,-3.9505
1.6122e-06,-4.2018
1.6123e-06,-4.1673
1.6124e-06,-3.8571
1.6125e-06,-3.9198
1.6126e-06,-4.1286
1.6127e-06,-3.9444
1.6128e-06,-4.0286
1.6129e-06,-4.1124
1.613e-06,-3.9043
1.6131e-06,-4.0042
1.6132e-06,-3.8938
1.6133e-06,-3.9297
1.6134e-06,-3.9636
1.6135e-06,-3.9596
1.6136e-06,-3.8111
1.6137e-06,-3.9724
1.6138e-06,-4.1169
1.6139e-06,-4.0813
1.614e-06,-4.1491
1.6141e-06,-3.8737
1.6142e-06,-3.9194
1.6143e-06,-3.883
1.6144e-06,-3.8701
1.6145e-06,-3.8841
1.6146e-06,-3.7174
1.6147e-06,-3.838
1.6148e-06,-3.5205
1.6149e-06,-3.8874
1.615e-06,-3.9713
1.6151e-06,-3.7144
1.6152e-06,-3.5374
1.6153e-06,-3.6467
1.6154e-06,-3.7089
1.6155e-06,-3.6279
1.6156e-06,-3.5365
1.6157e-06,-3.6564
1.6158e-06,-3.7042
1.6159e-06,-3.7129
1.616e-06,-3.6736
1.6161e-06,-3.735
1.6162e-06,-3.703
1.6163e-06,-3.6739
1.6164e-06,-3.6041
1.6165e-06,-3.6217
1.6166e-06,-3.4778
1.6167e-06,-3.3538
1.6168e-06,-3.7103
1.6169e-06,-3.7626
1.617e-06,-3.5555
1.6171e-06,-3.5968
1.6172e-06,-3.4896
1.6173e-06,-3.3042
1.6174e-06,-3.6151
1.6175e-06,-3.6793
1.6176e-06,-3.4128
1.6177e-06,-3.6704
1.6178e-06,-3.671
1.6179e-06,-3.4762
1.618e-06,-3.4072
1.6181e-06,-3.4039
1.6182e-06,-3.1725
1.6183e-06,-3.4277
1.6184e-06,-3.3228
1.6185e-06,-3.3685
1.6186e-06,-3.3313
1.6187e-06,-3.5203
1.6188e-06,-3.21
1.6189e-06,-3.4114
1.619e-06,-3.1277
1.6191e-06,-3.2613
1.6192e-06,-3.201
1.6193e-06,-3.1861
1.6194e-06,-3.1853
1.6195e-06,-3.2133
1.6196e-06,-3.1689
1.6197e-06,-3.1927
1.6198e-06,-3.5231
1.6199e-06,-3.3962
1.62e-06,-3.2876
1.6201e-06,-3.4346
1.6202e-06,-3.118
1.6203e-06,-3.2055
1.6204e-06,-2.9392
1.6205e-06,-3.1128
1.6206e-06,-3.2815
1.6207e-06,-3.2699
1.6208e-06,-3.1108
1.6209e-06,-2.9934
1.621e-06,-3.1758
1.6211e-06,-3.1232
1.6212e-06,-3.2273
1.6213e-06,-3.1114
1.6214e-06,-2.8745
1.6215e-06,-3.1706
1.6216e-06,-2.941
1.6217e-06,-3.1701
1.6218e-06,-2.785
1.6219e-06,-2.8337
1.622e-06,-3.167
1.6221e-06,-2.9337
1.6222e-06,-2.8963
1.6223e-06,-3.2082
1.6224e-06,-2.8613
1.6225e-06,-2.6948
1.6226e-06,-2.9377
1.6227e-06,-2.8422
1.6228e-06,-2.9489
1.6229e-06,-2.9751
1.623e-06,-2.8339
1.6231e-06,-2.7743
1.6232e-06,-2.7569
1.6233e-06,-2.8083
1.6234e-06,-2.9092
1.6235e-06,-2.7346
1.6236e-06,-2.6679
1.6237e-06,-2.6765
1.6238e-06,-2.9745
1.6239e-06,-2.686
1.624e-06,-2.9309
1.6241e-06,-2.8071
1.6242e-06,-2.8337
1.6243e-06,-2.7255
1.6244e-06,-2.5675
1.6245e-06,-2.6631
1.6246e-06,-2.8054
1.6247e-06,-2.7127
1.6248e-06,-2.6229
1.6249e-06,-2.8157
1.625e-06,-2.7196
1.6251e-06,-2.8838
1.6252e-06,-2.7687
1.6253e-06,-2.5807
1.6254e-06,-2.7419
1.6255e-06,-2.8354
1.6256e-06,-2.812
1.6257e-06,-2.5463
1.6258e-06,-2.5085
1.6259e-06,-2.5838
1.626e-06,-2.7294
1.6261e-06,-2.7108
1.6262e-06,-2.6669
1.6263e-06,-2.4997
1.6264e-06,-2.4933
1.6265e-06,-2.4554
1.6266e-06,-2.551
1.6267e-06,-2.4476
1.6268e-06,-2.2847
1.6269e-06,-2.639
1.627e-06,-2.196
1.6271e-06,-2.5122
1.6272e-06,-2.3818
1.6273e-06,-2.4494
1.6274e-06,-2.3744
1.6275e-06,-2.5302
1.6276e-06,-2.4178
1.6277e-06,-2.4058
1.6278e-06,-2.355
1.6279e-06,-2.3207
1.628e-06,-2.3757
1.6281e-06,-2.1899
1.6282e-06,-2.0542
1.6283e-06,-2.4804
1.6284e-06,-2.2501
1.6285e-06,-2.279
1.6286e-06,-2.3612
1.6287e-06,-2.1793
1.6288e-06,-2.3645
1.6289e-06,-2.2401
1.629e-06,-2.4886
1.6291e-06,-2.4066
1.6292e-06,-2.2343
1.6293e-06,-2.2693
1.6294e-06,-2.2955
1.6295e-06,-2.3089
1.6296e-06,-2.293
1.6297e-06,-2.3039
1.6298e-06,-2.2315
1.6299e-06,-2.3111
1.63e-06,-2.2106
1.6301e-06,-2.151
1.6302e-06,-2.0143
1.6303e-06,-2.1579
1.6304e-06,-2.1903
1.6305e-06,-2.2542
1.6306e-06,-2.3945
1.6307e-06,-2.0781
1.6308e-06,-2.2962
1.6309e-06,-2.2048
1.631e-06,-2.3523
1.6311e-06,-2.0716
1.6312e-06,-2.0634
1.6313e-06,-2.0306
1.6314e-06,-2.0016
1.6315e-06,-2.0105
1.6316e-06,-2.2178
1.6317e-06,-2.0634
1.6318e-06,-2.2681
1.6319e-06,-1.8207
1.632e-06,-2.1741
1.6321e-06,-1.875
1.6322e-06,-1.9667
1.6323e-06,-1.8694
1.6324e-06,-2.0031
1.6325e-06,-2.0263
1.6326e-06,-2.1572
1.6327e-06,-1.8207
1.6328e-06,-1.8362
1.6329e-06,-1.934
1.633e-06,-1.8931
1.6331e-06,-2.0082
1.6332e-06,-2.0194
1.6333e-06,-1.8551
1.6334e-06,-1.8911
1.6335e-06,-1.6838
1.6336e-06,-1.6655
1.6337e-06,-1.6955
1.6338e-06,-1.9123
1.6339e-06,-1.8086
1.634e-06,-1.8675
1.6341e-06,-1.9168
1.6342e-06,-1.9012
1.6343e-06,-1.8895
1.6344e-06,-1.6318
1.6345e-06,-1.7096
1.6346e-06,-1.6333
1.6347e-06,-1.9244
1.6348e-06,-1.7054
1.6349e-06,-1.7787
1.635e-06,-1.8646
1.6351e-06,-1.7477
1.6352e-06,-1.7735
1.6353e-06,-1.6896
1.6354e-06,-1.6573
1.6355e-06,-1.8231
1.6356e-06,-1.6947
1.6357e-06,-1.9421
1.6358e-06,-1.7941
1.6359e-06,-1.6793
1.636e-06,-1.8414
1.6361e-06,-1.9368
1.6362e-06,-1.7745
1.6363e-06,-1.6029
1.6364e-06,-1.6241
1.6365e-06,-1.5259
1.6366e-06,-1.6217
1.6367e-06,-1.7046
1.6368e-06,-1.3162
1.6369e-06,-1.5627
1.637e-06,-1.6724
1.6371e-06,-1.6198
1.6372e-06,-1.6316
1.6373e-06,-1.7849
1.6374e-06,-1.5073
1.6375e-06,-1.7378
1.6376e-06,-1.4101
1.6377e-06,-1.4809
1.6378e-06,-1.4524
1.6379e-06,-1.4006
1.638e-06,-1.2629
1.6381e-06,-1.4899
1.6382e-06,-1.6017
1.6383e-06,-1.2241
1.6384e-06,-1.4465
1.6385e-06,-1.4048
1.6386e-06,-1.2157
1.6387e-06,-1.3529
1.6388e-06,-1.3104
1.6389e-06,-1.3689
1.639e-06,-1.257
1.6391e-06,-1.4412
1.6392e-06,-1.3207
1.6393e-06,-1.3327
1.6394e-06,-1.2884
1.6395e-06,-1.4603
1.6396e-06,-1.2453
1.6397e-06,-1.137
1.6398e-06,-1.3685
1.6399e-06,-1.3077
1.64e-06,-1.4223
1.6401e-06,-1.3094
1.6402e-06,-1.3202
1.6403e-06,-1.0557
1.6404e-06,-1.1571
1.6405e-06,-1.1757
1.6406e-06,-1.4518
1.6407e-06,-1.0902
1.6408e-06,-1.3846
1.6409e-06,-1.2519
1.641e-06,-1.1376
1.6411e-06,-1.23
1.6412e-06,-1.352
1.6413e-06,-1.2974
1.6414e-06,-1.1292
1.6415e-06,-1.2494
1.6416e-06,-1.1698
1.6417e-06,-0.93836
1.6418e-06,-1.057
1.6419e-06,-1.0166
1.642e-06,-1.1306
1.6421e-06,-1.1306
1.6422e-06,-1.2478
1.6423e-06,-1.0423
1.6424e-06,-0.94919
1.6425e-06,-0.90958
1.6426e-06,-1.1906
1.6427e-06,-1.1869
1.6428e-06,-1.2306
1.6429e-06,-1.0979
1.643e-06,-1.0354
1.6431e-06,-1.0524
1.6432e-06,-1.0699
1.6433e-06,-1.0294
1.6434e-06,-1.2769
1.6435e-06,-1.0438
1.6436e-06,-0.91286
1.6437e-06,-0.91456
1.6438e-06,-1.1877
1.6439e-06,-1.2037
1.644e-06,-0.81667
1.6441e-06,-1.1108
1.6442e-06,-1.0517
1.6443e-06,-1.0727
1.6444e-06,-1.1787
1.6445e-06,-0.88543
1.6446e-06,-0.9319
1.6447e-06,-1.0126
1.6448e-06,-0.90565
1.6449e-06,-1.2812
1.645e-06,-1.0377
1.6451e-06,-0.89657
1.6452e-06,-1.0825
1.6453e-06,-0.70865
1.6454e-06,-0.76506
1.6455e-06,-0.91036
1.6456e-06,-0.89684
1.6457e-06,-0.83184
1.6458e-06,-0.76571
1.6459e-06,-0.91151
1.646e-06,-0.79522
1.6461e-06,-1.0921
1.6462e-06,-0.84736
1.6463e-06,-1.2225
1.6464e-06,-0.93912
1.6465e-06,-0.88599
1.6466e-06,-0.77737
1.6467e-06,-0.7326
1.6468e-06,-0.86218
1.6469e-06,-0.82334
1.647e-06,-0.77185
1.6471e-06,-0.77158
1.6472e-06,-0.81334
1.6473e-06,-0.61366
1.6474e-06,-0.80008
1.6475e-06,-0.69491
1.6476e-06,-0.64421
1.6477e-06,-0.8938
1.6478e-06,-0.5047
1.6479e-06,-0.64738
1.648e-06,-0.85946
1.6481e-06,-0.89393
1.6482e-06,-0.5863
1.6483e-06,-0.67835
1.6484e-06,-0.51949
1.6485e-06,-0.5393
1.6486e-06,-0.7395
1.6487e-06,-0.72634
1.6488e-06,-0.84815
1.6489e-06,-0.61018
1.649e-06,-0.49401
1.6491e-06,-0.3683
1.6492e-06,-0.65666
1.6493e-06,-0.57198
1.6494e-06,-0.29326
1.6495e-06,-0.46516
1.6496e-06,-0.61478
1.6497e-06,-0.53629
1.6498e-06,-0.81838
1.6499e-06,-0.57202
1.65e-06,-0.42871
