1.35e-06,8.7331
1.3501e-06,8.7934
1.3502e-06,8.7887
1.3503e-06,8.7277
1.3504e-06,8.7171
1.3505e-06,8.7221
1.3506e-06,8.6598
1.3507e-06,8.7003
1.3508e-06,8.881
1.3509e-06,8.7577
1.351e-06,8.7873
1.3511e-06,8.7083
1.3512e-06,8.779
1.3513e-06,8.7895
1.3514e-06,8.8492
1.3515e-06,8.7283
1.3516e-06,8.6609
1.3517e-06,8.7188
1.3518e-06,8.7434
1.3519e-06,8.6692
1.352e-06,8.7642
1.3521e-06,8.776
1.3522e-06,8.7259
1.3523e-06,8.766
1.3524e-06,8.6258
1.3525e-06,8.7348
1.3526e-06,8.5494
1.3527e-06,8.5537
1.3528e-06,8.5401
1.3529e-06,8.7152
1.353e-06,8.6276
1.3531e-06,8.5492
1.3532e-06,8.5534
1.3533e-06,8.6273
1.3534e-06,8.5502
1.3535e-06,8.6168
1.3536e-06,8.6997
1.3537e-06,8.7576
1.3538e-06,8.6218
1.3539e-06,8.5455
1.354e-06,8.6666
1.3541e-06,8.6287
1.3542e-06,8.3884
1.3543e-06,8.6874
1.3544e-06,8.5812
1.3545e-06,8.5119
1.3546e-06,8.5535
1.3547e-06,8.5556
1.3548e-06,8.5108
1.3549e-06,8.4421
1.355e-06,8.5232
1.3551e-06,8.5458
1.3552e-06,8.5968
1.3553e-06,8.5217
1.3554e-06,8.4543
1.3555e-06,8.4649
1.3556e-06,8.4269
1.3557e-06,8.4612
1.3558e-06,8.4945
1.3559e-06,8.4087
1.356e-06,8.4501
1.3561e-06,8.4929
1.3562e-06,8.4922
1.3563e-06,8.5956
1.3564e-06,8.465
1.3565e-06,8.6963
1.3566e-06,8.4956
1.3567e-06,8.475
1.3568e-06,8.4969
1.3569e-06,8.4201
1.357e-06,8.5006
1.3571e-06,8.4891
1.3572e-06,8.3719
1.3573e-06,8.4053
1.3574e-06,8.3879
1.3575e-06,8.3833
1.3576e-06,8.4519
1.3577e-06,8.3262
1.3578e-06,8.4058
1.3579e-06,8.5052
1.358e-06,8.4573
1.3581e-06,8.3519
1.3582e-06,8.4108
1.3583e-06,8.4687
1.3584e-06,8.3167
1.3585e-06,8.5456
1.3586e-06,8.379
1.3587e-06,8.3257
1.3588e-06,8.4538
1.3589e-06,8.3881
1.359e-06,8.2277
1.3591e-06,8.3789
1.3592e-06,8.2729
1.3593e-06,8.2876
1.3594e-06,8.2982
1.3595e-06,8.3504
1.3596e-06,8.3575
1.3597e-06,8.381
1.3598e-06,8.2388
1.3599e-06,8.2948
1.36e-06,8.213
1.3601e-06,8.2129
1.3602e-06,8.2696
1.3603e-06,8.2557
1.3604e-06,8.3346
1.3605e-06,8.2403
1.3606e-06,8.2787
1.3607e-06,8.3092
1.3608e-06,8.2684
1.3609e-06,8.287
1.361e-06,8.1665
1.3611e-06,8.2089
1.3612e-06,8.2099
1.3613e-06,8.1851
1.3614e-06,8.2231
1.3615e-06,8.0753
1.3616e-06,8.1364
1.3617e-06,8.11
1.3618e-06,8.126
1.3619e-06,8.2566
1.362e-06,8.1516
1.3621e-06,8.197
1.3622e-06,8.0814
1.3623e-06,8.1117
1.3624e-06,8.2664
1.3625e-06,8.1117
1.3626e-06,8.1271
1.3627e-06,8.1405
1.3628e-06,8.1021
1.3629e-06,8.1623
1.363e-06,8.1341
1.3631e-06,8.1645
1.3632e-06,8.2078
1.3633e-06,8.217
1.3634e-06,8.1403
1.3635e-06,8.3063
1.3636e-06,8.1235
1.3637e-06,8.2625
1.3638e-06,8.1189
1.3639e-06,8.1086
1.364e-06,8.1581
1.3641e-06,8.0813
1.3642e-06,8.1144
1.3643e-06,8.2846
1.3644e-06,8.0033
1.3645e-06,8.0134
1.3646e-06,7.9483
1.3647e-06,8.0427
1.3648e-06,7.9698
1.3649e-06,8.0418
1.365e-06,8.1568
1.3651e-06,8.1861
1.3652e-06,8.1223
1.3653e-06,8.0204
1.3654e-06,8.0659
1.3655e-06,8.1965
1.3656e-06,7.8692
1.3657e-06,7.9976
1.3658e-06,7.9204
1.3659e-06,8.0276
1.366e-06,8.0542
1.3661e-06,8.0526
1.3662e-06,7.9499
1.3663e-06,8.0052
1.3664e-06,8.0594
1.3665e-06,8.0297
1.3666e-06,8.0316
1.3667e-06,7.8153
1.3668e-06,7.8997
1.3669e-06,7.9499
1.367e-06,8.0226
1.3671e-06,7.8659
1.3672e-06,7.9299
1.3673e-06,7.8381
1.3674e-06,7.8702
1.3675e-06,7.7715
1.3676e-06,7.9536
1.3677e-06,8.0337
1.3678e-06,7.8167
1.3679e-06,7.9459
1.368e-06,7.8757
1.3681e-06,8.0279
1.3682e-06,7.901
1.3683e-06,7.9385
1.3684e-06,7.9649
1.3685e-06,7.8635
1.3686e-06,7.854
1.3687e-06,7.7985
1.3688e-06,7.7559
1.3689e-06,7.8259
1.369e-06,7.8335
1.3691e-06,7.9086
1.3692e-06,7.8384
1.3693e-06,7.8702
1.3694e-06,7.777
1.3695e-06,7.8873
1.3696e-06,7.8299
1.3697e-06,7.8084
1.3698e-06,7.9245
1.3699e-06,7.8037
1.37e-06,7.8201
1.3701e-06,7.7424
1.3702e-06,7.8724
1.3703e-06,7.8814
1.3704e-06,7.6858
1.3705e-06,7.8807
1.3706e-06,7.9023
1.3707e-06,7.8832
1.3708e-06,7.7549
1.3709e-06,7.6926
1.371e-06,7.6534
1.3711e-06,7.8887
1.3712e-06,7.5974
1.3713e-06,7.7233
1.3714e-06,7.8053
1.3715e-06,7.7585
1.3716e-06,7.708
1.3717e-06,7.6755
1.3718e-06,7.718
1.3719e-06,7.7712
1.372e-06,7.7647
1.3721e-06,7.7754
1.3722e-06,7.5562
1.3723e-06,7.6558
1.3724e-06,7.5833
1.3725e-06,7.6197
1.3726e-06,7.7235
1.3727e-06,7.6989
1.3728e-06,7.7118
1.3729e-06,7.5624
1.373e-06,7.6182
1.3731e-06,7.6188
1.3732e-06,7.6876
1.3733e-06,7.526
1.3734e-06,7.6163
1.3735e-06,7.5864
1.3736e-06,7.6824
1.3737e-06,7.6506
1.3738e-06,7.6113
1.3739e-06,7.6544
1.374e-06,7.6092
1.3741e-06,7.6591
1.3742e-06,7.5413
1.3743e-06,7.625
1.3744e-06,7.6653
1.3745e-06,7.4941
1.3746e-06,7.5654
1.3747e-06,7.6097
1.3748e-06,7.6841
1.3749e-06,7.5969
1.375e-06,7.7016
1.3751e-06,7.5681
1.3752e-06,7.584
1.3753e-06,7.6493
1.3754e-06,7.5093
1.3755e-06,7.546
1.3756e-06,7.4462
1.3757e-06,7.6573
1.3758e-06,7.643
1.3759e-06,7.4857
1.376e-06,7.4661
1.3761e-06,7.5048
1.3762e-06,7.5808
1.3763e-06,7.62
1.3764e-06,7.4159
1.3765e-06,7.5757
1.3766e-06,7.6077
1.3767e-06,7.5669
1.3768e-06,7.5047
1.3769e-06,7.5254
1.377e-06,7.4874
1.3771e-06,7.4649
1.3772e-06,7.4456
1.3773e-06,7.5553
1.3774e-06,7.471
1.3775e-06,7.4712
1.3776e-06,7.29
1.3777e-06,7.4248
1.3778e-06,7.3947
1.3779e-06,7.4625
1.378e-06,7.357
1.3781e-06,7.4585
1.3782e-06,7.4981
1.3783e-06,7.5092
1.3784e-06,7.4177
1.3785e-06,7.4372
1.3786e-06,7.2963
1.3787e-06,7.2208
1.3788e-06,7.3621
1.3789e-06,7.4134
1.379e-06,7.2656
1.3791e-06,7.389
1.3792e-06,7.5393
1.3793e-06,7.4285
1.3794e-06,7.3697
1.3795e-06,7.3049
1.3796e-06,7.4544
1.3797e-06,7.3261
1.3798e-06,7.3222
1.3799e-06,7.3363
1.38e-06,7.2475
1.3801e-06,7.439
1.3802e-06,7.3196
1.3803e-06,7.3227
1.3804e-06,7.3443
1.3805e-06,7.2114
1.3806e-06,7.3522
1.3807e-06,7.2588
1.3808e-06,7.3556
1.3809e-06,7.2736
1.381e-06,7.2818
1.3811e-06,7.3633
1.3812e-06,7.3851
1.3813e-06,7.3661
1.3814e-06,7.2834
1.3815e-06,7.3517
1.3816e-06,7.2453
1.3817e-06,7.2463
1.3818e-06,7.2197
1.3819e-06,7.2846
1.382e-06,7.2333
1.3821e-06,7.205
1.3822e-06,7.2137
1.3823e-06,7.2259
1.3824e-06,7.1954
1.3825e-06,7.2467
1.3826e-06,7.3174
1.3827e-06,7.2619
1.3828e-06,7.1727
1.3829e-06,7.1106
1.383e-06,7.3667
1.3831e-06,7.0901
1.3832e-06,7.13
1.3833e-06,7.195
1.3834e-06,7.1102
1.3835e-06,7.1983
1.3836e-06,7.1507
1.3837e-06,7.194
1.3838e-06,7.2215
1.3839e-06,7.1647
1.384e-06,7.1291
1.3841e-06,7.1089
1.3842e-06,7.2117
1.3843e-06,7.1529
1.3844e-06,7.0625
1.3845e-06,7.2539
1.3846e-06,7.1522
1.3847e-06,7.0863
1.3848e-06,7.124
1.3849e-06,7.1472
1.385e-06,7.1554
1.3851e-06,7.2053
1.3852e-06,7.1836
1.3853e-06,7.1882
1.3854e-06,7.2181
1.3855e-06,7.2522
1.3856e-06,7.0484
1.3857e-06,7.1358
1.3858e-06,7.0099
1.3859e-06,7.1271
1.386e-06,7.0624
1.3861e-06,7.0547
1.3862e-06,7.0308
1.3863e-06,7.0019
1.3864e-06,7.0916
1.3865e-06,6.9783
1.3866e-06,7.0345
1.3867e-06,7.0986
1.3868e-06,6.9982
1.3869e-06,7.0686
1.387e-06,7.0058
1.3871e-06,6.9924
1.3872e-06,7.0461
1.3873e-06,7.1129
1.3874e-06,7.0468
1.3875e-06,7.1848
1.3876e-06,6.9399
1.3877e-06,6.9247
1.3878e-06,6.9068
1.3879e-06,7.0652
1.388e-06,6.9718
1.3881e-06,6.9601
1.3882e-06,7.0208
1.3883e-06,6.994
1.3884e-06,7.0639
1.3885e-06,7.0794
1.3886e-06,6.9335
1.3887e-06,6.9723
1.3888e-06,7.1019
1.3889e-06,6.8975
1.389e-06,6.8935
1.3891e-06,6.987
1.3892e-06,6.9888
1.3893e-06,7.1529
1.3894e-06,7.0218
1.3895e-06,6.9394
1.3896e-06,6.8704
1.3897e-06,6.999
1.3898e-06,6.8748
1.3899e-06,6.9012
1.39e-06,6.8431
1.3901e-06,6.8706
1.3902e-06,6.9793
1.3903e-06,6.943
1.3904e-06,6.9666
1.3905e-06,6.9945
1.3906e-06,6.9579
1.3907e-06,6.9783
1.3908e-06,6.9937
1.3909e-06,6.7685
1.391e-06,6.7968
1.3911e-06,6.9396
1.3912e-06,6.8111
1.3913e-06,6.8601
1.3914e-06,6.7338
1.3915e-06,6.8563
1.3916e-06,6.9968
1.3917e-06,6.7769
1.3918e-06,6.9018
1.3919e-06,6.807
1.392e-06,6.8851
1.3921e-06,6.7879
1.3922e-06,6.9398
1.3923e-06,6.7418
1.3924e-06,6.7994
1.3925e-06,6.8332
1.3926e-06,6.8045
1.3927e-06,6.7739
1.3928e-06,6.9587
1.3929e-06,6.872
1.393e-06,6.67
1.3931e-06,6.7902
1.3932e-06,6.8194
1.3933e-06,6.9106
1.3934e-06,6.8609
1.3935e-06,6.8509
1.3936e-06,6.6943
1.3937e-06,6.7632
1.3938e-06,6.7856
1.3939e-06,6.8101
1.394e-06,6.8055
1.3941e-06,6.8384
1.3942e-06,6.8348
1.3943e-06,6.7983
1.3944e-06,6.7133
1.3945e-06,6.667
1.3946e-06,6.8108
1.3947e-06,6.5953
1.3948e-06,6.7654
1.3949e-06,6.6576
1.395e-06,6.7577
1.3951e-06,6.7203
1.3952e-06,6.5815
1.3953e-06,6.7259
1.3954e-06,6.6605
1.3955e-06,6.7239
1.3956e-06,6.7461
1.3957e-06,6.6996
1.3958e-06,6.7687
1.3959e-06,6.6598
1.396e-06,6.5953
1.3961e-06,6.7182
1.3962e-06,6.7499
1.3963e-06,6.6038
1.3964e-06,6.5431
1.3965e-06,6.4851
1.3966e-06,6.5861
1.3967e-06,6.6513
1.3968e-06,6.6864
1.3969e-06,6.5694
1.397e-06,6.634
1.3971e-06,6.6149
1.3972e-06,6.5266
1.3973e-06,6.7316
1.3974e-06,6.6804
1.3975e-06,6.5634
1.3976e-06,6.554
1.3977e-06,6.6023
1.3978e-06,6.5023
1.3979e-06,6.58
1.398e-06,6.617
1.3981e-06,6.5475
1.3982e-06,6.6345
1.3983e-06,6.4871
1.3984e-06,6.6164
1.3985e-06,6.5923
1.3986e-06,6.3585
1.3987e-06,6.2893
1.3988e-06,6.5379
1.3989e-06,6.5202
1.399e-06,6.4052
1.3991e-06,6.4639
1.3992e-06,6.4449
1.3993e-06,6.4586
1.3994e-06,6.5274
1.3995e-06,6.5842
1.3996e-06,6.3553
1.3997e-06,6.573
1.3998e-06,6.4835
1.3999e-06,6.4568
1.4e-06,6.3516
1.4001e-06,6.3966
1.4002e-06,6.4808
1.4003e-06,6.2555
1.4004e-06,6.3807
1.4005e-06,6.1943
1.4006e-06,6.3562
1.4007e-06,6.5012
1.4008e-06,6.3578
1.4009e-06,6.4272
1.401e-06,6.3966
1.4011e-06,6.2188
1.4012e-06,6.3609
1.4013e-06,6.3338
1.4014e-06,6.4228
1.4015e-06,6.3243
1.4016e-06,6.3731
1.4017e-06,6.3306
1.4018e-06,6.2406
1.4019e-06,6.4422
1.402e-06,6.3379
1.4021e-06,6.3741
1.4022e-06,6.3284
1.4023e-06,6.3189
1.4024e-06,6.3093
1.4025e-06,6.3408
1.4026e-06,6.2032
1.4027e-06,6.2587
1.4028e-06,6.3423
1.4029e-06,6.4874
1.403e-06,6.2948
1.4031e-06,6.3557
1.4032e-06,6.3271
1.4033e-06,6.2759
1.4034e-06,6.3003
1.4035e-06,6.1206
1.4036e-06,6.3121
1.4037e-06,6.1561
1.4038e-06,6.214
1.4039e-06,6.4161
1.404e-06,6.357
1.4041e-06,6.3117
1.4042e-06,6.1824
1.4043e-06,6.0744
1.4044e-06,6.36
1.4045e-06,6.1461
1.4046e-06,6.1613
1.4047e-06,6.1817
1.4048e-06,6.1166
1.4049e-06,6.0897
1.405e-06,6.1072
1.4051e-06,6.0294
1.4052e-06,6.0936
1.4053e-06,6.1247
1.4054e-06,6.1331
1.4055e-06,6.133
1.4056e-06,6.0201
1.4057e-06,6.0237
1.4058e-06,6.1822
1.4059e-06,6.0455
1.406e-06,6.0038
1.4061e-06,5.9618
1.4062e-06,6.097
1.4063e-06,6.076
1.4064e-06,5.9728
1.4065e-06,5.9732
1.4066e-06,5.9963
1.4067e-06,6.0389
1.4068e-06,6.1646
1.4069e-06,5.9471
1.407e-06,6.0773
1.4071e-06,6.1405
1.4072e-06,5.9833
1.4073e-06,6.0839
1.4074e-06,6.0574
1.4075e-06,6.0158
1.4076e-06,6.0703
1.4077e-06,5.9686
1.4078e-06,5.8651
1.4079e-06,5.9331
1.408e-06,6.0206
1.4081e-06,5.8345
1.4082e-06,5.924
1.4083e-06,5.8108
1.4084e-06,5.8629
1.4085e-06,6.0411
1.4086e-06,6.0825
1.4087e-06,5.9034
1.4088e-06,5.8877
1.4089e-06,5.9397
1.409e-06,5.83
1.4091e-06,5.7735
1.4092e-06,5.8658
1.4093e-06,5.8933
1.4094e-06,5.8064
1.4095e-06,5.927
1.4096e-06,5.7441
1.4097e-06,5.8915
1.4098e-06,5.8119
1.4099e-06,5.8913
1.41e-06,5.7634
1.4101e-06,5.7346
1.4102e-06,6.0785
1.4103e-06,5.7595
1.4104e-06,5.839
1.4105e-06,5.8644
1.4106e-06,5.8214
1.4107e-06,5.7938
1.4108e-06,5.8671
1.4109e-06,5.8132
1.411e-06,5.8237
1.4111e-06,5.6406
1.4112e-06,5.7008
1.4113e-06,5.6979
1.4114e-06,5.8618
1.4115e-06,5.7705
1.4116e-06,5.6116
1.4117e-06,5.6816
1.4118e-06,5.7441
1.4119e-06,5.893
1.412e-06,5.6367
1.4121e-06,5.8015
1.4122e-06,5.6847
1.4123e-06,5.7403
1.4124e-06,5.7457
1.4125e-06,5.658
1.4126e-06,5.558
1.4127e-06,5.499
1.4128e-06,5.7078
1.4129e-06,5.5669
1.413e-06,5.5531
1.4131e-06,5.5204
1.4132e-06,5.6046
1.4133e-06,5.6724
1.4134e-06,5.5271
1.4135e-06,5.641
1.4136e-06,5.6938
1.4137e-06,5.5225
1.4138e-06,5.5576
1.4139e-06,5.5139
1.414e-06,5.4587
1.4141e-06,5.6024
1.4142e-06,5.5234
1.4143e-06,5.4891
1.4144e-06,5.5145
1.4145e-06,5.6944
1.4146e-06,5.639
1.4147e-06,5.54
1.4148e-06,5.4474
1.4149e-06,5.6394
1.415e-06,5.5515
1.4151e-06,5.4739
1.4152e-06,5.5904
1.4153e-06,5.4633
1.4154e-06,5.4241
1.4155e-06,5.5421
1.4156e-06,5.4054
1.4157e-06,5.5339
1.4158e-06,5.5443
1.4159e-06,5.3828
1.416e-06,5.5686
1.4161e-06,5.3633
1.4162e-06,5.408
1.4163e-06,5.4369
1.4164e-06,5.3234
1.4165e-06,5.4558
1.4166e-06,5.378
1.4167e-06,5.5515
1.4168e-06,5.3663
1.4169e-06,5.4143
1.417e-06,5.2922
1.4171e-06,5.4557
1.4172e-06,5.3126
1.4173e-06,5.327
1.4174e-06,5.3666
1.4175e-06,5.2864
1.4176e-06,5.4303
1.4177e-06,5.3498
1.4178e-06,5.2869
1.4179e-06,5.3365
1.418e-06,5.3135
1.4181e-06,5.3451
1.4182e-06,5.3631
1.4183e-06,5.2969
1.4184e-06,5.306
1.4185e-06,5.2501
1.4186e-06,5.2891
1.4187e-06,5.1998
1.4188e-06,5.3232
1.4189e-06,5.2505
1.419e-06,5.2953
1.4191e-06,5.266
1.4192e-06,5.0659
1.4193e-06,5.2021
1.4194e-06,5.1791
1.4195e-06,5.0915
1.4196e-06,5.1952
1.4197e-06,5.1453
1.4198e-06,5.279
1.4199e-06,5.1351
1.42e-06,5.1927
1.4201e-06,5.0572
1.4202e-06,5.1541
1.4203e-06,5.0435
1.4204e-06,5.1087
1.4205e-06,5.1115
1.4206e-06,5.0973
1.4207e-06,5.1047
1.4208e-06,5.1509
1.4209e-06,4.9748
1.421e-06,5.2032
1.4211e-06,5.0867
1.4212e-06,5.0638
1.4213e-06,5.0498
1.4214e-06,5.1041
1.4215e-06,5.0152
1.4216e-06,5.1579
1.4217e-06,5.0166
1.4218e-06,5.1571
1.4219e-06,5.0866
1.422e-06,5.111
1.4221e-06,5.0004
1.4222e-06,5.0322
1.4223e-06,5.0887
1.4224e-06,5.0613
1.4225e-06,5.0298
1.4226e-06,4.9861
1.4227e-06,4.8822
1.4228e-06,5.011
1.4229e-06,4.9651
1.423e-06,5.0388
1.4231e-06,4.9316
1.4232e-06,5.0164
1.4233e-06,4.8906
1.4234e-06,4.9559
1.4235e-06,4.8686
1.4236e-06,5.0355
1.4237e-06,4.8748
1.4238e-06,4.8921
1.4239e-06,5.0524
1.424e-06,4.8744
1.4241e-06,4.9038
1.4242e-06,4.8078
1.4243e-06,4.785
1.4244e-06,4.8971
1.4245e-06,4.9561
1.4246e-06,5
1.4247e-06,4.8289
1.4248e-06,4.833
1.4249e-06,4.8795
1.425e-06,4.907
1.4251e-06,4.9222
1.4252e-06,4.7758
1.4253e-06,4.8995
1.4254e-06,4.8855
1.4255e-06,4.914
1.4256e-06,4.8753
1.4257e-06,4.9351
1.4258e-06,4.9156
1.4259e-06,4.8331
1.426e-06,4.9004
1.4261e-06,4.7406
1.4262e-06,4.7469
1.4263e-06,4.7957
1.4264e-06,4.725
1.4265e-06,4.6605
1.4266e-06,4.7145
1.4267e-06,4.6944
1.4268e-06,4.7309
1.4269e-06,4.7838
1.427e-06,4.7381
1.4271e-06,4.7724
1.4272e-06,4.6221
1.4273e-06,4.7403
1.4274e-06,4.6825
1.4275e-06,4.7693
1.4276e-06,4.7586
1.4277e-06,4.609
1.4278e-06,4.6473
1.4279e-06,4.6238
1.428e-06,4.7383
1.4281e-06,4.5976
1.4282e-06,4.6628
1.4283e-06,4.5638
1.4284e-06,4.6282
1.4285e-06,4.5675
1.4286e-06,4.5569
1.4287e-06,4.6189
1.4288e-06,4.6903
1.4289e-06,4.6318
1.429e-06,4.7027
1.4291e-06,4.501
1.4292e-06,4.5557
1.4293e-06,4.4879
1.4294e-06,4.4983
1.4295e-06,4.5945
1.4296e-06,4.4551
1.4297e-06,4.5349
1.4298e-06,4.4877
1.4299e-06,4.4374
1.43e-06,4.628
1.4301e-06,4.5562
1.4302e-06,4.5509
1.4303e-06,4.5644
1.4304e-06,4.6344
1.4305e-06,4.5177
1.4306e-06,4.4879
1.4307e-06,4.3368
1.4308e-06,4.5218
1.4309e-06,4.3709
1.431e-06,4.3818
1.4311e-06,4.516
1.4312e-06,4.3038
1.4313e-06,4.353
1.4314e-06,4.4979
1.4315e-06,4.5263
1.4316e-06,4.3434
1.4317e-06,4.664
1.4318e-06,4.4477
1.4319e-06,4.3128
1.432e-06,4.445
1.4321e-06,4.2871
1.4322e-06,4.3954
1.4323e-06,4.3671
1.4324e-06,4.3093
1.4325e-06,4.3637
1.4326e-06,4.3171
1.4327e-06,4.4706
1.4328e-06,4.5135
1.4329e-06,4.4243
1.433e-06,4.1656
1.4331e-06,4.31
1.4332e-06,4.3041
1.4333e-06,4.419
1.4334e-06,4.2988
1.4335e-06,4.2957
1.4336e-06,4.2584
1.4337e-06,4.3154
1.4338e-06,4.2822
1.4339e-06,4.2744
1.434e-06,4.289
1.4341e-06,4.2365
1.4342e-06,4.324
1.4343e-06,4.1977
1.4344e-06,4.2169
1.4345e-06,4.3486
1.4346e-06,4.2628
1.4347e-06,4.2532
1.4348e-06,4.1457
1.4349e-06,4.3298
1.435e-06,4.2706
1.4351e-06,4.2608
1.4352e-06,4.2306
1.4353e-06,4.1507
1.4354e-06,4.123
1.4355e-06,4.1381
1.4356e-06,3.969
1.4357e-06,4.1546
1.4358e-06,4.0137
1.4359e-06,4.0536
1.436e-06,4.0534
1.4361e-06,4.0541
1.4362e-06,4.1235
1.4363e-06,4.0229
1.4364e-06,4.0416
1.4365e-06,4.0811
1.4366e-06,4.1965
1.4367e-06,3.9911
1.4368e-06,3.9388
1.4369e-06,4.2305
1.437e-06,4.0679
1.4371e-06,4.0426
1.4372e-06,4.1256
1.4373e-06,3.9415
1.4374e-06,3.9963
1.4375e-06,3.9258
1.4376e-06,3.9387
1.4377e-06,3.91
1.4378e-06,3.8016
1.4379e-06,4.0123
1.438e-06,4.0224
1.4381e-06,4.152
1.4382e-06,3.923
1.4383e-06,3.9024
1.4384e-06,3.9755
1.4385e-06,3.9583
1.4386e-06,3.9357
1.4387e-06,3.8253
1.4388e-06,3.8219
1.4389e-06,3.9236
1.439e-06,3.917
1.4391e-06,3.8331
1.4392e-06,3.898
1.4393e-06,4.0048
1.4394e-06,3.8481
1.4395e-06,3.9415
1.4396e-06,3.864
1.4397e-06,3.7782
1.4398e-06,3.9253
1.4399e-06,3.9375
1.44e-06,3.7862
1.4401e-06,3.9436
1.4402e-06,3.7522
1.4403e-06,3.721
1.4404e-06,3.7483
1.4405e-06,3.8874
1.4406e-06,3.6708
1.4407e-06,3.8121
1.4408e-06,3.854
1.4409e-06,3.6772
1.441e-06,3.8562
1.4411e-06,3.8878
1.4412e-06,3.566
1.4413e-06,3.7227
1.4414e-06,3.6623
1.4415e-06,3.6784
1.4416e-06,3.6796
1.4417e-06,3.7581
1.4418e-06,3.6878
1.4419e-06,3.6524
1.442e-06,3.8482
1.4421e-06,3.6828
1.4422e-06,3.6082
1.4423e-06,3.5051
1.4424e-06,3.6922
1.4425e-06,3.6058
1.4426e-06,3.6938
1.4427e-06,3.777
1.4428e-06,3.7055
1.4429e-06,3.7664
1.443e-06,3.6316
1.4431e-06,3.5386
1.4432e-06,3.6458
1.4433e-06,3.5122
1.4434e-06,3.5572
1.4435e-06,3.6798
1.4436e-06,3.5689
1.4437e-06,3.6604
1.4438e-06,3.5224
1.4439e-06,3.5099
1.444e-06,3.489
1.4441e-06,3.5484
1.4442e-06,3.5372
1.4443e-06,3.5079
1.4444e-06,3.4936
1.4445e-06,3.6293
1.4446e-06,3.6008
1.4447e-06,3.6878
1.4448e-06,3.7077
1.4449e-06,3.682
1.445e-06,3.6011
1.4451e-06,3.4536
1.4452e-06,3.3498
1.4453e-06,3.3507
1.4454e-06,3.476
1.4455e-06,3.5
1.4456e-06,3.4176
1.4457e-06,3.4196
1.4458e-06,3.2715
1.4459e-06,3.4706
1.446e-06,3.4221
1.4461e-06,3.5124
1.4462e-06,3.3285
1.4463e-06,3.2763
1.4464e-06,3.3608
1.4465e-06,3.4427
1.4466e-06,3.3622
1.4467e-06,3.4845
1.4468e-06,3.3821
1.4469e-06,3.2817
1.447e-06,3.431
1.4471e-06,3.4188
1.4472e-06,3.4395
1.4473e-06,3.2988
1.4474e-06,3.2551
1.4475e-06,3.3672
1.4476e-06,3.139
1.4477e-06,3.3084
1.4478e-06,3.2243
1.4479e-06,3.257
1.448e-06,3.2954
1.4481e-06,3.3301
1.4482e-06,3.3038
1.4483e-06,3.2462
1.4484e-06,3.1234
1.4485e-06,3.1386
1.4486e-06,3.3317
1.4487e-06,3.2165
1.4488e-06,3.2692
1.4489e-06,3.086
1.449e-06,3.2144
1.4491e-06,3.0042
1.4492e-06,3.1102
1.4493e-06,3.2861
1.4494e-06,3.1117
1.4495e-06,3.1082
1.4496e-06,3.1576
1.4497e-06,2.9664
1.4498e-06,3.0167
1.4499e-06,3.0512
1.45e-06,3.188
1.4501e-06,3.0312
1.4502e-06,3.0285
1.4503e-06,2.9983
1.4504e-06,2.9152
1.4505e-06,3.0844
1.4506e-06,2.9051
1.4507e-06,2.9018
1.4508e-06,3.2033
1.4509e-06,3.0288
1.451e-06,3.0823
1.4511e-06,3.0929
1.4512e-06,2.9752
1.4513e-06,3.1102
1.4514e-06,2.9848
1.4515e-06,2.8485
1.4516e-06,2.7162
1.4517e-06,3.0764
1.4518e-06,2.9901
1.4519e-06,3.0112
1.452e-06,2.8866
1.4521e-06,2.9947
1.4522e-06,2.9146
1.4523e-06,2.9367
1.4524e-06,2.9467
1.4525e-06,2.9322
1.4526e-06,2.9639
1.4527e-06,3.0271
1.4528e-06,2.9643
1.4529e-06,2.7554
1.453e-06,2.9576
1.4531e-06,2.8926
1.4532e-06,2.7891
1.4533e-06,2.9006
1.4534e-06,3.0034
1.4535e-06,2.8189
1.4536e-06,2.8435
1.4537e-06,2.7143
1.4538e-06,2.7152
1.4539e-06,2.8565
1.454e-06,2.8719
1.4541e-06,2.7297
1.4542e-06,2.6353
1.4543e-06,2.7863
1.4544e-06,2.5921
1.4545e-06,2.7561
1.4546e-06,2.7619
1.4547e-06,2.864
1.4548e-06,2.69
1.4549e-06,2.79
1.455e-06,2.6624
1.4551e-06,2.8041
1.4552e-06,2.6007
1.4553e-06,2.5966
1.4554e-06,2.8443
1.4555e-06,2.8134
1.4556e-06,2.7773
1.4557e-06,2.582
1.4558e-06,2.6465
1.4559e-06,2.5907
1.456e-06,2.5761
1.4561e-06,2.6222
1.4562e-06,2.442
1.4563e-06,2.4918
1.4564e-06,2.5803
1.4565e-06,2.4833
1.4566e-06,2.5617
1.4567e-06,2.4873
1.4568e-06,2.6098
1.4569e-06,2.5486
1.457e-06,2.4961
1.4571e-06,2.4872
1.4572e-06,2.619
1.4573e-06,2.3291
1.4574e-06,2.3302
1.4575e-06,2.5104
1.4576e-06,2.3454
1.4577e-06,2.3625
1.4578e-06,2.6746
1.4579e-06,2.5305
1.458e-06,2.3811
1.4581e-06,2.6162
1.4582e-06,2.3406
1.4583e-06,2.3673
1.4584e-06,2.2493
1.4585e-06,2.339
1.4586e-06,2.2182
1.4587e-06,2.3276
1.4588e-06,2.4067
1.4589e-06,2.3458
1.459e-06,2.2414
1.4591e-06,2.4731
1.4592e-06,2.2172
1.4593e-06,2.4247
1.4594e-06,2.2954
1.4595e-06,2.3695
1.4596e-06,2.4141
1.4597e-06,2.447
1.4598e-06,2.3471
1.4599e-06,2.4414
1.46e-06,2.3606
1.4601e-06,2.1648
1.4602e-06,2.2188
1.4603e-06,2.3236
1.4604e-06,2.2062
1.4605e-06,2.2815
1.4606e-06,2.2931
1.4607e-06,2.1339
1.4608e-06,2.1938
1.4609e-06,2.2836
1.461e-06,2.2705
1.4611e-06,2.0637
1.4612e-06,2.174
1.4613e-06,2.1309
1.4614e-06,1.9389
1.4615e-06,2.2076
1.4616e-06,2.2064
1.4617e-06,2.1151
1.4618e-06,2.209
1.4619e-06,2.0627
1.462e-06,2.1022
1.4621e-06,2.0373
1.4622e-06,2.0105
1.4623e-06,2.1484
1.4624e-06,2.2162
1.4625e-06,2.1202
1.4626e-06,2.0056
1.4627e-06,2.0275
1.4628e-06,2.0775
1.4629e-06,1.9515
1.463e-06,2.0116
1.4631e-06,1.8899
1.4632e-06,1.8717
1.4633e-06,1.9456
1.4634e-06,1.9091
1.4635e-06,1.7458
1.4636e-06,1.908
1.4637e-06,1.8943
1.4638e-06,1.8832
1.4639e-06,1.9757
1.464e-06,1.9592
1.4641e-06,1.8748
1.4642e-06,1.9434
1.4643e-06,1.8094
1.4644e-06,1.9755
1.4645e-06,1.8401
1.4646e-06,1.8833
1.4647e-06,1.9899
1.4648e-06,1.8651
1.4649e-06,1.6564
1.465e-06,1.8727
1.4651e-06,1.6806
1.4652e-06,1.8292
1.4653e-06,1.7443
1.4654e-06,1.7732
1.4655e-06,1.7727
1.4656e-06,1.6424
1.4657e-06,1.5877
1.4658e-06,1.6661
1.4659e-06,1.5328
1.466e-06,1.7108
1.4661e-06,1.7276
1.4662e-06,1.5493
1.4663e-06,1.6767
1.4664e-06,1.8349
1.4665e-06,1.5332
1.4666e-06,1.7014
1.4667e-06,1.5704
1.4668e-06,1.6424
1.4669e-06,1.6748
1.467e-06,1.6964
1.4671e-06,1.6241
1.4672e-06,1.5784
1.4673e-06,1.682
1.4674e-06,1.5375
1.4675e-06,1.5087
1.4676e-06,1.5797
1.4677e-06,1.4795
1.4678e-06,1.6164
1.4679e-06,1.5208
1.468e-06,1.4001
1.4681e-06,1.5268
1.4682e-06,1.5303
1.4683e-06,1.5188
1.4684e-06,1.3721
1.4685e-06,1.4996
1.4686e-06,1.4883
1.4687e-06,1.365
1.4688e-06,1.465
1.4689e-06,1.517
1.469e-06,1.4064
1.4691e-06,1.3616
1.4692e-06,1.3785
1.4693e-06,1.4659
1.4694e-06,1.329
1.4695e-06,1.3812
1.4696e-06,1.4294
1.4697e-06,1.2347
1.4698e-06,1.3387
1.4699e-06,1.2944
1.47e-06,1.2923
1.4701e-06,1.3438
1.4702e-06,1.2543
1.4703e-06,1.4413
1.4704e-06,1.2889
1.4705e-06,1.2421
1.4706e-06,1.2307
1.4707e-06,1.2375
1.4708e-06,1.1674
1.4709e-06,1.3595
1.471e-06,1.3031
1.4711e-06,1.138
1.4712e-06,1.2129
1.4713e-06,1.0891
1.4714e-06,1.0798
1.4715e-06,1.3374
1.4716e-06,1.1003
1.4717e-06,1.136
1.4718e-06,1.1807
1.4719e-06,1.0526
1.472e-06,1.3041
1.4721e-06,1.0594
1.4722e-06,1.2538
1.4723e-06,1.0123
1.4724e-06,1.1231
1.4725e-06,1.1254
1.4726e-06,1.1458
1.4727e-06,1.3069
1.4728e-06,1.0135
1.4729e-06,1.0535
1.473e-06,0.87474
1.4731e-06,1.0021
1.4732e-06,1.0433
1.4733e-06,0.82605
1.4734e-06,0.90551
1.4735e-06,1.0232
1.4736e-06,0.98001
1.4737e-06,0.94535
1.4738e-06,0.91346
1.4739e-06,1.1193
1.474e-06,1.1639
1.4741e-06,0.98696
1.4742e-06,0.88671
1.4743e-06,0.68395
1.4744e-06,0.81993
1.4745e-06,0.6266
1.4746e-06,0.82147
1.4747e-06,0.73572
1.4748e-06,0.80985
1.4749e-06,0.74019
1.475e-06,0.87525
1.4751e-06,0.81001
1.4752e-06,0.79801
1.4753e-06,0.73758
1.4754e-06,0.9172
1.4755e-06,0.70201
1.4756e-06,0.62113
1.4757e-06,0.86863
1.4758e-06,0.75107
1.4759e-06,0.70584
1.476e-06,0.78512
1.4761e-06,0.49533
1.4762e-06,0.76063
1.4763e-06,0.65776
1.4764e-06,0.66971
1.4765e-06,0.67473
1.4766e-06,0.7638
1.4767e-06,0.64658
1.4768e-06,0.65933
1.4769e-06,0.61195
1.477e-06,0.53089
1.4771e-06,0.4671
1.4772e-06,0.66451
1.4773e-06,0.6171
1.4774e-06,0.6093
1.4775e-06,0.34933
1.4776e-06,0.55735
1.4777e-06,0.57497
1.4778e-06,0.51298
1.4779e-06,0.46355
1.478e-06,0.75317
1.4781e-06,0.40766
1.4782e-06,0.56454
1.4783e-06,0.6288
1.4784e-06,0.49516
1.4785e-06,0.48973
1.4786e-06,0.54401
1.4787e-06,0.36997
1.4788e-06,0.30449
1.4789e-06,0.30559
1.479e-06,0.29564
1.4791e-06,0.46204
1.4792e-06,0.2267
1.4793e-06,0.25765
1.4794e-06,0.35126
1.4795e-06,0.30761
1.4796e-06,0.30643
1.4797e-06,0.38509
1.4798e-06,0.449
1.4799e-06,0.23984
1.48e-06,0.31798
1.4801e-06,0.25314
1.4802e-06,0.29877
1.4803e-06,0.29234
1.4804e-06,0.22636
1.4805e-06,0.2623
1.4806e-06,0.31669
1.4807e-06,0.20444
1.4808e-06,0.30017
1.4809e-06,0.22914
1.481e-06,0.22053
1.4811e-06,0.10861
1.4812e-06,-0.011718
1.4813e-06,0.20452
1.4814e-06,0.12905
1.4815e-06,0.16005
1.4816e-06,0.1313
1.4817e-06,0.095715
1.4818e-06,0.23093
1.4819e-06,0.083322
1.482e-06,0.10145
1.4821e-06,0.08825
1.4822e-06,0.029778
1.4823e-06,0.10355
1.4824e-06,-0.26588
1.4825e-06,0.060384
1.4826e-06,0.15555
1.4827e-06,0.060219
1.4828e-06,0.058823
1.4829e-06,-0.045963
1.483e-06,0.093243
1.4831e-06,-0.18593
1.4832e-06,-0.019199
1.4833e-06,-0.29845
1.4834e-06,-0.15817
1.4835e-06,-0.16216
1.4836e-06,-0.14455
1.4837e-06,-0.13052
1.4838e-06,-0.18521
1.4839e-06,0.0098386
1.484e-06,-0.29283
1.4841e-06,-0.22052
1.4842e-06,-0.19942
1.4843e-06,-0.10522
1.4844e-06,-0.20765
1.4845e-06,-0.2105
1.4846e-06,-0.26554
1.4847e-06,-0.13252
1.4848e-06,-0.2209
1.4849e-06,-0.5046
1.485e-06,-0.37427
1.4851e-06,-0.24724
1.4852e-06,-0.29825
1.4853e-06,-0.27585
1.4854e-06,-0.31251
1.4855e-06,-0.26929
1.4856e-06,-0.32314
1.4857e-06,-0.29148
1.4858e-06,-0.50008
1.4859e-06,-0.4355
1.486e-06,-0.21636
1.4861e-06,-0.35641
1.4862e-06,-0.46909
1.4863e-06,-0.288
1.4864e-06,-0.70449
1.4865e-06,-0.36953
1.4866e-06,-0.53307
1.4867e-06,-0.5942
1.4868e-06,-0.47459
1.4869e-06,-0.51163
1.487e-06,-0.42722
1.4871e-06,-0.50881
1.4872e-06,-0.53627
1.4873e-06,-0.56253
1.4874e-06,-0.60847
1.4875e-06,-0.61223
1.4876e-06,-0.61808
1.4877e-06,-0.75563
1.4878e-06,-0.80431
1.4879e-06,-0.59372
1.488e-06,-0.80822
1.4881e-06,-0.6444
1.4882e-06,-0.77262
1.4883e-06,-0.66324
1.4884e-06,-0.73374
1.4885e-06,-0.61707
1.4886e-06,-0.76704
1.4887e-06,-0.7939
1.4888e-06,-0.64065
1.4889e-06,-0.63816
1.489e-06,-0.86312
1.4891e-06,-0.88847
1.4892e-06,-0.8087
1.4893e-06,-0.81555
1.4894e-06,-0.96531
1.4895e-06,-0.83651
1.4896e-06,-0.72725
1.4897e-06,-0.70944
1.4898e-06,-0.8533
1.4899e-06,-0.85649
1.49e-06,-0.74939
1.4901e-06,-0.81437
1.4902e-06,-0.97182
1.4903e-06,-0.85396
1.4904e-06,-0.80135
1.4905e-06,-0.8233
1.4906e-06,-0.84012
1.4907e-06,-0.96599
1.4908e-06,-0.90272
1.4909e-06,-0.97072
1.491e-06,-1.0823
1.4911e-06,-0.91646
1.4912e-06,-1.0468
1.4913e-06,-0.99157
1.4914e-06,-1.104
1.4915e-06,-1.0177
1.4916e-06,-1.0112
1.4917e-06,-1.1077
1.4918e-06,-1.2113
1.4919e-06,-1.2132
1.492e-06,-1.0254
1.4921e-06,-1.1725
1.4922e-06,-1.3098
1.4923e-06,-1.2158
1.4924e-06,-1.1282
1.4925e-06,-1.1736
1.4926e-06,-1.3861
1.4927e-06,-1.3694
1.4928e-06,-1.1867
1.4929e-06,-1.2594
1.493e-06,-1.2758
1.4931e-06,-1.1807
1.4932e-06,-1.2662
1.4933e-06,-1.272
1.4934e-06,-1.2634
1.4935e-06,-1.2151
1.4936e-06,-1.2556
1.4937e-06,-1.3712
1.4938e-06,-1.526
1.4939e-06,-1.3668
1.494e-06,-1.3326
1.4941e-06,-1.3195
1.4942e-06,-1.3167
1.4943e-06,-1.5745
1.4944e-06,-1.446
1.4945e-06,-1.4067
1.4946e-06,-1.357
1.4947e-06,-1.4656
1.4948e-06,-1.4934
1.4949e-06,-1.4252
1.495e-06,-1.5276
1.4951e-06,-1.5385
1.4952e-06,-1.4651
1.4953e-06,-1.4847
1.4954e-06,-1.7088
1.4955e-06,-1.3191
1.4956e-06,-1.6396
1.4957e-06,-1.4594
1.4958e-06,-1.4932
1.4959e-06,-1.6219
1.496e-06,-1.6758
1.4961e-06,-1.7035
1.4962e-06,-1.6563
1.4963e-06,-1.5225
1.4964e-06,-1.6018
1.4965e-06,-1.8151
1.4966e-06,-1.7375
1.4967e-06,-1.7939
1.4968e-06,-1.6966
1.4969e-06,-1.7117
1.497e-06,-1.7882
1.4971e-06,-1.7047
1.4972e-06,-1.6519
1.4973e-06,-1.8833
1.4974e-06,-1.815
1.4975e-06,-1.7551
1.4976e-06,-1.9508
1.4977e-06,-1.82
1.4978e-06,-1.9067
1.4979e-06,-1.9473
1.498e-06,-2.0943
1.4981e-06,-1.7838
1.4982e-06,-1.7991
1.4983e-06,-1.8813
1.4984e-06,-1.8809
1.4985e-06,-1.8997
1.4986e-06,-2.1841
1.4987e-06,-1.9527
1.4988e-06,-2.0528
1.4989e-06,-1.9688
1.499e-06,-1.9444
1.4991e-06,-2.1237
1.4992e-06,-2.0723
1.4993e-06,-2.2427
1.4994e-06,-2.1329
1.4995e-06,-2.2439
1.4996e-06,-2.2543
1.4997e-06,-1.919
1.4998e-06,-2.1238
1.4999e-06,-2.0812
1.5e-06,-2.3393
1.5001e-06,-2.2827
1.5002e-06,-2.1692
1.5003e-06,-2.1385
1.5004e-06,-2.1816
1.5005e-06,-2.1823
1.5006e-06,-2.1966
1.5007e-06,-2.3075
1.5008e-06,-2.2884
1.5009e-06,-2.1088
1.501e-06,-2.222
1.5011e-06,-2.2341
1.5012e-06,-2.2468
1.5013e-06,-2.285
1.5014e-06,-2.2381
1.5015e-06,-2.4264
1.5016e-06,-2.4252
1.5017e-06,-2.4181
1.5018e-06,-2.325
1.5019e-06,-2.4271
1.502e-06,-2.5208
1.5021e-06,-2.3567
1.5022e-06,-2.4952
1.5023e-06,-2.6029
1.5024e-06,-2.3689
1.5025e-06,-2.4986
1.5026e-06,-2.5824
1.5027e-06,-2.3638
1.5028e-06,-2.5049
1.5029e-06,-2.496
1.503e-06,-2.5805
1.5031e-06,-2.5707
1.5032e-06,-2.604
1.5033e-06,-2.6669
1.5034e-06,-2.5245
1.5035e-06,-2.4895
1.5036e-06,-2.6388
1.5037e-06,-2.623
1.5038e-06,-2.8345
1.5039e-06,-2.6905
1.504e-06,-2.7285
1.5041e-06,-2.7364
1.5042e-06,-2.7567
1.5043e-06,-2.7687
1.5044e-06,-2.7573
1.5045e-06,-2.6236
1.5046e-06,-2.7997
1.5047e-06,-2.8529
1.5048e-06,-2.8139
1.5049e-06,-2.6733
1.505e-06,-2.7184
1.5051e-06,-2.8013
1.5052e-06,-2.7939
1.5053e-06,-2.7901
1.5054e-06,-2.9153
1.5055e-06,-3.0824
1.5056e-06,-2.8297
1.5057e-06,-2.9881
1.5058e-06,-2.8999
1.5059e-06,-2.9484
1.506e-06,-2.8515
1.5061e-06,-3.1307
1.5062e-06,-2.9005
1.5063e-06,-3.1495
1.5064e-06,-3.0422
1.5065e-06,-3.1691
1.5066e-06,-2.9077
1.5067e-06,-2.9768
1.5068e-06,-3.2535
1.5069e-06,-3.1865
1.507e-06,-3.0289
1.5071e-06,-3.1353
1.5072e-06,-3.2949
1.5073e-06,-3.188
1.5074e-06,-3.2109
1.5075e-06,-3.3533
1.5076e-06,-3.2506
1.5077e-06,-3.4109
1.5078e-06,-3.2534
1.5079e-06,-3.169
1.508e-06,-3.1453
1.5081e-06,-3.3671
1.5082e-06,-3.3996
1.5083e-06,-3.5008
1.5084e-06,-3.2628
1.5085e-06,-3.3927
1.5086e-06,-3.3452
1.5087e-06,-3.2242
1.5088e-06,-3.3979
1.5089e-06,-3.5208
1.509e-06,-3.5122
1.5091e-06,-3.4714
1.5092e-06,-3.4267
1.5093e-06,-3.5188
1.5094e-06,-3.4444
1.5095e-06,-3.321
1.5096e-06,-3.5396
1.5097e-06,-3.4933
1.5098e-06,-3.678
1.5099e-06,-3.6297
1.51e-06,-3.4845
1.5101e-06,-3.5031
1.5102e-06,-3.622
1.5103e-06,-3.619
1.5104e-06,-3.7528
1.5105e-06,-3.7965
1.5106e-06,-3.7074
1.5107e-06,-3.6432
1.5108e-06,-3.7063
1.5109e-06,-3.9859
1.511e-06,-3.8031
1.5111e-06,-3.8403
1.5112e-06,-3.7993
1.5113e-06,-4.0321
1.5114e-06,-3.9737
1.5115e-06,-3.7262
1.5116e-06,-3.9924
1.5117e-06,-3.9871
1.5118e-06,-3.8425
1.5119e-06,-4.0191
1.512e-06,-3.974
1.5121e-06,-3.9684
1.5122e-06,-4.0339
1.5123e-06,-3.908
1.5124e-06,-4.1759
1.5125e-06,-4.0212
1.5126e-06,-3.927
1.5127e-06,-3.9405
1.5128e-06,-3.9748
1.5129e-06,-4.1042
1.513e-06,-3.9446
1.5131e-06,-3.9973
1.5132e-06,-4.1753
1.5133e-06,-3.9585
1.5134e-06,-4.0159
1.5135e-06,-4.1914
1.5136e-06,-4.2331
1.5137e-06,-4.2679
1.5138e-06,-4.3938
1.5139e-06,-4.2761
1.514e-06,-4.1814
1.5141e-06,-4.2916
1.5142e-06,-4.3116
1.5143e-06,-4.2294
1.5144e-06,-4.3481
1.5145e-06,-4.3245
1.5146e-06,-4.5692
1.5147e-06,-4.5904
1.5148e-06,-4.2054
1.5149e-06,-4.4844
1.515e-06,-4.555
1.5151e-06,-4.5737
1.5152e-06,-4.442
1.5153e-06,-4.4389
1.5154e-06,-4.4707
1.5155e-06,-4.4586
1.5156e-06,-4.4522
1.5157e-06,-4.4161
1.5158e-06,-4.5715
1.5159e-06,-4.5931
1.516e-06,-4.6019
1.5161e-06,-4.5486
1.5162e-06,-4.5892
1.5163e-06,-4.6848
1.5164e-06,-4.6966
1.5165e-06,-4.55
1.5166e-06,-4.7481
1.5167e-06,-4.7975
1.5168e-06,-4.7421
1.5169e-06,-4.908
1.517e-06,-4.8454
1.5171e-06,-4.9103
1.5172e-06,-5.0747
1.5173e-06,-4.6961
1.5174e-06,-4.7748
1.5175e-06,-4.9
1.5176e-06,-4.7894
1.5177e-06,-4.7447
1.5178e-06,-4.7088
1.5179e-06,-4.8071
1.518e-06,-5.1828
1.5181e-06,-5.0692
1.5182e-06,-4.9262
1.5183e-06,-5.0218
1.5184e-06,-5.0397
1.5185e-06,-5.1725
1.5186e-06,-5.0605
1.5187e-06,-5.1207
1.5188e-06,-5.2279
1.5189e-06,-5.1833
1.519e-06,-5.2524
1.5191e-06,-5.1093
1.5192e-06,-5.0695
1.5193e-06,-5.4112
1.5194e-06,-5.2255
1.5195e-06,-5.1019
1.5196e-06,-5.2202
1.5197e-06,-5.3184
1.5198e-06,-5.0888
1.5199e-06,-5.2242
1.52e-06,-5.3375
1.5201e-06,-5.4903
1.5202e-06,-5.2071
1.5203e-06,-5.2297
1.5204e-06,-5.38
1.5205e-06,-5.2756
1.5206e-06,-5.3966
1.5207e-06,-5.4054
1.5208e-06,-5.3475
1.5209e-06,-5.2623
1.521e-06,-5.6096
1.5211e-06,-5.5996
1.5212e-06,-5.5324
1.5213e-06,-5.6933
1.5214e-06,-5.6527
1.5215e-06,-5.5249
1.5216e-06,-5.5484
1.5217e-06,-5.6921
1.5218e-06,-5.6111
1.5219e-06,-5.5762
1.522e-06,-5.5886
1.5221e-06,-5.8251
1.5222e-06,-5.7565
1.5223e-06,-5.6297
1.5224e-06,-5.8315
1.5225e-06,-5.698
1.5226e-06,-5.7519
1.5227e-06,-5.9608
1.5228e-06,-5.9419
1.5229e-06,-5.7795
1.523e-06,-5.762
1.5231e-06,-5.8588
1.5232e-06,-5.8634
1.5233e-06,-5.8902
1.5234e-06,-5.9837
1.5235e-06,-5.834
1.5236e-06,-5.8039
1.5237e-06,-6.0488
1.5238e-06,-5.9646
1.5239e-06,-6.1898
1.524e-06,-6.0632
1.5241e-06,-6.0511
1.5242e-06,-6.0809
1.5243e-06,-6.2267
1.5244e-06,-6.2375
1.5245e-06,-6.1651
1.5246e-06,-6.1139
1.5247e-06,-6.2498
1.5248e-06,-6.1476
1.5249e-06,-6.2631
1.525e-06,-6.2027
1.5251e-06,-6.1877
1.5252e-06,-6.4625
1.5253e-06,-6.3481
1.5254e-06,-6.2709
1.5255e-06,-6.4607
1.5256e-06,-6.3848
1.5257e-06,-6.371
1.5258e-06,-6.4771
1.5259e-06,-6.5368
1.526e-06,-6.5099
1.5261e-06,-6.5113
1.5262e-06,-6.4852
1.5263e-06,-6.4775
1.5264e-06,-6.5085
1.5265e-06,-6.5345
1.5266e-06,-6.5861
1.5267e-06,-6.691
1.5268e-06,-6.6063
1.5269e-06,-6.5994
1.527e-06,-6.6312
1.5271e-06,-6.6497
1.5272e-06,-6.796
1.5273e-06,-6.8611
1.5274e-06,-6.8429
1.5275e-06,-6.7272
1.5276e-06,-6.8925
1.5277e-06,-6.6725
1.5278e-06,-6.7756
1.5279e-06,-6.7983
1.528e-06,-6.9657
1.5281e-06,-6.9353
1.5282e-06,-6.9005
1.5283e-06,-6.8123
1.5284e-06,-6.7476
1.5285e-06,-6.9942
1.5286e-06,-7.0767
1.5287e-06,-7.0412
1.5288e-06,-7.0756
1.5289e-06,-7.0973
1.529e-06,-7.0714
1.5291e-06,-7.0244
1.5292e-06,-7.1517
1.5293e-06,-7.1959
1.5294e-06,-7.2356
1.5295e-06,-7.0799
1.5296e-06,-7.2622
1.5297e-06,-7.1274
1.5298e-06,-7.1351
1.5299e-06,-7.3172
1.53e-06,-7.0454
1.5301e-06,-7.3108
1.5302e-06,-7.3569
1.5303e-06,-7.1578
1.5304e-06,-7.556
1.5305e-06,-7.3226
1.5306e-06,-7.5051
1.5307e-06,-7.4696
1.5308e-06,-7.5894
1.5309e-06,-7.5116
1.531e-06,-7.4694
1.5311e-06,-7.5625
1.5312e-06,-7.5591
1.5313e-06,-7.6894
1.5314e-06,-7.7891
1.5315e-06,-7.7581
1.5316e-06,-7.6859
1.5317e-06,-7.7773
1.5318e-06,-7.6947
1.5319e-06,-7.7262
1.532e-06,-7.8654
1.5321e-06,-7.7542
1.5322e-06,-7.9539
1.5323e-06,-7.6638
1.5324e-06,-7.9067
1.5325e-06,-7.9987
1.5326e-06,-7.6917
1.5327e-06,-7.9244
1.5328e-06,-7.6546
1.5329e-06,-7.9823
1.533e-06,-7.995
1.5331e-06,-8.0845
1.5332e-06,-7.8652
1.5333e-06,-8.1543
1.5334e-06,-8.1978
1.5335e-06,-8.2087
1.5336e-06,-8.1103
1.5337e-06,-8.2994
1.5338e-06,-8.2119
1.5339e-06,-8.1376
1.534e-06,-8.3033
1.5341e-06,-8.2904
1.5342e-06,-8.2978
1.5343e-06,-8.2627
1.5344e-06,-8.4465
1.5345e-06,-8.1806
1.5346e-06,-8.4666
1.5347e-06,-8.4703
1.5348e-06,-8.4748
1.5349e-06,-8.5894
1.535e-06,-8.4431
1.5351e-06,-8.3043
1.5352e-06,-8.4833
1.5353e-06,-8.5078
1.5354e-06,-8.4281
1.5355e-06,-8.6514
1.5356e-06,-8.3289
1.5357e-06,-8.5698
1.5358e-06,-8.521
1.5359e-06,-8.5507
1.536e-06,-8.6461
1.5361e-06,-8.6146
1.5362e-06,-8.7968
1.5363e-06,-8.9664
1.5364e-06,-8.7732
1.5365e-06,-8.6104
1.5366e-06,-8.7109
1.5367e-06,-8.9705
1.5368e-06,-8.6604
1.5369e-06,-8.9038
1.537e-06,-8.7526
1.5371e-06,-8.8624
1.5372e-06,-9.0675
1.5373e-06,-8.9162
1.5374e-06,-8.9048
1.5375e-06,-9.203
1.5376e-06,-8.9443
1.5377e-06,-9.1672
1.5378e-06,-8.8405
1.5379e-06,-9.0621
1.538e-06,-9.1342
1.5381e-06,-9.0942
1.5382e-06,-9.2843
1.5383e-06,-9.2246
1.5384e-06,-9.2908
1.5385e-06,-9.2848
1.5386e-06,-9.2124
1.5387e-06,-9.3559
1.5388e-06,-9.176
1.5389e-06,-9.5297
1.539e-06,-9.6288
1.5391e-06,-9.4457
1.5392e-06,-9.5908
1.5393e-06,-9.5296
1.5394e-06,-9.373
1.5395e-06,-9.6504
1.5396e-06,-9.6963
1.5397e-06,-9.4061
1.5398e-06,-9.4963
1.5399e-06,-9.5917
1.54e-06,-9.4623
1.5401e-06,-9.7404
1.5402e-06,-9.8693
1.5403e-06,-9.7174
1.5404e-06,-9.7469
1.5405e-06,-9.8021
1.5406e-06,-9.6523
1.5407e-06,-9.9354
1.5408e-06,-9.5699
1.5409e-06,-9.9046
1.541e-06,-9.7759
1.5411e-06,-9.8607
1.5412e-06,-9.8755
1.5413e-06,-9.861
1.5414e-06,-9.835
1.5415e-06,-10.073
1.5416e-06,-10.143
1.5417e-06,-10.093
1.5418e-06,-9.9602
1.5419e-06,-10.051
1.542e-06,-10.117
1.5421e-06,-9.9738
1.5422e-06,-10.113
1.5423e-06,-10.127
1.5424e-06,-10.298
1.5425e-06,-10.502
1.5426e-06,-10.301
1.5427e-06,-10.271
1.5428e-06,-10.366
1.5429e-06,-10.393
1.543e-06,-10.24
1.5431e-06,-10.285
1.5432e-06,-10.397
1.5433e-06,-10.472
1.5434e-06,-10.56
1.5435e-06,-10.468
1.5436e-06,-10.796
1.5437e-06,-10.506
1.5438e-06,-10.628
1.5439e-06,-10.529
1.544e-06,-10.65
1.5441e-06,-10.593
1.5442e-06,-10.644
1.5443e-06,-10.554
1.5444e-06,-10.791
1.5445e-06,-10.762
1.5446e-06,-10.708
1.5447e-06,-10.665
1.5448e-06,-10.81
1.5449e-06,-10.918
1.545e-06,-10.793
1.5451e-06,-10.779
1.5452e-06,-10.788
1.5453e-06,-11.07
1.5454e-06,-11.174
1.5455e-06,-11.27
1.5456e-06,-11.318
1.5457e-06,-11.102
1.5458e-06,-11.151
1.5459e-06,-11.141
1.546e-06,-11.138
1.5461e-06,-11.287
1.5462e-06,-10.938
1.5463e-06,-11.187
1.5464e-06,-11.283
1.5465e-06,-11.195
1.5466e-06,-11.33
1.5467e-06,-11.445
1.5468e-06,-11.466
1.5469e-06,-11.345
1.547e-06,-11.294
1.5471e-06,-11.194
1.5472e-06,-11.412
1.5473e-06,-11.536
1.5474e-06,-11.534
1.5475e-06,-11.334
1.5476e-06,-11.591
1.5477e-06,-11.565
1.5478e-06,-11.559
1.5479e-06,-11.692
1.548e-06,-11.749
1.5481e-06,-11.699
1.5482e-06,-11.562
1.5483e-06,-11.785
1.5484e-06,-11.645
1.5485e-06,-11.644
1.5486e-06,-11.92
1.5487e-06,-11.684
1.5488e-06,-11.844
1.5489e-06,-11.928
1.549e-06,-11.708
1.5491e-06,-11.955
1.5492e-06,-11.854
1.5493e-06,-12.033
1.5494e-06,-11.962
1.5495e-06,-11.897
1.5496e-06,-12.103
1.5497e-06,-11.937
1.5498e-06,-12.157
1.5499e-06,-12.179
1.55e-06,-12.16
1.5501e-06,-12.098
1.5502e-06,-12.091
1.5503e-06,-12.11
1.5504e-06,-12.313
1.5505e-06,-12.334
1.5506e-06,-12.192
1.5507e-06,-12.306
1.5508e-06,-12.538
1.5509e-06,-12.419
1.551e-06,-12.288
1.5511e-06,-12.424
1.5512e-06,-12.452
1.5513e-06,-12.307
1.5514e-06,-12.398
1.5515e-06,-12.331
1.5516e-06,-12.577
1.5517e-06,-12.575
1.5518e-06,-12.322
1.5519e-06,-12.449
1.552e-06,-12.48
1.5521e-06,-12.402
1.5522e-06,-12.552
1.5523e-06,-12.519
1.5524e-06,-12.771
1.5525e-06,-12.665
1.5526e-06,-12.652
1.5527e-06,-12.761
1.5528e-06,-12.741
1.5529e-06,-12.783
1.553e-06,-12.856
1.5531e-06,-12.746
1.5532e-06,-12.666
1.5533e-06,-12.686
1.5534e-06,-12.793
1.5535e-06,-12.831
1.5536e-06,-13.024
1.5537e-06,-12.705
1.5538e-06,-12.864
1.5539e-06,-13.005
1.554e-06,-12.891
1.5541e-06,-13.024
1.5542e-06,-13.033
1.5543e-06,-12.975
1.5544e-06,-12.877
1.5545e-06,-13.025
1.5546e-06,-13.086
1.5547e-06,-13.057
1.5548e-06,-12.977
1.5549e-06,-13.235
1.555e-06,-12.963
1.5551e-06,-13.17
1.5552e-06,-13.184
1.5553e-06,-13.108
1.5554e-06,-13.303
1.5555e-06,-13.104
1.5556e-06,-13.419
1.5557e-06,-13.293
1.5558e-06,-13.009
1.5559e-06,-13.425
1.556e-06,-13.155
1.5561e-06,-13.37
1.5562e-06,-13.393
1.5563e-06,-13.299
1.5564e-06,-13.211
1.5565e-06,-13.313
1.5566e-06,-13.103
1.5567e-06,-13.319
1.5568e-06,-13.681
1.5569e-06,-13.429
1.557e-06,-13.106
1.5571e-06,-13.204
1.5572e-06,-13.326
1.5573e-06,-13.465
1.5574e-06,-13.547
1.5575e-06,-13.552
1.5576e-06,-13.655
1.5577e-06,-13.282
1.5578e-06,-13.525
1.5579e-06,-13.468
1.558e-06,-13.482
1.5581e-06,-13.621
1.5582e-06,-13.566
1.5583e-06,-13.565
1.5584e-06,-13.65
1.5585e-06,-13.533
1.5586e-06,-13.678
1.5587e-06,-13.622
1.5588e-06,-13.604
1.5589e-06,-13.689
1.559e-06,-13.718
1.5591e-06,-13.794
1.5592e-06,-13.694
1.5593e-06,-13.637
1.5594e-06,-13.866
1.5595e-06,-13.731
1.5596e-06,-13.704
1.5597e-06,-13.649
1.5598e-06,-13.637
1.5599e-06,-13.625
1.56e-06,-13.518
1.5601e-06,-13.636
1.5602e-06,-13.878
1.5603e-06,-13.827
1.5604e-06,-13.513
1.5605e-06,-13.458
1.5606e-06,-13.787
1.5607e-06,-13.754
1.5608e-06,-13.883
1.5609e-06,-13.787
1.561e-06,-13.931
1.5611e-06,-13.947
1.5612e-06,-13.767
1.5613e-06,-13.933
1.5614e-06,-13.69
1.5615e-06,-13.721
1.5616e-06,-13.8
1.5617e-06,-13.746
1.5618e-06,-13.927
1.5619e-06,-13.825
1.562e-06,-13.84
1.5621e-06,-13.763
1.5622e-06,-13.816
1.5623e-06,-14.003
1.5624e-06,-13.897
1.5625e-06,-13.637
1.5626e-06,-13.843
1.5627e-06,-13.918
1.5628e-06,-13.586
1.5629e-06,-13.826
1.563e-06,-13.915
1.5631e-06,-13.672
1.5632e-06,-13.953
1.5633e-06,-13.765
1.5634e-06,-13.748
1.5635e-06,-13.791
1.5636e-06,-13.79
1.5637e-06,-13.678
1.5638e-06,-13.824
1.5639e-06,-13.75
1.564e-06,-13.804
1.5641e-06,-13.73
1.5642e-06,-13.737
1.5643e-06,-13.719
1.5644e-06,-13.699
1.5645e-06,-13.877
1.5646e-06,-13.939
1.5647e-06,-13.84
1.5648e-06,-13.765
1.5649e-06,-13.78
1.565e-06,-13.719
1.5651e-06,-13.704
1.5652e-06,-13.665
1.5653e-06,-13.711
1.5654e-06,-13.639
1.5655e-06,-13.713
1.5656e-06,-13.678
1.5657e-06,-13.728
1.5658e-06,-13.638
1.5659e-06,-13.731
1.566e-06,-13.8
1.5661e-06,-13.695
1.5662e-06,-13.728
1.5663e-06,-13.469
1.5664e-06,-13.504
1.5665e-06,-13.619
1.5666e-06,-13.472
1.5667e-06,-13.405
1.5668e-06,-13.549
1.5669e-06,-13.692
1.567e-06,-13.697
1.5671e-06,-13.593
1.5672e-06,-13.612
1.5673e-06,-13.586
1.5674e-06,-13.438
1.5675e-06,-13.551
1.5676e-06,-13.548
1.5677e-06,-13.598
1.5678e-06,-13.714
1.5679e-06,-13.296
1.568e-06,-13.479
1.5681e-06,-13.695
1.5682e-06,-13.547
1.5683e-06,-13.474
1.5684e-06,-13.397
1.5685e-06,-13.528
1.5686e-06,-13.542
1.5687e-06,-13.396
1.5688e-06,-13.623
1.5689e-06,-13.412
1.569e-06,-13.377
1.5691e-06,-13.467
1.5692e-06,-13.246
1.5693e-06,-13.414
1.5694e-06,-13.249
1.5695e-06,-13.397
1.5696e-06,-13.322
1.5697e-06,-13.404
1.5698e-06,-13.098
1.5699e-06,-13.223
1.57e-06,-13.282
1.5701e-06,-13.273
1.5702e-06,-13.023
1.5703e-06,-13.274
1.5704e-06,-13.248
1.5705e-06,-13.332
1.5706e-06,-13.138
1.5707e-06,-13.071
1.5708e-06,-13.155
1.5709e-06,-13.109
1.571e-06,-12.913
1.5711e-06,-13.145
1.5712e-06,-12.921
1.5713e-06,-13.029
1.5714e-06,-13.263
1.5715e-06,-13.196
1.5716e-06,-13.053
1.5717e-06,-13.124
1.5718e-06,-12.935
1.5719e-06,-13.109
1.572e-06,-12.774
1.5721e-06,-12.974
1.5722e-06,-12.884
1.5723e-06,-12.655
1.5724e-06,-12.955
1.5725e-06,-12.768
1.5726e-06,-12.623
1.5727e-06,-12.784
1.5728e-06,-13.043
1.5729e-06,-12.673
1.573e-06,-12.608
1.5731e-06,-12.965
1.5732e-06,-12.625
1.5733e-06,-12.67
1.5734e-06,-12.731
1.5735e-06,-12.542
1.5736e-06,-12.577
1.5737e-06,-12.596
1.5738e-06,-12.594
1.5739e-06,-12.68
1.574e-06,-12.535
1.5741e-06,-12.511
1.5742e-06,-12.541
1.5743e-06,-12.494
1.5744e-06,-12.486
1.5745e-06,-12.42
1.5746e-06,-12.288
1.5747e-06,-12.406
1.5748e-06,-12.484
1.5749e-06,-12.168
1.575e-06,-12.392
1.5751e-06,-12.243
1.5752e-06,-12.306
1.5753e-06,-12.308
1.5754e-06,-12.276
1.5755e-06,-12.394
1.5756e-06,-12.011
1.5757e-06,-12.322
1.5758e-06,-12.283
1.5759e-06,-11.975
1.576e-06,-11.973
1.5761e-06,-12.195
1.5762e-06,-12.074
1.5763e-06,-12.232
1.5764e-06,-11.785
1.5765e-06,-12.068
1.5766e-06,-11.985
1.5767e-06,-12.091
1.5768e-06,-11.978
1.5769e-06,-12.127
1.577e-06,-11.924
1.5771e-06,-11.83
1.5772e-06,-11.884
1.5773e-06,-11.82
1.5774e-06,-11.994
1.5775e-06,-11.559
1.5776e-06,-11.808
1.5777e-06,-11.775
1.5778e-06,-11.665
1.5779e-06,-11.551
1.578e-06,-11.564
1.5781e-06,-11.752
1.5782e-06,-11.568
1.5783e-06,-11.552
1.5784e-06,-11.429
1.5785e-06,-11.574
1.5786e-06,-11.567
1.5787e-06,-11.633
1.5788e-06,-11.524
1.5789e-06,-11.293
1.579e-06,-11.539
1.5791e-06,-11.294
1.5792e-06,-11.493
1.5793e-06,-11.312
1.5794e-06,-11.493
1.5795e-06,-11.312
1.5796e-06,-11.371
1.5797e-06,-11.24
1.5798e-06,-11.125
1.5799e-06,-11.342
1.58e-06,-11.375
1.5801e-06,-10.97
1.5802e-06,-11.104
1.5803e-06,-11.061
1.5804e-06,-10.921
1.5805e-06,-11.079
1.5806e-06,-11.407
1.5807e-06,-11.337
1.5808e-06,-11.361
1.5809e-06,-11.186
1.581e-06,-10.919
1.5811e-06,-10.801
1.5812e-06,-11.198
1.5813e-06,-10.895
1.5814e-06,-11.192
1.5815e-06,-10.964
1.5816e-06,-10.887
1.5817e-06,-10.942
1.5818e-06,-10.769
1.5819e-06,-10.996
1.582e-06,-10.786
1.5821e-06,-10.827
1.5822e-06,-10.82
1.5823e-06,-10.927
1.5824e-06,-10.791
1.5825e-06,-10.741
1.5826e-06,-10.883
1.5827e-06,-10.672
1.5828e-06,-10.507
1.5829e-06,-10.724
1.583e-06,-10.529
1.5831e-06,-10.534
1.5832e-06,-10.55
1.5833e-06,-10.651
1.5834e-06,-10.546
1.5835e-06,-10.624
1.5836e-06,-10.399
1.5837e-06,-10.491
1.5838e-06,-10.324
1.5839e-06,-10.36
1.584e-06,-10.567
1.5841e-06,-10.503
1.5842e-06,-10.189
1.5843e-06,-10.39
1.5844e-06,-10.416
1.5845e-06,-10.402
1.5846e-06,-10.364
1.5847e-06,-10.13
1.5848e-06,-10.244
1.5849e-06,-10.34
1.585e-06,-10.235
1.5851e-06,-10.039
1.5852e-06,-10.159
1.5853e-06,-10.147
1.5854e-06,-10.114
1.5855e-06,-10.057
1.5856e-06,-10.237
1.5857e-06,-10.175
1.5858e-06,-9.9945
1.5859e-06,-10.075
1.586e-06,-9.9778
1.5861e-06,-9.833
1.5862e-06,-9.8342
1.5863e-06,-9.9612
1.5864e-06,-9.8845
1.5865e-06,-10.098
1.5866e-06,-9.8163
1.5867e-06,-9.7277
1.5868e-06,-9.9553
1.5869e-06,-9.7515
1.587e-06,-9.7711
1.5871e-06,-9.9339
1.5872e-06,-9.5718
1.5873e-06,-9.3399
1.5874e-06,-9.6062
1.5875e-06,-9.8113
1.5876e-06,-9.965
1.5877e-06,-9.6216
1.5878e-06,-9.5372
1.5879e-06,-9.6643
1.588e-06,-9.3764
1.5881e-06,-9.3101
1.5882e-06,-9.5364
1.5883e-06,-9.4142
1.5884e-06,-9.3184
1.5885e-06,-9.4288
1.5886e-06,-9.4189
1.5887e-06,-9.3703
1.5888e-06,-9.3781
1.5889e-06,-9.2708
1.589e-06,-9.4814
1.5891e-06,-9.5424
1.5892e-06,-9.407
1.5893e-06,-9.2104
1.5894e-06,-8.9704
1.5895e-06,-9.5701
1.5896e-06,-9.4465
1.5897e-06,-8.967
1.5898e-06,-8.9026
1.5899e-06,-9.0533
1.59e-06,-9.1225
1.5901e-06,-9.1815
1.5902e-06,-8.9681
1.5903e-06,-8.9286
1.5904e-06,-8.8372
1.5905e-06,-9.0293
1.5906e-06,-9.0145
1.5907e-06,-8.7757
1.5908e-06,-8.9882
1.5909e-06,-8.967
1.591e-06,-8.9462
1.5911e-06,-8.9242
1.5912e-06,-9.0288
1.5913e-06,-8.8688
1.5914e-06,-8.922
1.5915e-06,-8.8322
1.5916e-06,-8.9658
1.5917e-06,-8.8788
1.5918e-06,-8.863
1.5919e-06,-8.6583
1.592e-06,-8.7668
1.5921e-06,-8.9257
1.5922e-06,-8.7936
1.5923e-06,-8.7207
1.5924e-06,-8.633
1.5925e-06,-8.8031
1.5926e-06,-8.618
1.5927e-06,-8.6388
1.5928e-06,-8.5297
1.5929e-06,-8.6658
1.593e-06,-8.7201
1.5931e-06,-8.391
1.5932e-06,-8.6579
1.5933e-06,-8.4846
1.5934e-06,-8.4913
1.5935e-06,-8.3837
1.5936e-06,-8.6452
1.5937e-06,-8.4728
1.5938e-06,-8.3816
1.5939e-06,-8.4932
1.594e-06,-8.3618
1.5941e-06,-8.2009
1.5942e-06,-8.3446
1.5943e-06,-8.2629
1.5944e-06,-8.5885
1.5945e-06,-8.1996
1.5946e-06,-8.366
1.5947e-06,-8.1941
1.5948e-06,-8.2263
1.5949e-06,-8.1642
1.595e-06,-8.2211
1.5951e-06,-8.3244
1.5952e-06,-8.0727
1.5953e-06,-8.218
1.5954e-06,-7.9888
1.5955e-06,-8.0658
1.5956e-06,-8.1164
1.5957e-06,-8.0976
1.5958e-06,-8.182
1.5959e-06,-7.7499
1.596e-06,-7.9552
1.5961e-06,-7.9056
1.5962e-06,-7.7355
1.5963e-06,-7.8804
1.5964e-06,-8.0579
1.5965e-06,-7.905
1.5966e-06,-8.056
1.5967e-06,-7.9551
1.5968e-06,-7.7261
1.5969e-06,-7.958
1.597e-06,-7.6345
1.5971e-06,-7.7809
1.5972e-06,-7.7895
1.5973e-06,-7.8016
1.5974e-06,-7.8192
1.5975e-06,-7.6739
1.5976e-06,-8.0136
1.5977e-06,-7.8027
1.5978e-06,-7.7333
1.5979e-06,-7.7829
1.598e-06,-7.8842
1.5981e-06,-7.6436
1.5982e-06,-7.7475
1.5983e-06,-7.6904
1.5984e-06,-7.5437
1.5985e-06,-7.5513
1.5986e-06,-7.7641
1.5987e-06,-7.5827
1.5988e-06,-7.717
1.5989e-06,-7.5732
1.599e-06,-7.3087
1.5991e-06,-7.533
1.5992e-06,-7.4243
1.5993e-06,-7.2565
1.5994e-06,-7.4828
1.5995e-06,-7.2884
1.5996e-06,-7.4233
1.5997e-06,-7.2521
1.5998e-06,-7.4352
1.5999e-06,-7.4125
1.6e-06,-7.2508
1.6001e-06,-7.2371
1.6002e-06,-7.5497
1.6003e-06,-7.4142
1.6004e-06,-7.2288
1.6005e-06,-7.0402
1.6006e-06,-7.2238
1.6007e-06,-7.2446
1.6008e-06,-7.3251
1.6009e-06,-7.1827
1.601e-06,-7.3633
1.6011e-06,-7.4449
1.6012e-06,-6.9853
1.6013e-06,-7.1884
1.6014e-06,-7.0698
1.6015e-06,-6.9864
1.6016e-06,-6.8631
1.6017e-06,-7.1826
1.6018e-06,-6.9674
1.6019e-06,-6.9258
1.602e-06,-6.9541
1.6021e-06,-7.0419
1.6022e-06,-7.0672
1.6023e-06,-6.9449
1.6024e-06,-7.0848
1.6025e-06,-6.8191
1.6026e-06,-6.9418
1.6027e-06,-6.9278
1.6028e-06,-6.9561
1.6029e-06,-6.5251
1.603e-06,-6.7777
1.6031e-06,-6.7315
1.6032e-06,-6.7327
1.6033e-06,-6.7334
1.6034e-06,-6.6819
1.6035e-06,-6.8066
1.6036e-06,-6.8857
1.6037e-06,-6.5596
1.6038e-06,-7.0781
1.6039e-06,-6.964
1.604e-06,-6.707
1.6041e-06,-6.5826
1.6042e-06,-6.7011
1.6043e-06,-6.6633
1.6044e-06,-6.7041
1.6045e-06,-6.6921
1.6046e-06,-6.453
1.6047e-06,-6.6359
1.6048e-06,-6.5067
1.6049e-06,-6.5473
1.605e-06,-6.2534
1.6051e-06,-6.362
1.6052e-06,-6.4334
1.6053e-06,-6.6005
1.6054e-06,-6.5709
1.6055e-06,-6.4053
1.6056e-06,-6.3596
1.6057e-06,-6.312
1.6058e-06,-6.4571
1.6059e-06,-6.4533
1.606e-06,-6.3514
1.6061e-06,-6.4577
1.6062e-06,-6.3034
1.6063e-06,-6.4701
1.6064e-06,-6.3095
1.6065e-06,-6.2197
1.6066e-06,-6.2154
1.6067e-06,-6.0005
1.6068e-06,-6.0773
1.6069e-06,-6.2245
1.607e-06,-6.3857
1.6071e-06,-6.373
1.6072e-06,-5.9536
1.6073e-06,-6.0874
1.6074e-06,-6.2355
1.6075e-06,-6.0959
1.6076e-06,-6.344
1.6077e-06,-6.1109
1.6078e-06,-6.0085
1.6079e-06,-6.1968
1.608e-06,-6.2569
1.6081e-06,-6.0296
1.6082e-06,-6.2258
1.6083e-06,-6.025
1.6084e-06,-6.1498
1.6085e-06,-5.8002
1.6086e-06,-6.0549
1.6087e-06,-5.9917
1.6088e-06,-6.259
1.6089e-06,-5.857
1.609e-06,-6.0223
1.6091e-06,-5.7579
1.6092e-06,-5.7084
1.6093e-06,-5.9576
1.6094e-06,-5.9587
1.6095e-06,-5.7208
1.6096e-06,-5.7912
1.6097e-06,-5.7436
1.6098e-06,-5.8747
1.6099e-06,-5.8976
1.61e-06,-5.9504
1.6101e-06,-5.8702
1.6102e-06,-5.6099
1.6103e-06,-5.7668
1.6104e-06,-5.8966
1.6105e-06,-5.7196
1.6106e-06,-5.7074
1.6107e-06,-5.8918
1.6108e-06,-5.674
1.6109e-06,-5.4452
1.611e-06,-5.7047
1.6111e-06,-5.835
1.6112e-06,-5.6898
1.6113e-06,-5.6626
1.6114e-06,-5.6627
1.6115e-06,-5.6246
1.6116e-06,-5.4278
1.6117e-06,-5.6908
1.6118e-06,-5.6534
1.6119e-06,-5.5799
1.612e-06,-5.5116
1.6121e-06,-5.3716
1.6122e-06,-5.4727
1.6123e-06,-5.5358
1.6124e-06,-5.3453
1.6125e-06,-5.3388
1.6126e-06,-5.4557
1.6127e-06,-5.3755
1.6128e-06,-5.4803
1.6129e-06,-5.5021
1.613e-06,-5.4333
1.6131e-06,-5.296
1.6132e-06,-5.3529
1.6133e-06,-5.2835
1.6134e-06,-5.3403
1.6135e-06,-5.5233
1.6136e-06,-5.2971
1.6137e-06,-5.4853
1.6138e-06,-5.4287
1.6139e-06,-5.1253
1.614e-06,-5.4259
1.6141e-06,-5.1872
1.6142e-06,-5.2723
1.6143e-06,-5.2432
1.6144e-06,-5.167
1.6145e-06,-5.182
1.6146e-06,-5.1754
1.6147e-06,-4.9239
1.6148e-06,-5.0529
1.6149e-06,-5.363
1.615e-06,-5.3343
1.6151e-06,-5.2149
1.6152e-06,-4.9723
1.6153e-06,-5.1615
1.6154e-06,-5.094
1.6155e-06,-5.0313
1.6156e-06,-5.0539
1.6157e-06,-5.098
1.6158e-06,-4.9385
1.6159e-06,-5.1135
1.616e-06,-5.2497
1.6161e-06,-5.1372
1.6162e-06,-5.0041
1.6163e-06,-5.1028
1.6164e-06,-5.1221
1.6165e-06,-4.8841
1.6166e-06,-4.83
1.6167e-06,-4.8772
1.6168e-06,-4.982
1.6169e-06,-4.9361
1.617e-06,-4.587
1.6171e-06,-4.9696
1.6172e-06,-4.7516
1.6173e-06,-4.8754
1.6174e-06,-4.841
1.6175e-06,-4.9467
1.6176e-06,-4.7766
1.6177e-06,-4.9383
1.6178e-06,-5.0356
1.6179e-06,-5.0112
1.618e-06,-4.4723
1.6181e-06,-4.7524
1.6182e-06,-4.7793
1.6183e-06,-4.7369
1.6184e-06,-4.7913
1.6185e-06,-4.7612
1.6186e-06,-4.6946
1.6187e-06,-4.7161
1.6188e-06,-4.4845
1.6189e-06,-4.8267
1.619e-06,-4.3988
1.6191e-06,-4.6971
1.6192e-06,-4.3535
1.6193e-06,-4.5367
1.6194e-06,-4.5749
1.6195e-06,-4.684
1.6196e-06,-4.5331
1.6197e-06,-4.761
1.6198e-06,-4.6057
1.6199e-06,-4.6686
1.62e-06,-4.4158
1.6201e-06,-4.7765
1.6202e-06,-4.5953
1.6203e-06,-4.4341
1.6204e-06,-4.4037
1.6205e-06,-4.5071
1.6206e-06,-4.4336
1.6207e-06,-4.725
1.6208e-06,-4.2684
1.6209e-06,-4.4073
1.621e-06,-4.5043
1.6211e-06,-4.5116
1.6212e-06,-4.3376
1.6213e-06,-4.5379
1.6214e-06,-4.1412
1.6215e-06,-4.367
1.6216e-06,-4.454
1.6217e-06,-4.3828
1.6218e-06,-4.2862
1.6219e-06,-4.4409
1.622e-06,-4.3824
1.6221e-06,-4.1436
1.6222e-06,-4.2952
1.6223e-06,-4.5124
1.6224e-06,-4.118
1.6225e-06,-3.9958
1.6226e-06,-4.3176
1.6227e-06,-4.2194
1.6228e-06,-4.264
1.6229e-06,-4.241
1.623e-06,-4.1111
1.6231e-06,-4.1089
1.6232e-06,-4.1585
1.6233e-06,-4.0882
1.6234e-06,-4.1717
1.6235e-06,-4.101
1.6236e-06,-4.1308
1.6237e-06,-4.2226
1.6238e-06,-4.0599
1.6239e-06,-3.7905
1.624e-06,-4.3712
1.6241e-06,-4.0344
1.6242e-06,-4.1062
1.6243e-06,-4.0337
1.6244e-06,-3.865
1.6245e-06,-3.8157
1.6246e-06,-4.0782
1.6247e-06,-3.9325
1.6248e-06,-3.9715
1.6249e-06,-4.1051
1.625e-06,-4.1325
1.6251e-06,-3.9811
1.6252e-06,-4.2165
1.6253e-06,-3.8083
1.6254e-06,-3.8447
1.6255e-06,-3.988
1.6256e-06,-4.1121
1.6257e-06,-3.6734
1.6258e-06,-3.8761
1.6259e-06,-3.8395
1.626e-06,-3.8851
1.6261e-06,-3.854
1.6262e-06,-3.5369
1.6263e-06,-3.7727
1.6264e-06,-3.6538
1.6265e-06,-3.6796
1.6266e-06,-3.7445
1.6267e-06,-3.7462
1.6268e-06,-3.6006
1.6269e-06,-3.7095
1.627e-06,-3.7239
1.6271e-06,-3.7364
1.6272e-06,-3.9449
1.6273e-06,-3.4221
1.6274e-06,-3.6996
1.6275e-06,-3.8149
1.6276e-06,-3.6459
1.6277e-06,-3.5473
1.6278e-06,-3.6867
1.6279e-06,-3.5956
1.628e-06,-3.6741
1.6281e-06,-3.6677
1.6282e-06,-3.4742
1.6283e-06,-3.8551
1.6284e-06,-3.5581
1.6285e-06,-3.8378
1.6286e-06,-3.7873
1.6287e-06,-3.5235
1.6288e-06,-3.7996
1.6289e-06,-3.622
1.629e-06,-3.7187
1.6291e-06,-3.6727
1.6292e-06,-3.3839
1.6293e-06,-3.5505
1.6294e-06,-3.5966
1.6295e-06,-3.4776
1.6296e-06,-3.5458
1.6297e-06,-3.6196
1.6298e-06,-3.3305
1.6299e-06,-3.6315
1.63e-06,-3.5226
1.6301e-06,-3.4277
1.6302e-06,-3.452
1.6303e-06,-3.3409
1.6304e-06,-3.4249
1.6305e-06,-3.4325
1.6306e-06,-3.8191
1.6307e-06,-3.3482
1.6308e-06,-3.3576
1.6309e-06,-3.2774
1.631e-06,-3.5847
1.6311e-06,-3.168
1.6312e-06,-3.2421
1.6313e-06,-3.1479
1.6314e-06,-3.2476
1.6315e-06,-3.1803
1.6316e-06,-3.3634
1.6317e-06,-3.2644
1.6318e-06,-3.2909
1.6319e-06,-3.2306
1.632e-06,-3.2433
1.6321e-06,-3.3076
1.6322e-06,-3.2301
1.6323e-06,-3.1691
1.6324e-06,-3.1627
1.6325e-06,-3.1679
1.6326e-06,-3.2763
1.6327e-06,-3.1698
1.6328e-06,-3.0594
1.6329e-06,-3.2067
1.633e-06,-3.0121
1.6331e-06,-3.15
1.6332e-06,-3.1705
1.6333e-06,-3.1303
1.6334e-06,-3.0204
1.6335e-06,-2.9593
1.6336e-06,-3.0437
1.6337e-06,-2.9152
1.6338e-06,-3.0234
1.6339e-06,-3.1307
1.634e-06,-3.1535
1.6341e-06,-3.007
1.6342e-06,-2.9687
1.6343e-06,-2.99
1.6344e-06,-2.7974
1.6345e-06,-2.7596
1.6346e-06,-2.8394
1.6347e-06,-3.0081
1.6348e-06,-2.6433
1.6349e-06,-3.1119
1.635e-06,-2.9832
1.6351e-06,-2.9355
1.6352e-06,-2.8886
1.6353e-06,-2.954
1.6354e-06,-2.8703
1.6355e-06,-3.0351
1.6356e-06,-2.9866
1.6357e-06,-3.0155
1.6358e-06,-2.9934
1.6359e-06,-2.8358
1.636e-06,-3.0178
1.6361e-06,-2.9933
1.6362e-06,-2.9672
1.6363e-06,-2.82
1.6364e-06,-2.7972
1.6365e-06,-2.7216
1.6366e-06,-2.7137
1.6367e-06,-2.7283
1.6368e-06,-2.7192
1.6369e-06,-2.8116
1.637e-06,-2.9087
1.6371e-06,-2.9074
1.6372e-06,-2.5902
1.6373e-06,-2.8058
1.6374e-06,-2.9166
1.6375e-06,-2.7539
1.6376e-06,-2.7607
1.6377e-06,-2.735
1.6378e-06,-2.6105
1.6379e-06,-2.4362
1.638e-06,-2.4042
1.6381e-06,-2.5707
1.6382e-06,-2.7194
1.6383e-06,-2.5697
1.6384e-06,-2.5707
1.6385e-06,-2.5188
1.6386e-06,-2.4394
1.6387e-06,-2.5805
1.6388e-06,-2.3742
1.6389e-06,-2.5138
1.639e-06,-2.4793
1.6391e-06,-2.6391
1.6392e-06,-2.4631
1.6393e-06,-2.5855
1.6394e-06,-2.5065
1.6395e-06,-2.339
1.6396e-06,-2.5346
1.6397e-06,-2.3695
1.6398e-06,-2.5299
1.6399e-06,-2.4359
1.64e-06,-2.4146
1.6401e-06,-2.4115
1.6402e-06,-2.5216
1.6403e-06,-2.1043
1.6404e-06,-2.2841
1.6405e-06,-2.4064
1.6406e-06,-2.5611
1.6407e-06,-2.099
1.6408e-06,-2.333
1.6409e-06,-2.3134
1.641e-06,-2.3722
1.6411e-06,-2.3786
1.6412e-06,-2.2585
1.6413e-06,-2.2451
1.6414e-06,-2.1576
1.6415e-06,-2.5258
1.6416e-06,-2.4183
1.6417e-06,-2.3509
1.6418e-06,-2.1766
1.6419e-06,-2.2635
1.642e-06,-2.4935
1.6421e-06,-2.466
1.6422e-06,-2.0628
1.6423e-06,-2.1991
1.6424e-06,-2.2469
1.6425e-06,-2.2214
1.6426e-06,-2.5742
1.6427e-06,-2.2376
1.6428e-06,-2.2495
1.6429e-06,-2.1334
1.643e-06,-2.0969
1.6431e-06,-2.2305
1.6432e-06,-2.3952
1.6433e-06,-2.196
1.6434e-06,-2.586
1.6435e-06,-2.2044
1.6436e-06,-2.1536
1.6437e-06,-2.0589
1.6438e-06,-2.4124
1.6439e-06,-2.1694
1.644e-06,-1.9906
1.6441e-06,-1.9878
1.6442e-06,-2.0015
1.6443e-06,-2.1001
1.6444e-06,-2.3437
1.6445e-06,-1.9887
1.6446e-06,-1.9999
1.6447e-06,-2.1126
1.6448e-06,-2.2262
1.6449e-06,-2.37
1.645e-06,-2.0151
1.6451e-06,-1.9128
1.6452e-06,-2.3363
1.6453e-06,-1.9243
1.6454e-06,-2.0948
1.6455e-06,-1.9374
1.6456e-06,-2.0164
1.6457e-06,-1.9962
1.6458e-06,-1.867
1.6459e-06,-2.1134
1.646e-06,-1.8185
1.6461e-06,-2.1092
1.6462e-06,-1.9698
1.6463e-06,-2.1279
1.6464e-06,-1.9502
1.6465e-06,-2.1361
1.6466e-06,-1.8533
1.6467e-06,-2.1885
1.6468e-06,-2.0081
1.6469e-06,-1.8695
1.647e-06,-1.7201
1.6471e-06,-1.9415
1.6472e-06,-1.9126
1.6473e-06,-1.8182
1.6474e-06,-1.9493
1.6475e-06,-1.8692
1.6476e-06,-1.8227
1.6477e-06,-1.9467
1.6478e-06,-1.5506
1.6479e-06,-1.9487
1.648e-06,-1.9191
1.6481e-06,-1.8858
1.6482e-06,-1.8824
1.6483e-06,-2.0008
1.6484e-06,-1.7256
1.6485e-06,-1.7463
1.6486e-06,-1.8161
1.6487e-06,-1.6957
1.6488e-06,-1.7519
1.6489e-06,-1.6986
1.649e-06,-1.6262
1.6491e-06,-1.5344
1.6492e-06,-1.652
1.6493e-06,-1.5597
1.6494e-06,-1.3926
1.6495e-06,-1.8015
1.6496e-06,-1.8323
1.6497e-06,-1.7141
1.6498e-06,-1.9062
1.6499e-06,-1.7105
1.65e-06,-1.5242
