1.35e-06,9.4554
1.3501e-06,9.6052
1.3502e-06,9.6264
1.3503e-06,9.5136
1.3504e-06,9.4042
1.3505e-06,9.3976
1.3506e-06,9.4297
1.3507e-06,9.5126
1.3508e-06,9.5449
1.3509e-06,9.4615
1.351e-06,9.5071
1.3511e-06,9.529
1.3512e-06,9.5203
1.3513e-06,9.5843
1.3514e-06,9.5306
1.3515e-06,9.582
1.3516e-06,9.522
1.3517e-06,9.3929
1.3518e-06,9.4511
1.3519e-06,9.4956
1.352e-06,9.4047
1.3521e-06,9.5185
1.3522e-06,9.557
1.3523e-06,9.5499
1.3524e-06,9.4473
1.3525e-06,9.3456
1.3526e-06,9.3173
1.3527e-06,9.4363
1.3528e-06,9.3055
1.3529e-06,9.423
1.353e-06,9.489
1.3531e-06,9.4054
1.3532e-06,9.245
1.3533e-06,9.2658
1.3534e-06,9.2661
1.3535e-06,9.3786
1.3536e-06,9.4762
1.3537e-06,9.3777
1.3538e-06,9.3545
1.3539e-06,9.2677
1.354e-06,9.3206
1.3541e-06,9.4175
1.3542e-06,9.2285
1.3543e-06,9.3198
1.3544e-06,9.3473
1.3545e-06,9.2558
1.3546e-06,9.2604
1.3547e-06,9.3239
1.3548e-06,9.2863
1.3549e-06,9.2116
1.355e-06,9.3617
1.3551e-06,9.2622
1.3552e-06,9.1781
1.3553e-06,9.2691
1.3554e-06,9.1407
1.3555e-06,9.3182
1.3556e-06,9.2199
1.3557e-06,9.1796
1.3558e-06,9.2095
1.3559e-06,9.2969
1.356e-06,9.2106
1.3561e-06,9.2411
1.3562e-06,9.2869
1.3563e-06,9.38
1.3564e-06,9.1498
1.3565e-06,9.414
1.3566e-06,9.2481
1.3567e-06,9.1936
1.3568e-06,9.2443
1.3569e-06,9.2186
1.357e-06,9.2657
1.3571e-06,9.2148
1.3572e-06,9.2503
1.3573e-06,9.1328
1.3574e-06,9.2252
1.3575e-06,9.1958
1.3576e-06,9.1009
1.3577e-06,9.2201
1.3578e-06,9.0494
1.3579e-06,9.2023
1.358e-06,9.0704
1.3581e-06,9.1851
1.3582e-06,9.2818
1.3583e-06,9.2655
1.3584e-06,9.1028
1.3585e-06,9.3226
1.3586e-06,9.019
1.3587e-06,9.0376
1.3588e-06,9.1429
1.3589e-06,9.0923
1.359e-06,9.0253
1.3591e-06,9.1764
1.3592e-06,9.1182
1.3593e-06,9.1694
1.3594e-06,9.1251
1.3595e-06,9.0385
1.3596e-06,9.0609
1.3597e-06,9.0987
1.3598e-06,9.001
1.3599e-06,9.1511
1.36e-06,9.1311
1.3601e-06,8.9904
1.3602e-06,9.0049
1.3603e-06,8.985
1.3604e-06,9.0358
1.3605e-06,9.003
1.3606e-06,9.0154
1.3607e-06,9.0048
1.3608e-06,9.0043
1.3609e-06,8.9783
1.361e-06,9.0915
1.3611e-06,9.0391
1.3612e-06,8.8416
1.3613e-06,8.9322
1.3614e-06,9.0048
1.3615e-06,8.9147
1.3616e-06,8.9592
1.3617e-06,8.8565
1.3618e-06,8.8395
1.3619e-06,8.9867
1.362e-06,8.9272
1.3621e-06,8.9601
1.3622e-06,8.8623
1.3623e-06,8.895
1.3624e-06,8.9168
1.3625e-06,8.9083
1.3626e-06,8.8232
1.3627e-06,8.9754
1.3628e-06,8.9929
1.3629e-06,8.8786
1.363e-06,8.9666
1.3631e-06,8.9731
1.3632e-06,8.9465
1.3633e-06,8.9291
1.3634e-06,8.8812
1.3635e-06,8.9393
1.3636e-06,8.9401
1.3637e-06,8.9757
1.3638e-06,8.9438
1.3639e-06,8.9199
1.364e-06,8.8882
1.3641e-06,8.8192
1.3642e-06,9.0442
1.3643e-06,8.8901
1.3644e-06,8.9106
1.3645e-06,8.8264
1.3646e-06,8.835
1.3647e-06,8.8063
1.3648e-06,8.7349
1.3649e-06,8.8142
1.365e-06,8.7787
1.3651e-06,8.8402
1.3652e-06,8.9296
1.3653e-06,8.7115
1.3654e-06,8.7012
1.3655e-06,8.8575
1.3656e-06,8.6859
1.3657e-06,8.7597
1.3658e-06,8.6289
1.3659e-06,8.7604
1.366e-06,8.8168
1.3661e-06,8.9299
1.3662e-06,8.8354
1.3663e-06,8.7217
1.3664e-06,8.8532
1.3665e-06,8.8903
1.3666e-06,8.8158
1.3667e-06,8.5983
1.3668e-06,8.6775
1.3669e-06,8.7097
1.367e-06,8.7178
1.3671e-06,8.7557
1.3672e-06,8.7467
1.3673e-06,8.5667
1.3674e-06,8.754
1.3675e-06,8.6288
1.3676e-06,8.7351
1.3677e-06,8.6508
1.3678e-06,8.638
1.3679e-06,8.7316
1.368e-06,8.6228
1.3681e-06,8.7436
1.3682e-06,8.6552
1.3683e-06,8.884
1.3684e-06,8.6483
1.3685e-06,8.637
1.3686e-06,8.6037
1.3687e-06,8.5458
1.3688e-06,8.5826
1.3689e-06,8.6197
1.369e-06,8.6519
1.3691e-06,8.6037
1.3692e-06,8.5619
1.3693e-06,8.5989
1.3694e-06,8.4649
1.3695e-06,8.7178
1.3696e-06,8.6686
1.3697e-06,8.654
1.3698e-06,8.6109
1.3699e-06,8.5196
1.37e-06,8.5569
1.3701e-06,8.6004
1.3702e-06,8.7206
1.3703e-06,8.5926
1.3704e-06,8.5424
1.3705e-06,8.6024
1.3706e-06,8.6224
1.3707e-06,8.554
1.3708e-06,8.4716
1.3709e-06,8.5703
1.371e-06,8.4578
1.3711e-06,8.5617
1.3712e-06,8.3951
1.3713e-06,8.4782
1.3714e-06,8.4959
1.3715e-06,8.6455
1.3716e-06,8.6076
1.3717e-06,8.3702
1.3718e-06,8.5331
1.3719e-06,8.6185
1.372e-06,8.4621
1.3721e-06,8.5278
1.3722e-06,8.4122
1.3723e-06,8.4644
1.3724e-06,8.3383
1.3725e-06,8.5019
1.3726e-06,8.4061
1.3727e-06,8.3319
1.3728e-06,8.537
1.3729e-06,8.3296
1.373e-06,8.3706
1.3731e-06,8.3772
1.3732e-06,8.4421
1.3733e-06,8.3252
1.3734e-06,8.4263
1.3735e-06,8.3341
1.3736e-06,8.3684
1.3737e-06,8.4109
1.3738e-06,8.4676
1.3739e-06,8.4398
1.374e-06,8.3879
1.3741e-06,8.4549
1.3742e-06,8.2566
1.3743e-06,8.3429
1.3744e-06,8.4669
1.3745e-06,8.2505
1.3746e-06,8.3554
1.3747e-06,8.3091
1.3748e-06,8.4155
1.3749e-06,8.2899
1.375e-06,8.4134
1.3751e-06,8.4205
1.3752e-06,8.3163
1.3753e-06,8.3671
1.3754e-06,8.2643
1.3755e-06,8.3678
1.3756e-06,8.2687
1.3757e-06,8.3553
1.3758e-06,8.5029
1.3759e-06,8.2332
1.376e-06,8.2064
1.3761e-06,8.1692
1.3762e-06,8.3068
1.3763e-06,8.3451
1.3764e-06,8.1035
1.3765e-06,8.4014
1.3766e-06,8.3744
1.3767e-06,8.342
1.3768e-06,8.1925
1.3769e-06,8.3136
1.377e-06,8.1672
1.3771e-06,8.2008
1.3772e-06,8.2573
1.3773e-06,8.3373
1.3774e-06,8.2616
1.3775e-06,8.3147
1.3776e-06,8.1551
1.3777e-06,8.1011
1.3778e-06,8.1445
1.3779e-06,8.3084
1.378e-06,8.1098
1.3781e-06,8.1811
1.3782e-06,8.2023
1.3783e-06,8.2125
1.3784e-06,8.0637
1.3785e-06,8.1922
1.3786e-06,7.9809
1.3787e-06,8.1501
1.3788e-06,8.0591
1.3789e-06,8.1305
1.379e-06,8.0344
1.3791e-06,8.0685
1.3792e-06,8.1334
1.3793e-06,8.2096
1.3794e-06,8.1252
1.3795e-06,8.105
1.3796e-06,8.2357
1.3797e-06,8.2439
1.3798e-06,8.1023
1.3799e-06,8.1672
1.38e-06,8.1502
1.3801e-06,8.1414
1.3802e-06,8.0505
1.3803e-06,8.0224
1.3804e-06,8.0936
1.3805e-06,8.0604
1.3806e-06,8.1926
1.3807e-06,7.9436
1.3808e-06,8.1352
1.3809e-06,7.9187
1.381e-06,8.1568
1.3811e-06,8.0699
1.3812e-06,8.1247
1.3813e-06,8.0486
1.3814e-06,8.1138
1.3815e-06,8.0712
1.3816e-06,8.0295
1.3817e-06,8.0116
1.3818e-06,8.0181
1.3819e-06,7.9365
1.382e-06,7.9638
1.3821e-06,7.9348
1.3822e-06,7.9733
1.3823e-06,8.0899
1.3824e-06,7.9284
1.3825e-06,8.0213
1.3826e-06,8.0288
1.3827e-06,8.0028
1.3828e-06,7.8887
1.3829e-06,7.8056
1.383e-06,8.0326
1.3831e-06,7.8994
1.3832e-06,7.9752
1.3833e-06,7.9562
1.3834e-06,7.995
1.3835e-06,8.0383
1.3836e-06,7.9664
1.3837e-06,7.9579
1.3838e-06,7.9209
1.3839e-06,7.8742
1.384e-06,7.964
1.3841e-06,7.7542
1.3842e-06,7.8742
1.3843e-06,7.911
1.3844e-06,7.9221
1.3845e-06,7.9572
1.3846e-06,8.1346
1.3847e-06,7.9529
1.3848e-06,7.8399
1.3849e-06,7.8904
1.385e-06,7.9046
1.3851e-06,7.9356
1.3852e-06,7.9263
1.3853e-06,7.8838
1.3854e-06,7.8838
1.3855e-06,8.0344
1.3856e-06,7.981
1.3857e-06,7.9998
1.3858e-06,7.916
1.3859e-06,7.8966
1.386e-06,7.8106
1.3861e-06,7.9243
1.3862e-06,7.9099
1.3863e-06,7.8471
1.3864e-06,7.866
1.3865e-06,7.8761
1.3866e-06,7.7841
1.3867e-06,7.8662
1.3868e-06,7.7993
1.3869e-06,7.8652
1.387e-06,7.8848
1.3871e-06,7.6397
1.3872e-06,7.8472
1.3873e-06,7.9237
1.3874e-06,7.7314
1.3875e-06,7.8059
1.3876e-06,7.8724
1.3877e-06,7.7257
1.3878e-06,7.6262
1.3879e-06,7.8479
1.388e-06,7.8374
1.3881e-06,7.6709
1.3882e-06,7.6791
1.3883e-06,7.8078
1.3884e-06,7.6784
1.3885e-06,7.7715
1.3886e-06,7.6909
1.3887e-06,7.684
1.3888e-06,7.8782
1.3889e-06,7.6473
1.389e-06,7.6216
1.3891e-06,7.7376
1.3892e-06,7.8086
1.3893e-06,7.7881
1.3894e-06,7.886
1.3895e-06,7.6785
1.3896e-06,7.7837
1.3897e-06,7.7717
1.3898e-06,7.6713
1.3899e-06,7.663
1.39e-06,7.7149
1.3901e-06,7.5358
1.3902e-06,7.6372
1.3903e-06,7.5707
1.3904e-06,7.6579
1.3905e-06,7.675
1.3906e-06,7.6843
1.3907e-06,7.5999
1.3908e-06,7.7514
1.3909e-06,7.4549
1.391e-06,7.5721
1.3911e-06,7.7097
1.3912e-06,7.5558
1.3913e-06,7.5975
1.3914e-06,7.5009
1.3915e-06,7.4406
1.3916e-06,7.7882
1.3917e-06,7.6947
1.3918e-06,7.5498
1.3919e-06,7.5717
1.392e-06,7.6594
1.3921e-06,7.6305
1.3922e-06,7.5751
1.3923e-06,7.4945
1.3924e-06,7.5512
1.3925e-06,7.6017
1.3926e-06,7.5025
1.3927e-06,7.49
1.3928e-06,7.6551
1.3929e-06,7.597
1.393e-06,7.4512
1.3931e-06,7.4927
1.3932e-06,7.6078
1.3933e-06,7.7282
1.3934e-06,7.5965
1.3935e-06,7.5522
1.3936e-06,7.4443
1.3937e-06,7.5244
1.3938e-06,7.4741
1.3939e-06,7.4796
1.394e-06,7.5351
1.3941e-06,7.5347
1.3942e-06,7.5407
1.3943e-06,7.4426
1.3944e-06,7.4769
1.3945e-06,7.4561
1.3946e-06,7.5224
1.3947e-06,7.5232
1.3948e-06,7.5491
1.3949e-06,7.4723
1.395e-06,7.4974
1.3951e-06,7.495
1.3952e-06,7.3319
1.3953e-06,7.3157
1.3954e-06,7.3617
1.3955e-06,7.4207
1.3956e-06,7.446
1.3957e-06,7.441
1.3958e-06,7.4577
1.3959e-06,7.5434
1.396e-06,7.2611
1.3961e-06,7.472
1.3962e-06,7.4797
1.3963e-06,7.3229
1.3964e-06,7.2307
1.3965e-06,7.2197
1.3966e-06,7.3557
1.3967e-06,7.3187
1.3968e-06,7.313
1.3969e-06,7.2821
1.397e-06,7.306
1.3971e-06,7.3192
1.3972e-06,7.1623
1.3973e-06,7.2756
1.3974e-06,7.2025
1.3975e-06,7.2197
1.3976e-06,7.2569
1.3977e-06,7.2882
1.3978e-06,7.2389
1.3979e-06,7.2884
1.398e-06,7.2751
1.3981e-06,7.37
1.3982e-06,7.2506
1.3983e-06,7.2295
1.3984e-06,7.3899
1.3985e-06,7.2203
1.3986e-06,7.2582
1.3987e-06,7.1337
1.3988e-06,7.2157
1.3989e-06,7.1664
1.399e-06,7.1951
1.3991e-06,7.1986
1.3992e-06,7.1264
1.3993e-06,7.1138
1.3994e-06,7.1733
1.3995e-06,7.2088
1.3996e-06,7.0633
1.3997e-06,7.1923
1.3998e-06,7.1439
1.3999e-06,7.1277
1.4e-06,7.2071
1.4001e-06,7.1181
1.4002e-06,7.1151
1.4003e-06,7.0381
1.4004e-06,7.2707
1.4005e-06,6.9834
1.4006e-06,7.0972
1.4007e-06,7.1697
1.4008e-06,7.0755
1.4009e-06,7.2043
1.401e-06,7.1068
1.4011e-06,7.0143
1.4012e-06,7.1046
1.4013e-06,7.1026
1.4014e-06,6.9417
1.4015e-06,7.0566
1.4016e-06,7.1228
1.4017e-06,7.0537
1.4018e-06,6.9709
1.4019e-06,7.0357
1.402e-06,6.9686
1.4021e-06,7.0239
1.4022e-06,7.1
1.4023e-06,6.9536
1.4024e-06,6.9994
1.4025e-06,6.9086
1.4026e-06,6.9128
1.4027e-06,6.9648
1.4028e-06,6.8558
1.4029e-06,7.0485
1.403e-06,7.0441
1.4031e-06,6.9496
1.4032e-06,7.1062
1.4033e-06,6.9228
1.4034e-06,7.0415
1.4035e-06,6.9071
1.4036e-06,6.9412
1.4037e-06,6.9123
1.4038e-06,6.9236
1.4039e-06,7.0538
1.404e-06,6.9318
1.4041e-06,7.0189
1.4042e-06,6.817
1.4043e-06,6.8342
1.4044e-06,6.9588
1.4045e-06,6.9226
1.4046e-06,6.8702
1.4047e-06,6.8966
1.4048e-06,6.8505
1.4049e-06,6.8061
1.405e-06,6.7916
1.4051e-06,6.7124
1.4052e-06,6.7821
1.4053e-06,6.8303
1.4054e-06,6.8804
1.4055e-06,6.8517
1.4056e-06,6.7245
1.4057e-06,6.7417
1.4058e-06,6.7805
1.4059e-06,6.7288
1.406e-06,6.7508
1.4061e-06,6.6192
1.4062e-06,6.7899
1.4063e-06,6.8107
1.4064e-06,6.6905
1.4065e-06,6.7148
1.4066e-06,6.6935
1.4067e-06,6.7078
1.4068e-06,6.7477
1.4069e-06,6.5471
1.407e-06,6.7312
1.4071e-06,6.6844
1.4072e-06,6.662
1.4073e-06,6.6998
1.4074e-06,6.6604
1.4075e-06,6.5616
1.4076e-06,6.6979
1.4077e-06,6.6578
1.4078e-06,6.531
1.4079e-06,6.7552
1.408e-06,6.6803
1.4081e-06,6.6345
1.4082e-06,6.7014
1.4083e-06,6.5258
1.4084e-06,6.5673
1.4085e-06,6.5952
1.4086e-06,6.7115
1.4087e-06,6.5214
1.4088e-06,6.6756
1.4089e-06,6.6839
1.409e-06,6.5571
1.4091e-06,6.5569
1.4092e-06,6.5522
1.4093e-06,6.4818
1.4094e-06,6.5334
1.4095e-06,6.5389
1.4096e-06,6.5005
1.4097e-06,6.6676
1.4098e-06,6.4916
1.4099e-06,6.5547
1.41e-06,6.5403
1.4101e-06,6.3992
1.4102e-06,6.6655
1.4103e-06,6.3764
1.4104e-06,6.5757
1.4105e-06,6.5991
1.4106e-06,6.4163
1.4107e-06,6.4096
1.4108e-06,6.5054
1.4109e-06,6.4311
1.411e-06,6.5584
1.4111e-06,6.2992
1.4112e-06,6.5533
1.4113e-06,6.4095
1.4114e-06,6.5398
1.4115e-06,6.4467
1.4116e-06,6.4359
1.4117e-06,6.2999
1.4118e-06,6.3973
1.4119e-06,6.4891
1.412e-06,6.2942
1.4121e-06,6.3937
1.4122e-06,6.3925
1.4123e-06,6.3414
1.4124e-06,6.3032
1.4125e-06,6.1633
1.4126e-06,6.3262
1.4127e-06,6.2453
1.4128e-06,6.2931
1.4129e-06,6.274
1.413e-06,6.1963
1.4131e-06,6.1797
1.4132e-06,6.3051
1.4133e-06,6.1663
1.4134e-06,6.2795
1.4135e-06,6.186
1.4136e-06,6.2395
1.4137e-06,6.1376
1.4138e-06,6.0619
1.4139e-06,6.2344
1.414e-06,6.1772
1.4141e-06,6.1926
1.4142e-06,6.1011
1.4143e-06,6.1103
1.4144e-06,6.2418
1.4145e-06,6.1874
1.4146e-06,6.3019
1.4147e-06,6.1602
1.4148e-06,6.0431
1.4149e-06,6.2134
1.415e-06,6.053
1.4151e-06,6.2085
1.4152e-06,6.1264
1.4153e-06,6.0467
1.4154e-06,5.9799
1.4155e-06,6.0703
1.4156e-06,6.06
1.4157e-06,6.061
1.4158e-06,6.2056
1.4159e-06,6.1167
1.416e-06,6.302
1.4161e-06,6.0821
1.4162e-06,6.0694
1.4163e-06,6.0079
1.4164e-06,6.056
1.4165e-06,5.9851
1.4166e-06,5.8512
1.4167e-06,6.0662
1.4168e-06,5.9888
1.4169e-06,5.9699
1.417e-06,6.0698
1.4171e-06,6.0618
1.4172e-06,6.018
1.4173e-06,6.0779
1.4174e-06,6.1085
1.4175e-06,6.0843
1.4176e-06,6.0052
1.4177e-06,6.021
1.4178e-06,5.9756
1.4179e-06,5.7788
1.418e-06,5.9806
1.4181e-06,6.0759
1.4182e-06,5.9436
1.4183e-06,5.9061
1.4184e-06,5.8701
1.4185e-06,5.9163
1.4186e-06,5.9733
1.4187e-06,5.779
1.4188e-06,5.8431
1.4189e-06,5.7861
1.419e-06,5.9031
1.4191e-06,5.756
1.4192e-06,5.6727
1.4193e-06,5.8144
1.4194e-06,5.8164
1.4195e-06,5.8528
1.4196e-06,5.7499
1.4197e-06,5.7294
1.4198e-06,5.7218
1.4199e-06,5.6789
1.42e-06,5.7931
1.4201e-06,5.6801
1.4202e-06,5.8977
1.4203e-06,5.8553
1.4204e-06,5.7147
1.4205e-06,5.7616
1.4206e-06,5.7509
1.4207e-06,5.807
1.4208e-06,5.6833
1.4209e-06,5.5568
1.421e-06,5.8233
1.4211e-06,5.6999
1.4212e-06,5.7282
1.4213e-06,5.6875
1.4214e-06,5.4699
1.4215e-06,5.6261
1.4216e-06,5.6738
1.4217e-06,5.7387
1.4218e-06,5.7288
1.4219e-06,5.6584
1.422e-06,5.6885
1.4221e-06,5.4668
1.4222e-06,5.4861
1.4223e-06,5.7086
1.4224e-06,5.6487
1.4225e-06,5.6497
1.4226e-06,5.648
1.4227e-06,5.5435
1.4228e-06,5.6736
1.4229e-06,5.4926
1.423e-06,5.4479
1.4231e-06,5.506
1.4232e-06,5.5303
1.4233e-06,5.4086
1.4234e-06,5.5147
1.4235e-06,5.5749
1.4236e-06,5.5461
1.4237e-06,5.4108
1.4238e-06,5.5806
1.4239e-06,5.5707
1.424e-06,5.3874
1.4241e-06,5.3882
1.4242e-06,5.3579
1.4243e-06,5.5578
1.4244e-06,5.4489
1.4245e-06,5.4249
1.4246e-06,5.5658
1.4247e-06,5.4173
1.4248e-06,5.4422
1.4249e-06,5.5124
1.425e-06,5.4645
1.4251e-06,5.4696
1.4252e-06,5.4636
1.4253e-06,5.5336
1.4254e-06,5.3859
1.4255e-06,5.4529
1.4256e-06,5.5209
1.4257e-06,5.3871
1.4258e-06,5.4448
1.4259e-06,5.2882
1.426e-06,5.3771
1.4261e-06,5.2924
1.4262e-06,5.2918
1.4263e-06,5.3283
1.4264e-06,5.2968
1.4265e-06,5.4028
1.4266e-06,5.1375
1.4267e-06,5.362
1.4268e-06,5.2728
1.4269e-06,5.289
1.427e-06,5.4102
1.4271e-06,5.342
1.4272e-06,5.3037
1.4273e-06,5.3062
1.4274e-06,5.3624
1.4275e-06,5.3035
1.4276e-06,5.42
1.4277e-06,5.1622
1.4278e-06,5.1247
1.4279e-06,5.1441
1.428e-06,5.2435
1.4281e-06,5.0452
1.4282e-06,5.2313
1.4283e-06,5.2077
1.4284e-06,5.1599
1.4285e-06,5.0782
1.4286e-06,5.1102
1.4287e-06,5.2888
1.4288e-06,5.1421
1.4289e-06,5.0821
1.429e-06,5.1479
1.4291e-06,5.1417
1.4292e-06,5.1163
1.4293e-06,4.9333
1.4294e-06,5.0589
1.4295e-06,5.1494
1.4296e-06,5.1272
1.4297e-06,5.1351
1.4298e-06,4.9976
1.4299e-06,4.9563
1.43e-06,5.0469
1.4301e-06,5.0883
1.4302e-06,5.1436
1.4303e-06,5.1069
1.4304e-06,5.1491
1.4305e-06,4.9741
1.4306e-06,5.0842
1.4307e-06,4.998
1.4308e-06,5.0556
1.4309e-06,4.9767
1.431e-06,4.8171
1.4311e-06,4.9783
1.4312e-06,4.8246
1.4313e-06,5.0054
1.4314e-06,5.058
1.4315e-06,4.9816
1.4316e-06,4.8308
1.4317e-06,5.1187
1.4318e-06,4.9403
1.4319e-06,4.847
1.432e-06,5.0195
1.4321e-06,4.9188
1.4322e-06,4.883
1.4323e-06,4.7146
1.4324e-06,4.8241
1.4325e-06,4.8472
1.4326e-06,4.8188
1.4327e-06,5.0457
1.4328e-06,4.9798
1.4329e-06,4.9022
1.433e-06,4.7948
1.4331e-06,4.8177
1.4332e-06,4.7692
1.4333e-06,4.8412
1.4334e-06,4.7007
1.4335e-06,4.6994
1.4336e-06,4.7205
1.4337e-06,4.741
1.4338e-06,4.6877
1.4339e-06,4.7283
1.434e-06,4.7145
1.4341e-06,4.7054
1.4342e-06,4.7499
1.4343e-06,4.7904
1.4344e-06,4.7764
1.4345e-06,4.8943
1.4346e-06,4.6166
1.4347e-06,4.6719
1.4348e-06,4.6942
1.4349e-06,4.89
1.435e-06,4.6595
1.4351e-06,4.6357
1.4352e-06,4.5962
1.4353e-06,4.6652
1.4354e-06,4.7381
1.4355e-06,4.5843
1.4356e-06,4.4261
1.4357e-06,4.5635
1.4358e-06,4.5005
1.4359e-06,4.5893
1.436e-06,4.5606
1.4361e-06,4.6335
1.4362e-06,4.578
1.4363e-06,4.4529
1.4364e-06,4.6752
1.4365e-06,4.6137
1.4366e-06,4.6421
1.4367e-06,4.5225
1.4368e-06,4.491
1.4369e-06,4.5743
1.437e-06,4.5569
1.4371e-06,4.598
1.4372e-06,4.5132
1.4373e-06,4.4667
1.4374e-06,4.4585
1.4375e-06,4.3747
1.4376e-06,4.6882
1.4377e-06,4.4867
1.4378e-06,4.3915
1.4379e-06,4.4828
1.438e-06,4.41
1.4381e-06,4.5735
1.4382e-06,4.4511
1.4383e-06,4.3621
1.4384e-06,4.3899
1.4385e-06,4.3865
1.4386e-06,4.5234
1.4387e-06,4.416
1.4388e-06,4.3216
1.4389e-06,4.1985
1.439e-06,4.3447
1.4391e-06,4.3049
1.4392e-06,4.1442
1.4393e-06,4.2443
1.4394e-06,4.364
1.4395e-06,4.3854
1.4396e-06,4.2103
1.4397e-06,4.3834
1.4398e-06,4.3085
1.4399e-06,4.3444
1.44e-06,4.266
1.4401e-06,4.2766
1.4402e-06,4.2072
1.4403e-06,4.1922
1.4404e-06,4.2227
1.4405e-06,4.3141
1.4406e-06,4.3158
1.4407e-06,4.2263
1.4408e-06,4.2058
1.4409e-06,4.2443
1.441e-06,4.2719
1.4411e-06,4.3115
1.4412e-06,3.9641
1.4413e-06,4.0932
1.4414e-06,4.0971
1.4415e-06,4.1431
1.4416e-06,4.091
1.4417e-06,4.068
1.4418e-06,4.1701
1.4419e-06,4.0752
1.442e-06,4.177
1.4421e-06,4.0611
1.4422e-06,4.0391
1.4423e-06,3.9684
1.4424e-06,4.1086
1.4425e-06,4.135
1.4426e-06,4.066
1.4427e-06,4.125
1.4428e-06,4.1123
1.4429e-06,4.0679
1.443e-06,4.1797
1.4431e-06,3.8991
1.4432e-06,4.2115
1.4433e-06,4.0162
1.4434e-06,3.9497
1.4435e-06,3.9902
1.4436e-06,3.9569
1.4437e-06,4.0326
1.4438e-06,3.9276
1.4439e-06,4.007
1.444e-06,3.9039
1.4441e-06,3.9357
1.4442e-06,3.968
1.4443e-06,3.8463
1.4444e-06,3.9808
1.4445e-06,4.1435
1.4446e-06,3.9461
1.4447e-06,3.9078
1.4448e-06,4.1435
1.4449e-06,4.0476
1.445e-06,3.9453
1.4451e-06,3.8837
1.4452e-06,3.8036
1.4453e-06,3.8574
1.4454e-06,3.7364
1.4455e-06,3.7776
1.4456e-06,3.7215
1.4457e-06,3.7637
1.4458e-06,3.6239
1.4459e-06,3.9171
1.446e-06,3.7853
1.4461e-06,3.7993
1.4462e-06,3.7076
1.4463e-06,3.7905
1.4464e-06,3.722
1.4465e-06,3.8642
1.4466e-06,3.7333
1.4467e-06,3.8741
1.4468e-06,3.7313
1.4469e-06,3.5549
1.447e-06,3.7787
1.4471e-06,3.8163
1.4472e-06,3.6868
1.4473e-06,3.7079
1.4474e-06,3.5772
1.4475e-06,3.726
1.4476e-06,3.5831
1.4477e-06,3.5503
1.4478e-06,3.4652
1.4479e-06,3.6829
1.448e-06,3.6494
1.4481e-06,3.5193
1.4482e-06,3.6078
1.4483e-06,3.5087
1.4484e-06,3.5706
1.4485e-06,3.6654
1.4486e-06,3.6133
1.4487e-06,3.5568
1.4488e-06,3.6374
1.4489e-06,3.451
1.449e-06,3.4471
1.4491e-06,3.3383
1.4492e-06,3.4002
1.4493e-06,3.5412
1.4494e-06,3.5468
1.4495e-06,3.3445
1.4496e-06,3.413
1.4497e-06,3.3765
1.4498e-06,3.4099
1.4499e-06,3.3997
1.45e-06,3.4384
1.4501e-06,3.5342
1.4502e-06,3.452
1.4503e-06,3.3133
1.4504e-06,3.372
1.4505e-06,3.5048
1.4506e-06,3.2891
1.4507e-06,3.2468
1.4508e-06,3.3338
1.4509e-06,3.3658
1.451e-06,3.1758
1.4511e-06,3.2965
1.4512e-06,3.2901
1.4513e-06,3.2517
1.4514e-06,3.1937
1.4515e-06,3.1873
1.4516e-06,3.1835
1.4517e-06,3.1518
1.4518e-06,3.3561
1.4519e-06,3.2264
1.452e-06,3.0824
1.4521e-06,3.3163
1.4522e-06,3.2234
1.4523e-06,3.123
1.4524e-06,3.3339
1.4525e-06,3.1024
1.4526e-06,3.1772
1.4527e-06,3.1456
1.4528e-06,3.1915
1.4529e-06,3.2672
1.453e-06,3.3312
1.4531e-06,3.1642
1.4532e-06,3.092
1.4533e-06,3.2393
1.4534e-06,3.107
1.4535e-06,3.1105
1.4536e-06,3.0037
1.4537e-06,2.9299
1.4538e-06,2.9803
1.4539e-06,3.0759
1.454e-06,3.0283
1.4541e-06,3.0556
1.4542e-06,2.8547
1.4543e-06,3.0673
1.4544e-06,2.8576
1.4545e-06,3.0157
1.4546e-06,2.9171
1.4547e-06,3.0491
1.4548e-06,2.9522
1.4549e-06,3.0405
1.455e-06,2.867
1.4551e-06,2.9244
1.4552e-06,2.7994
1.4553e-06,2.8286
1.4554e-06,2.8979
1.4555e-06,3.0386
1.4556e-06,2.9465
1.4557e-06,2.8369
1.4558e-06,2.9185
1.4559e-06,2.7984
1.456e-06,2.805
1.4561e-06,2.9299
1.4562e-06,2.9139
1.4563e-06,2.7996
1.4564e-06,2.7743
1.4565e-06,2.821
1.4566e-06,2.8294
1.4567e-06,2.8821
1.4568e-06,2.734
1.4569e-06,2.7357
1.457e-06,2.6907
1.4571e-06,2.7629
1.4572e-06,2.8069
1.4573e-06,2.5109
1.4574e-06,2.5262
1.4575e-06,2.7965
1.4576e-06,2.601
1.4577e-06,2.5687
1.4578e-06,2.785
1.4579e-06,2.6528
1.458e-06,2.7595
1.4581e-06,2.5669
1.4582e-06,2.4249
1.4583e-06,2.6231
1.4584e-06,2.5931
1.4585e-06,2.5303
1.4586e-06,2.5604
1.4587e-06,2.6269
1.4588e-06,2.4889
1.4589e-06,2.6374
1.459e-06,2.3775
1.4591e-06,2.6349
1.4592e-06,2.5263
1.4593e-06,2.4582
1.4594e-06,2.4013
1.4595e-06,2.5012
1.4596e-06,2.6425
1.4597e-06,2.5478
1.4598e-06,2.5708
1.4599e-06,2.5185
1.46e-06,2.499
1.4601e-06,2.4432
1.4602e-06,2.3421
1.4603e-06,2.5043
1.4604e-06,2.3805
1.4605e-06,2.3359
1.4606e-06,2.6099
1.4607e-06,2.2885
1.4608e-06,2.4637
1.4609e-06,2.3724
1.461e-06,2.412
1.4611e-06,2.2225
1.4612e-06,2.4062
1.4613e-06,2.139
1.4614e-06,2.1077
1.4615e-06,2.4292
1.4616e-06,2.3456
1.4617e-06,2.271
1.4618e-06,2.3373
1.4619e-06,2.2931
1.462e-06,2.2801
1.4621e-06,2.0724
1.4622e-06,2.4024
1.4623e-06,2.1435
1.4624e-06,2.4301
1.4625e-06,2.2068
1.4626e-06,2.24
1.4627e-06,2.1633
1.4628e-06,2.1979
1.4629e-06,1.9607
1.463e-06,2.1754
1.4631e-06,2.1789
1.4632e-06,2.0887
1.4633e-06,2.1398
1.4634e-06,2.1242
1.4635e-06,1.9591
1.4636e-06,2.1469
1.4637e-06,2.0128
1.4638e-06,1.9807
1.4639e-06,2.0465
1.464e-06,2.179
1.4641e-06,2.0752
1.4642e-06,2.0866
1.4643e-06,1.9154
1.4644e-06,2.0587
1.4645e-06,1.8007
1.4646e-06,1.8099
1.4647e-06,1.939
1.4648e-06,1.8534
1.4649e-06,1.9118
1.465e-06,1.8573
1.4651e-06,1.7863
1.4652e-06,1.9342
1.4653e-06,1.7446
1.4654e-06,1.8691
1.4655e-06,1.887
1.4656e-06,1.7418
1.4657e-06,1.7771
1.4658e-06,1.7797
1.4659e-06,1.7721
1.466e-06,1.8886
1.4661e-06,1.6988
1.4662e-06,1.7158
1.4663e-06,1.6876
1.4664e-06,1.6475
1.4665e-06,1.7062
1.4666e-06,1.6521
1.4667e-06,1.6664
1.4668e-06,1.6838
1.4669e-06,1.6451
1.467e-06,1.7445
1.4671e-06,1.7251
1.4672e-06,1.6442
1.4673e-06,1.5963
1.4674e-06,1.7267
1.4675e-06,1.5499
1.4676e-06,1.6057
1.4677e-06,1.5709
1.4678e-06,1.5642
1.4679e-06,1.5025
1.468e-06,1.5383
1.4681e-06,1.6036
1.4682e-06,1.7161
1.4683e-06,1.4312
1.4684e-06,1.4367
1.4685e-06,1.548
1.4686e-06,1.4223
1.4687e-06,1.3184
1.4688e-06,1.421
1.4689e-06,1.4725
1.469e-06,1.4291
1.4691e-06,1.3293
1.4692e-06,1.3997
1.4693e-06,1.4657
1.4694e-06,1.3438
1.4695e-06,1.5022
1.4696e-06,1.3583
1.4697e-06,1.3214
1.4698e-06,1.4351
1.4699e-06,1.3284
1.47e-06,1.3536
1.4701e-06,1.38
1.4702e-06,1.3402
1.4703e-06,1.3612
1.4704e-06,1.3223
1.4705e-06,1.2954
1.4706e-06,1.3072
1.4707e-06,1.2613
1.4708e-06,1.3119
1.4709e-06,1.2218
1.471e-06,1.2424
1.4711e-06,1.2116
1.4712e-06,1.2842
1.4713e-06,1.2573
1.4714e-06,1.0619
1.4715e-06,1.3269
1.4716e-06,1.1351
1.4717e-06,1.0277
1.4718e-06,1.1982
1.4719e-06,1.093
1.472e-06,1.37
1.4721e-06,1.1467
1.4722e-06,1.0588
1.4723e-06,1.0644
1.4724e-06,1.0569
1.4725e-06,1.0511
1.4726e-06,0.98197
1.4727e-06,1.2713
1.4728e-06,1.0442
1.4729e-06,0.84243
1.473e-06,0.87694
1.4731e-06,1.0071
1.4732e-06,1.0866
1.4733e-06,0.93689
1.4734e-06,0.95834
1.4735e-06,1.0311
1.4736e-06,0.93464
1.4737e-06,1.0118
1.4738e-06,0.83413
1.4739e-06,1.0135
1.474e-06,1.0116
1.4741e-06,0.80348
1.4742e-06,0.87567
1.4743e-06,0.62593
1.4744e-06,0.8782
1.4745e-06,0.72113
1.4746e-06,0.83663
1.4747e-06,0.71933
1.4748e-06,0.80931
1.4749e-06,0.72525
1.475e-06,0.76152
1.4751e-06,0.7938
1.4752e-06,0.78023
1.4753e-06,0.72024
1.4754e-06,0.8461
1.4755e-06,0.79016
1.4756e-06,0.71366
1.4757e-06,0.80279
1.4758e-06,0.72021
1.4759e-06,0.69053
1.476e-06,0.59553
1.4761e-06,0.31422
1.4762e-06,0.66246
1.4763e-06,0.60105
1.4764e-06,0.67644
1.4765e-06,0.57153
1.4766e-06,0.58366
1.4767e-06,0.5477
1.4768e-06,0.3712
1.4769e-06,0.4129
1.477e-06,0.53289
1.4771e-06,0.43263
1.4772e-06,0.50921
1.4773e-06,0.43774
1.4774e-06,0.49547
1.4775e-06,0.37475
1.4776e-06,0.4192
1.4777e-06,0.42097
1.4778e-06,0.38283
1.4779e-06,0.43021
1.478e-06,0.42922
1.4781e-06,0.25396
1.4782e-06,0.43646
1.4783e-06,0.34758
1.4784e-06,0.2594
1.4785e-06,0.26257
1.4786e-06,0.44901
1.4787e-06,0.29583
1.4788e-06,0.17481
1.4789e-06,0.27592
1.479e-06,0.22164
1.4791e-06,0.23423
1.4792e-06,0.074805
1.4793e-06,0.26078
1.4794e-06,0.17057
1.4795e-06,0.22805
1.4796e-06,0.11178
1.4797e-06,0.077909
1.4798e-06,0.17537
1.4799e-06,0.075555
1.48e-06,0.090563
1.4801e-06,0.2127
1.4802e-06,0.13789
1.4803e-06,-0.0055927
1.4804e-06,0.0076688
1.4805e-06,0.18555
1.4806e-06,0.027865
1.4807e-06,0.088811
1.4808e-06,0.087258
1.4809e-06,0.04911
1.481e-06,-0.17474
1.4811e-06,-0.039456
1.4812e-06,-0.15105
1.4813e-06,-0.0020045
1.4814e-06,0.019398
1.4815e-06,-0.0065038
1.4816e-06,-0.053052
1.4817e-06,-0.14899
1.4818e-06,-0.11392
1.4819e-06,-3.786e-05
1.482e-06,-0.065692
1.4821e-06,-0.2739
1.4822e-06,-0.16861
1.4823e-06,-0.098046
1.4824e-06,-0.23802
1.4825e-06,-0.21933
1.4826e-06,-0.059883
1.4827e-06,-0.20624
1.4828e-06,-0.15095
1.4829e-06,-0.22582
1.483e-06,-0.42564
1.4831e-06,-0.31083
1.4832e-06,-0.30931
1.4833e-06,-0.42892
1.4834e-06,-0.29046
1.4835e-06,-0.34926
1.4836e-06,-0.3677
1.4837e-06,-0.22269
1.4838e-06,-0.30373
1.4839e-06,-0.31326
1.484e-06,-0.44286
1.4841e-06,-0.58819
1.4842e-06,-0.48577
1.4843e-06,-0.41394
1.4844e-06,-0.4583
1.4845e-06,-0.536
1.4846e-06,-0.56046
1.4847e-06,-0.50046
1.4848e-06,-0.43403
1.4849e-06,-0.59062
1.485e-06,-0.6326
1.4851e-06,-0.49648
1.4852e-06,-0.59672
1.4853e-06,-0.51025
1.4854e-06,-0.5924
1.4855e-06,-0.56472
1.4856e-06,-0.59456
1.4857e-06,-0.54053
1.4858e-06,-0.56908
1.4859e-06,-0.73874
1.486e-06,-0.58564
1.4861e-06,-0.71482
1.4862e-06,-0.63092
1.4863e-06,-0.64866
1.4864e-06,-1.0156
1.4865e-06,-0.68723
1.4866e-06,-0.81803
1.4867e-06,-0.84187
1.4868e-06,-0.8292
1.4869e-06,-0.94474
1.487e-06,-0.90185
1.4871e-06,-0.73522
1.4872e-06,-0.78978
1.4873e-06,-1.0818
1.4874e-06,-0.93887
1.4875e-06,-0.99029
1.4876e-06,-0.87074
1.4877e-06,-1.0668
1.4878e-06,-1.0948
1.4879e-06,-0.959
1.488e-06,-1.1027
1.4881e-06,-0.93044
1.4882e-06,-0.93605
1.4883e-06,-1.0093
1.4884e-06,-0.99215
1.4885e-06,-1.0592
1.4886e-06,-0.9797
1.4887e-06,-1.0959
1.4888e-06,-0.94613
1.4889e-06,-1.0672
1.489e-06,-1.1696
1.4891e-06,-1.1931
1.4892e-06,-1.0872
1.4893e-06,-1.2154
1.4894e-06,-1.1976
1.4895e-06,-1.226
1.4896e-06,-1.1428
1.4897e-06,-1.1333
1.4898e-06,-1.2171
1.4899e-06,-1.1018
1.49e-06,-1.2753
1.4901e-06,-1.151
1.4902e-06,-1.2905
1.4903e-06,-1.333
1.4904e-06,-1.1877
1.4905e-06,-1.3787
1.4906e-06,-1.2815
1.4907e-06,-1.3936
1.4908e-06,-1.3466
1.4909e-06,-1.4346
1.491e-06,-1.4696
1.4911e-06,-1.2592
1.4912e-06,-1.2585
1.4913e-06,-1.4453
1.4914e-06,-1.3293
1.4915e-06,-1.4331
1.4916e-06,-1.5321
1.4917e-06,-1.381
1.4918e-06,-1.5677
1.4919e-06,-1.534
1.492e-06,-1.5487
1.4921e-06,-1.4648
1.4922e-06,-1.6455
1.4923e-06,-1.6508
1.4924e-06,-1.6539
1.4925e-06,-1.5929
1.4926e-06,-1.7126
1.4927e-06,-1.7335
1.4928e-06,-1.7445
1.4929e-06,-1.5934
1.493e-06,-1.6486
1.4931e-06,-1.7116
1.4932e-06,-1.607
1.4933e-06,-1.6768
1.4934e-06,-1.7559
1.4935e-06,-1.7214
1.4936e-06,-1.6798
1.4937e-06,-1.7968
1.4938e-06,-1.8912
1.4939e-06,-1.8894
1.494e-06,-1.9028
1.4941e-06,-1.8016
1.4942e-06,-1.8327
1.4943e-06,-1.8934
1.4944e-06,-1.929
1.4945e-06,-1.864
1.4946e-06,-1.8095
1.4947e-06,-1.8452
1.4948e-06,-1.9662
1.4949e-06,-2.0775
1.495e-06,-2.0373
1.4951e-06,-2.0567
1.4952e-06,-1.8472
1.4953e-06,-1.9179
1.4954e-06,-2.0362
1.4955e-06,-1.8852
1.4956e-06,-2.1833
1.4957e-06,-1.9733
1.4958e-06,-2.1141
1.4959e-06,-2.1733
1.496e-06,-2.1983
1.4961e-06,-2.1611
1.4962e-06,-2.2012
1.4963e-06,-2.1364
1.4964e-06,-2.0389
1.4965e-06,-2.3896
1.4966e-06,-2.3494
1.4967e-06,-2.1438
1.4968e-06,-2.1054
1.4969e-06,-2.2282
1.497e-06,-2.3265
1.4971e-06,-2.2107
1.4972e-06,-2.1629
1.4973e-06,-2.2264
1.4974e-06,-2.2305
1.4975e-06,-2.307
1.4976e-06,-2.3841
1.4977e-06,-2.347
1.4978e-06,-2.3698
1.4979e-06,-2.4564
1.498e-06,-2.6385
1.4981e-06,-2.2352
1.4982e-06,-2.3938
1.4983e-06,-2.3107
1.4984e-06,-2.4579
1.4985e-06,-2.4901
1.4986e-06,-2.608
1.4987e-06,-2.5396
1.4988e-06,-2.6106
1.4989e-06,-2.4537
1.499e-06,-2.6216
1.4991e-06,-2.6693
1.4992e-06,-2.5793
1.4993e-06,-2.6462
1.4994e-06,-2.6825
1.4995e-06,-2.7074
1.4996e-06,-2.8238
1.4997e-06,-2.4409
1.4998e-06,-2.6283
1.4999e-06,-2.5882
1.5e-06,-2.6979
1.5001e-06,-2.5826
1.5002e-06,-2.7358
1.5003e-06,-2.8791
1.5004e-06,-2.7153
1.5005e-06,-2.7829
1.5006e-06,-2.7048
1.5007e-06,-2.9179
1.5008e-06,-2.9068
1.5009e-06,-2.7523
1.501e-06,-2.852
1.5011e-06,-2.9283
1.5012e-06,-2.9414
1.5013e-06,-2.6802
1.5014e-06,-2.8635
1.5015e-06,-2.8538
1.5016e-06,-2.9681
1.5017e-06,-3.0856
1.5018e-06,-3.1571
1.5019e-06,-2.992
1.502e-06,-3.1645
1.5021e-06,-3.0218
1.5022e-06,-3.1662
1.5023e-06,-3.067
1.5024e-06,-3.0141
1.5025e-06,-3.054
1.5026e-06,-3.1358
1.5027e-06,-2.9855
1.5028e-06,-3.1148
1.5029e-06,-3.0592
1.503e-06,-3.2068
1.5031e-06,-2.9389
1.5032e-06,-3.1409
1.5033e-06,-3.3356
1.5034e-06,-3.245
1.5035e-06,-3.1254
1.5036e-06,-3.3251
1.5037e-06,-3.2018
1.5038e-06,-3.4621
1.5039e-06,-3.4749
1.504e-06,-3.4413
1.5041e-06,-3.2949
1.5042e-06,-3.1707
1.5043e-06,-3.4639
1.5044e-06,-3.4267
1.5045e-06,-3.3385
1.5046e-06,-3.2901
1.5047e-06,-3.5227
1.5048e-06,-3.4326
1.5049e-06,-3.3172
1.505e-06,-3.3014
1.5051e-06,-3.391
1.5052e-06,-3.4441
1.5053e-06,-3.3128
1.5054e-06,-3.6097
1.5055e-06,-3.6301
1.5056e-06,-3.6709
1.5057e-06,-3.5648
1.5058e-06,-3.5848
1.5059e-06,-3.4849
1.506e-06,-3.6126
1.5061e-06,-3.712
1.5062e-06,-3.7023
1.5063e-06,-3.5889
1.5064e-06,-3.7243
1.5065e-06,-3.6101
1.5066e-06,-3.6031
1.5067e-06,-3.7135
1.5068e-06,-3.8019
1.5069e-06,-3.8492
1.507e-06,-3.7363
1.5071e-06,-3.6738
1.5072e-06,-3.6805
1.5073e-06,-3.9232
1.5074e-06,-3.9216
1.5075e-06,-3.8693
1.5076e-06,-3.7211
1.5077e-06,-3.8225
1.5078e-06,-3.8365
1.5079e-06,-3.9034
1.508e-06,-3.7823
1.5081e-06,-3.9735
1.5082e-06,-3.853
1.5083e-06,-4.1647
1.5084e-06,-3.9277
1.5085e-06,-3.872
1.5086e-06,-3.9927
1.5087e-06,-3.9307
1.5088e-06,-3.8779
1.5089e-06,-4.3069
1.509e-06,-4.1179
1.5091e-06,-4.1091
1.5092e-06,-4.0975
1.5093e-06,-4.152
1.5094e-06,-4.1509
1.5095e-06,-3.9903
1.5096e-06,-4.1341
1.5097e-06,-4.12
1.5098e-06,-4.1923
1.5099e-06,-4.1621
1.51e-06,-4.3912
1.5101e-06,-4.2762
1.5102e-06,-4.2387
1.5103e-06,-4.2835
1.5104e-06,-4.3218
1.5105e-06,-4.3535
1.5106e-06,-4.4241
1.5107e-06,-4.3662
1.5108e-06,-4.5127
1.5109e-06,-4.5078
1.511e-06,-4.5125
1.5111e-06,-4.4604
1.5112e-06,-4.116
1.5113e-06,-4.6179
1.5114e-06,-4.41
1.5115e-06,-4.4343
1.5116e-06,-4.3686
1.5117e-06,-4.5923
1.5118e-06,-4.6892
1.5119e-06,-4.5831
1.512e-06,-4.659
1.5121e-06,-4.5411
1.5122e-06,-4.6603
1.5123e-06,-4.5952
1.5124e-06,-4.5066
1.5125e-06,-4.6935
1.5126e-06,-4.705
1.5127e-06,-4.7693
1.5128e-06,-4.6433
1.5129e-06,-4.7588
1.513e-06,-4.6779
1.5131e-06,-4.4921
1.5132e-06,-4.6543
1.5133e-06,-4.5926
1.5134e-06,-4.8168
1.5135e-06,-4.9089
1.5136e-06,-4.7994
1.5137e-06,-4.8195
1.5138e-06,-4.9983
1.5139e-06,-4.9038
1.514e-06,-4.9262
1.5141e-06,-4.9024
1.5142e-06,-4.9172
1.5143e-06,-4.7451
1.5144e-06,-4.7757
1.5145e-06,-4.9804
1.5146e-06,-4.9725
1.5147e-06,-4.9233
1.5148e-06,-4.8053
1.5149e-06,-4.9789
1.515e-06,-5.2468
1.5151e-06,-5.1473
1.5152e-06,-5.1232
1.5153e-06,-4.9782
1.5154e-06,-5.054
1.5155e-06,-5.1462
1.5156e-06,-5.0715
1.5157e-06,-5.034
1.5158e-06,-5.0833
1.5159e-06,-5.2451
1.516e-06,-5.1633
1.5161e-06,-5.2035
1.5162e-06,-5.1485
1.5163e-06,-5.2896
1.5164e-06,-5.3332
1.5165e-06,-5.4155
1.5166e-06,-5.1769
1.5167e-06,-5.3512
1.5168e-06,-5.3134
1.5169e-06,-5.4185
1.517e-06,-5.3003
1.5171e-06,-5.1254
1.5172e-06,-5.4362
1.5173e-06,-5.3324
1.5174e-06,-5.0924
1.5175e-06,-5.3671
1.5176e-06,-5.3042
1.5177e-06,-5.1885
1.5178e-06,-5.1876
1.5179e-06,-5.1834
1.518e-06,-5.6511
1.5181e-06,-5.5503
1.5182e-06,-5.3942
1.5183e-06,-5.3853
1.5184e-06,-5.5075
1.5185e-06,-5.4141
1.5186e-06,-5.7207
1.5187e-06,-5.627
1.5188e-06,-5.4717
1.5189e-06,-5.6442
1.519e-06,-5.6166
1.5191e-06,-5.6636
1.5192e-06,-5.542
1.5193e-06,-5.7785
1.5194e-06,-5.6532
1.5195e-06,-5.5097
1.5196e-06,-5.8062
1.5197e-06,-5.8339
1.5198e-06,-5.5587
1.5199e-06,-5.7029
1.52e-06,-5.6035
1.5201e-06,-5.6814
1.5202e-06,-5.4758
1.5203e-06,-5.6703
1.5204e-06,-5.589
1.5205e-06,-5.6477
1.5206e-06,-5.7209
1.5207e-06,-5.7406
1.5208e-06,-5.7974
1.5209e-06,-5.6785
1.521e-06,-5.9784
1.5211e-06,-5.8459
1.5212e-06,-5.9337
1.5213e-06,-5.9502
1.5214e-06,-5.9439
1.5215e-06,-5.7044
1.5216e-06,-5.8454
1.5217e-06,-5.9618
1.5218e-06,-5.9481
1.5219e-06,-5.7181
1.522e-06,-5.9962
1.5221e-06,-6.0744
1.5222e-06,-5.9994
1.5223e-06,-5.899
1.5224e-06,-6.014
1.5225e-06,-6.0592
1.5226e-06,-6.0923
1.5227e-06,-6.1546
1.5228e-06,-6.2132
1.5229e-06,-6.0173
1.523e-06,-5.8632
1.5231e-06,-6.1776
1.5232e-06,-6.0839
1.5233e-06,-6.0221
1.5234e-06,-6.2783
1.5235e-06,-5.9935
1.5236e-06,-5.9541
1.5237e-06,-6.0736
1.5238e-06,-6.0058
1.5239e-06,-6.263
1.524e-06,-6.0414
1.5241e-06,-6.2045
1.5242e-06,-6.368
1.5243e-06,-6.4188
1.5244e-06,-6.2059
1.5245e-06,-6.2805
1.5246e-06,-6.2205
1.5247e-06,-6.214
1.5248e-06,-6.2606
1.5249e-06,-6.2114
1.525e-06,-6.4388
1.5251e-06,-6.1125
1.5252e-06,-6.5996
1.5253e-06,-6.3845
1.5254e-06,-6.413
1.5255e-06,-6.3101
1.5256e-06,-6.4693
1.5257e-06,-6.3361
1.5258e-06,-6.4743
1.5259e-06,-6.5671
1.526e-06,-6.3213
1.5261e-06,-6.2232
1.5262e-06,-6.4257
1.5263e-06,-6.4206
1.5264e-06,-6.5045
1.5265e-06,-6.4744
1.5266e-06,-6.4425
1.5267e-06,-6.7076
1.5268e-06,-6.4368
1.5269e-06,-6.5083
1.527e-06,-6.3967
1.5271e-06,-6.4895
1.5272e-06,-6.5859
1.5273e-06,-6.6872
1.5274e-06,-6.527
1.5275e-06,-6.4087
1.5276e-06,-6.6745
1.5277e-06,-6.4593
1.5278e-06,-6.4812
1.5279e-06,-6.5262
1.528e-06,-6.5656
1.5281e-06,-6.5851
1.5282e-06,-6.6166
1.5283e-06,-6.5691
1.5284e-06,-6.5032
1.5285e-06,-6.6954
1.5286e-06,-6.6674
1.5287e-06,-6.7006
1.5288e-06,-6.6038
1.5289e-06,-6.5921
1.529e-06,-6.6645
1.5291e-06,-6.4908
1.5292e-06,-6.6638
1.5293e-06,-6.8315
1.5294e-06,-6.6864
1.5295e-06,-6.5163
1.5296e-06,-6.6327
1.5297e-06,-6.7047
1.5298e-06,-6.6129
1.5299e-06,-6.8758
1.53e-06,-6.558
1.5301e-06,-6.7915
1.5302e-06,-6.8018
1.5303e-06,-6.5955
1.5304e-06,-6.8887
1.5305e-06,-6.811
1.5306e-06,-6.8058
1.5307e-06,-6.7808
1.5308e-06,-6.917
1.5309e-06,-6.8418
1.531e-06,-6.6817
1.5311e-06,-6.7022
1.5312e-06,-6.8533
1.5313e-06,-7.0662
1.5314e-06,-6.9555
1.5315e-06,-6.8427
1.5316e-06,-6.95
1.5317e-06,-7.0761
1.5318e-06,-6.7003
1.5319e-06,-6.8382
1.532e-06,-6.8714
1.5321e-06,-6.8727
1.5322e-06,-6.8883
1.5323e-06,-6.8186
1.5324e-06,-6.8933
1.5325e-06,-7.0091
1.5326e-06,-6.7692
1.5327e-06,-6.8076
1.5328e-06,-6.8607
1.5329e-06,-6.9228
1.533e-06,-6.9176
1.5331e-06,-6.9595
1.5332e-06,-6.8694
1.5333e-06,-7.0787
1.5334e-06,-7.0718
1.5335e-06,-7.0303
1.5336e-06,-6.9173
1.5337e-06,-6.9822
1.5338e-06,-6.8692
1.5339e-06,-6.8449
1.534e-06,-6.9422
1.5341e-06,-6.9662
1.5342e-06,-6.9752
1.5343e-06,-6.8597
1.5344e-06,-7.0472
1.5345e-06,-6.8586
1.5346e-06,-7.2539
1.5347e-06,-6.863
1.5348e-06,-7.0278
1.5349e-06,-6.9885
1.535e-06,-7.0179
1.5351e-06,-6.9453
1.5352e-06,-6.9339
1.5353e-06,-6.9662
1.5354e-06,-6.9418
1.5355e-06,-7.0264
1.5356e-06,-6.9217
1.5357e-06,-6.9724
1.5358e-06,-6.9914
1.5359e-06,-6.8738
1.536e-06,-6.8999
1.5361e-06,-6.8534
1.5362e-06,-7.2816
1.5363e-06,-7.1118
1.5364e-06,-7.1045
1.5365e-06,-6.9012
1.5366e-06,-7.0287
1.5367e-06,-7.1771
1.5368e-06,-7.0393
1.5369e-06,-7.2219
1.537e-06,-6.7688
1.5371e-06,-7.0244
1.5372e-06,-7.0105
1.5373e-06,-7.1312
1.5374e-06,-6.929
1.5375e-06,-6.9449
1.5376e-06,-7.1605
1.5377e-06,-7.1022
1.5378e-06,-6.91
1.5379e-06,-7.048
1.538e-06,-7.0162
1.5381e-06,-6.9648
1.5382e-06,-7.0325
1.5383e-06,-7.0088
1.5384e-06,-6.9864
1.5385e-06,-6.9452
1.5386e-06,-6.9511
1.5387e-06,-7.2565
1.5388e-06,-6.9219
1.5389e-06,-7.1737
1.539e-06,-7.1094
1.5391e-06,-7.0403
1.5392e-06,-7.1089
1.5393e-06,-7.0385
1.5394e-06,-6.7518
1.5395e-06,-6.9739
1.5396e-06,-7.0674
1.5397e-06,-6.8162
1.5398e-06,-6.9332
1.5399e-06,-6.8139
1.54e-06,-6.8782
1.5401e-06,-6.866
1.5402e-06,-6.9337
1.5403e-06,-6.8239
1.5404e-06,-6.9829
1.5405e-06,-6.9923
1.5406e-06,-6.9225
1.5407e-06,-7.0942
1.5408e-06,-6.8452
1.5409e-06,-6.9416
1.541e-06,-6.8661
1.5411e-06,-6.9604
1.5412e-06,-6.97
1.5413e-06,-6.8809
1.5414e-06,-6.9348
1.5415e-06,-6.717
1.5416e-06,-6.958
1.5417e-06,-6.9544
1.5418e-06,-6.9521
1.5419e-06,-6.6932
1.542e-06,-6.7838
1.5421e-06,-6.7695
1.5422e-06,-6.8114
1.5423e-06,-6.8711
1.5424e-06,-6.9631
1.5425e-06,-7.015
1.5426e-06,-7.0118
1.5427e-06,-6.8661
1.5428e-06,-6.8945
1.5429e-06,-6.8691
1.543e-06,-6.8049
1.5431e-06,-6.8394
1.5432e-06,-6.7455
1.5433e-06,-6.7793
1.5434e-06,-6.8711
1.5435e-06,-6.6983
1.5436e-06,-7.1501
1.5437e-06,-6.7482
1.5438e-06,-6.8979
1.5439e-06,-6.7516
1.544e-06,-6.7017
1.5441e-06,-6.7741
1.5442e-06,-6.8938
1.5443e-06,-6.8608
1.5444e-06,-6.8905
1.5445e-06,-6.7255
1.5446e-06,-6.8087
1.5447e-06,-6.6735
1.5448e-06,-6.6944
1.5449e-06,-6.881
1.545e-06,-6.7766
1.5451e-06,-6.5292
1.5452e-06,-6.6492
1.5453e-06,-6.7051
1.5454e-06,-6.8411
1.5455e-06,-6.7478
1.5456e-06,-6.8046
1.5457e-06,-6.829
1.5458e-06,-6.5793
1.5459e-06,-6.5952
1.546e-06,-6.4287
1.5461e-06,-6.6732
1.5462e-06,-6.4213
1.5463e-06,-6.5301
1.5464e-06,-6.688
1.5465e-06,-6.4719
1.5466e-06,-6.4522
1.5467e-06,-6.5237
1.5468e-06,-6.4588
1.5469e-06,-6.6221
1.547e-06,-6.4854
1.5471e-06,-6.4402
1.5472e-06,-6.6153
1.5473e-06,-6.6686
1.5474e-06,-6.4321
1.5475e-06,-6.4258
1.5476e-06,-6.3954
1.5477e-06,-6.6961
1.5478e-06,-6.5864
1.5479e-06,-6.7034
1.548e-06,-6.5189
1.5481e-06,-6.6802
1.5482e-06,-6.4838
1.5483e-06,-6.5864
1.5484e-06,-6.3035
1.5485e-06,-6.4427
1.5486e-06,-6.5559
1.5487e-06,-6.4582
1.5488e-06,-6.4004
1.5489e-06,-6.5811
1.549e-06,-6.215
1.5491e-06,-6.4514
1.5492e-06,-6.3893
1.5493e-06,-6.4407
1.5494e-06,-6.3181
1.5495e-06,-6.2997
1.5496e-06,-6.4307
1.5497e-06,-6.3298
1.5498e-06,-6.4708
1.5499e-06,-6.2021
1.55e-06,-6.3293
1.5501e-06,-6.3112
1.5502e-06,-6.3723
1.5503e-06,-6.3983
1.5504e-06,-6.1758
1.5505e-06,-6.2125
1.5506e-06,-6.2912
1.5507e-06,-6.1794
1.5508e-06,-6.3639
1.5509e-06,-6.2228
1.551e-06,-6.1228
1.5511e-06,-6.2831
1.5512e-06,-6.2014
1.5513e-06,-6.0926
1.5514e-06,-5.9057
1.5515e-06,-6.0453
1.5516e-06,-6.4139
1.5517e-06,-6.2568
1.5518e-06,-5.9717
1.5519e-06,-6.0972
1.552e-06,-6.0904
1.5521e-06,-5.9911
1.5522e-06,-5.9392
1.5523e-06,-6.1506
1.5524e-06,-6.207
1.5525e-06,-6.1105
1.5526e-06,-6.0722
1.5527e-06,-6.096
1.5528e-06,-6.0843
1.5529e-06,-5.9303
1.553e-06,-6.0826
1.5531e-06,-6.0581
1.5532e-06,-6.0494
1.5533e-06,-5.8987
1.5534e-06,-5.916
1.5535e-06,-5.9743
1.5536e-06,-6.1422
1.5537e-06,-5.8343
1.5538e-06,-5.8119
1.5539e-06,-5.9472
1.554e-06,-6.003
1.5541e-06,-5.9403
1.5542e-06,-5.92
1.5543e-06,-5.8995
1.5544e-06,-5.76
1.5545e-06,-6.0728
1.5546e-06,-5.8314
1.5547e-06,-5.7858
1.5548e-06,-5.6221
1.5549e-06,-5.9186
1.555e-06,-5.7363
1.5551e-06,-6.0661
1.5552e-06,-5.8913
1.5553e-06,-5.8523
1.5554e-06,-5.6996
1.5555e-06,-5.738
1.5556e-06,-5.9438
1.5557e-06,-5.8194
1.5558e-06,-5.6624
1.5559e-06,-5.771
1.556e-06,-5.374
1.5561e-06,-5.5018
1.5562e-06,-5.3908
1.5563e-06,-5.4816
1.5564e-06,-5.4653
1.5565e-06,-5.7179
1.5566e-06,-5.591
1.5567e-06,-5.4094
1.5568e-06,-5.8284
1.5569e-06,-5.516
1.557e-06,-5.2688
1.5571e-06,-5.2348
1.5572e-06,-5.4917
1.5573e-06,-5.619
1.5574e-06,-5.4201
1.5575e-06,-5.5311
1.5576e-06,-5.5026
1.5577e-06,-5.3994
1.5578e-06,-5.4635
1.5579e-06,-5.3949
1.558e-06,-5.4625
1.5581e-06,-5.4313
1.5582e-06,-5.5063
1.5583e-06,-5.3129
1.5584e-06,-5.2579
1.5585e-06,-5.3534
1.5586e-06,-5.223
1.5587e-06,-5.4582
1.5588e-06,-5.4185
1.5589e-06,-5.3372
1.559e-06,-5.5516
1.5591e-06,-5.4573
1.5592e-06,-5.334
1.5593e-06,-5.3049
1.5594e-06,-5.3905
1.5595e-06,-5.3423
1.5596e-06,-5.1722
1.5597e-06,-5.0582
1.5598e-06,-5.195
1.5599e-06,-5.0037
1.56e-06,-4.9924
1.5601e-06,-5.1217
1.5602e-06,-5.1842
1.5603e-06,-4.9738
1.5604e-06,-4.91
1.5605e-06,-4.9315
1.5606e-06,-5.246
1.5607e-06,-5.1646
1.5608e-06,-4.9987
1.5609e-06,-5.2217
1.561e-06,-5.0644
1.5611e-06,-5.0619
1.5612e-06,-4.9895
1.5613e-06,-5.1589
1.5614e-06,-4.9393
1.5615e-06,-4.97
1.5616e-06,-4.9956
1.5617e-06,-4.8197
1.5618e-06,-4.9405
1.5619e-06,-5.0379
1.562e-06,-4.9842
1.5621e-06,-4.7841
1.5622e-06,-4.751
1.5623e-06,-4.8888
1.5624e-06,-4.8176
1.5625e-06,-4.7578
1.5626e-06,-4.906
1.5627e-06,-4.725
1.5628e-06,-4.5895
1.5629e-06,-4.7925
1.563e-06,-4.8022
1.5631e-06,-4.8609
1.5632e-06,-4.8035
1.5633e-06,-4.7643
1.5634e-06,-4.594
1.5635e-06,-4.7805
1.5636e-06,-4.6229
1.5637e-06,-4.7093
1.5638e-06,-4.7651
1.5639e-06,-4.7414
1.564e-06,-4.5537
1.5641e-06,-4.4445
1.5642e-06,-4.5676
1.5643e-06,-4.6175
1.5644e-06,-4.5118
1.5645e-06,-4.7018
1.5646e-06,-4.686
1.5647e-06,-4.7043
1.5648e-06,-4.6118
1.5649e-06,-4.5084
1.565e-06,-4.4418
1.5651e-06,-4.3432
1.5652e-06,-4.4598
1.5653e-06,-4.5109
1.5654e-06,-4.4773
1.5655e-06,-4.4125
1.5656e-06,-4.6163
1.5657e-06,-4.5082
1.5658e-06,-4.3533
1.5659e-06,-4.4488
1.566e-06,-4.4348
1.5661e-06,-4.1957
1.5662e-06,-4.3172
1.5663e-06,-4.279
1.5664e-06,-4.2825
1.5665e-06,-4.468
1.5666e-06,-4.3483
1.5667e-06,-3.994
1.5668e-06,-4.1128
1.5669e-06,-4.3206
1.567e-06,-4.4751
1.5671e-06,-4.0476
1.5672e-06,-4.2986
1.5673e-06,-4.065
1.5674e-06,-4.1985
1.5675e-06,-4.1409
1.5676e-06,-4.1972
1.5677e-06,-4.127
1.5678e-06,-4.2354
1.5679e-06,-4.0735
1.568e-06,-4.1283
1.5681e-06,-4.1079
1.5682e-06,-4.0862
1.5683e-06,-4.1733
1.5684e-06,-4.0587
1.5685e-06,-4.0113
1.5686e-06,-4.23
1.5687e-06,-4.1152
1.5688e-06,-3.9573
1.5689e-06,-4.0234
1.569e-06,-3.8756
1.5691e-06,-4.0135
1.5692e-06,-3.9632
1.5693e-06,-3.8418
1.5694e-06,-4.0324
1.5695e-06,-4.1528
1.5696e-06,-3.8865
1.5697e-06,-3.9084
1.5698e-06,-3.8194
1.5699e-06,-3.902
1.57e-06,-3.8645
1.5701e-06,-3.9397
1.5702e-06,-3.7289
1.5703e-06,-3.9629
1.5704e-06,-3.7665
1.5705e-06,-4.0015
1.5706e-06,-3.7956
1.5707e-06,-3.608
1.5708e-06,-3.714
1.5709e-06,-3.6666
1.571e-06,-3.6152
1.5711e-06,-3.7933
1.5712e-06,-3.711
1.5713e-06,-3.7587
1.5714e-06,-3.7647
1.5715e-06,-3.7379
1.5716e-06,-3.7413
1.5717e-06,-3.7716
1.5718e-06,-3.6752
1.5719e-06,-3.6969
1.572e-06,-3.6481
1.5721e-06,-3.5922
1.5722e-06,-3.6503
1.5723e-06,-3.4391
1.5724e-06,-3.6524
1.5725e-06,-3.3823
1.5726e-06,-3.5037
1.5727e-06,-3.5572
1.5728e-06,-3.8042
1.5729e-06,-3.618
1.573e-06,-3.4483
1.5731e-06,-3.7439
1.5732e-06,-3.4264
1.5733e-06,-3.4331
1.5734e-06,-3.5646
1.5735e-06,-3.5675
1.5736e-06,-3.4279
1.5737e-06,-3.3491
1.5738e-06,-3.4332
1.5739e-06,-3.6048
1.574e-06,-3.4644
1.5741e-06,-3.3483
1.5742e-06,-3.448
1.5743e-06,-3.2603
1.5744e-06,-3.3323
1.5745e-06,-3.2912
1.5746e-06,-3.2501
1.5747e-06,-3.2803
1.5748e-06,-3.2758
1.5749e-06,-3.1749
1.575e-06,-3.257
1.5751e-06,-3.2174
1.5752e-06,-3.105
1.5753e-06,-3.3595
1.5754e-06,-3.4182
1.5755e-06,-3.2169
1.5756e-06,-3.1239
1.5757e-06,-3.1447
1.5758e-06,-3.3325
1.5759e-06,-2.8879
1.576e-06,-3.0133
1.5761e-06,-3.1956
1.5762e-06,-3.0269
1.5763e-06,-3.0325
1.5764e-06,-2.9928
1.5765e-06,-3.1641
1.5766e-06,-2.9493
1.5767e-06,-3.3365
1.5768e-06,-3.255
1.5769e-06,-3.1263
1.577e-06,-3.0573
1.5771e-06,-3.0448
1.5772e-06,-3.1635
1.5773e-06,-3.0964
1.5774e-06,-3.1167
1.5775e-06,-2.8392
1.5776e-06,-2.8791
1.5777e-06,-2.9973
1.5778e-06,-2.8812
1.5779e-06,-2.7094
1.578e-06,-2.906
1.5781e-06,-2.8447
1.5782e-06,-2.9625
1.5783e-06,-2.703
1.5784e-06,-2.8885
1.5785e-06,-2.6957
1.5786e-06,-2.8735
1.5787e-06,-2.6946
1.5788e-06,-2.8899
1.5789e-06,-2.8842
1.579e-06,-2.8976
1.5791e-06,-2.56
1.5792e-06,-2.7762
1.5793e-06,-2.734
1.5794e-06,-2.777
1.5795e-06,-2.7066
1.5796e-06,-2.6318
1.5797e-06,-2.7369
1.5798e-06,-2.8045
1.5799e-06,-2.7097
1.58e-06,-2.7369
1.5801e-06,-2.5842
1.5802e-06,-2.5434
1.5803e-06,-2.5041
1.5804e-06,-2.4643
1.5805e-06,-2.6847
1.5806e-06,-2.7805
1.5807e-06,-2.6149
1.5808e-06,-2.6929
1.5809e-06,-2.6161
1.581e-06,-2.5896
1.5811e-06,-2.4656
1.5812e-06,-2.6285
1.5813e-06,-2.6308
1.5814e-06,-2.6312
1.5815e-06,-2.4263
1.5816e-06,-2.532
1.5817e-06,-2.4496
1.5818e-06,-2.4555
1.5819e-06,-2.4696
1.582e-06,-2.4212
1.5821e-06,-2.2944
1.5822e-06,-2.4861
1.5823e-06,-2.6606
1.5824e-06,-2.2956
1.5825e-06,-2.5394
1.5826e-06,-2.4818
1.5827e-06,-2.4671
1.5828e-06,-2.2605
1.5829e-06,-2.2184
1.583e-06,-2.0591
1.5831e-06,-2.2301
1.5832e-06,-2.1605
1.5833e-06,-2.2848
1.5834e-06,-2.4504
1.5835e-06,-2.2002
1.5836e-06,-2.1766
1.5837e-06,-2.2683
1.5838e-06,-2.1384
1.5839e-06,-2.2381
1.584e-06,-2.358
1.5841e-06,-2.494
1.5842e-06,-2.2298
1.5843e-06,-2.2659
1.5844e-06,-2.3061
1.5845e-06,-2.1719
1.5846e-06,-2.1767
1.5847e-06,-2.0758
1.5848e-06,-1.9589
1.5849e-06,-2.0816
1.585e-06,-2.2211
1.5851e-06,-2.0143
1.5852e-06,-2.0656
1.5853e-06,-1.9932
1.5854e-06,-2.1209
1.5855e-06,-1.9454
1.5856e-06,-2.191
1.5857e-06,-2.3011
1.5858e-06,-1.8661
1.5859e-06,-2.1169
1.586e-06,-2.1399
1.5861e-06,-2.0422
1.5862e-06,-1.9476
1.5863e-06,-1.9486
1.5864e-06,-1.9205
1.5865e-06,-1.9843
1.5866e-06,-1.9105
1.5867e-06,-1.8563
1.5868e-06,-1.8193
1.5869e-06,-1.9497
1.587e-06,-1.9161
1.5871e-06,-2.151
1.5872e-06,-1.8754
1.5873e-06,-1.4426
1.5874e-06,-1.8952
1.5875e-06,-2.0299
1.5876e-06,-2.0041
1.5877e-06,-1.7549
1.5878e-06,-1.7843
1.5879e-06,-1.8876
1.588e-06,-1.5643
1.5881e-06,-1.5902
1.5882e-06,-1.9125
1.5883e-06,-1.6339
1.5884e-06,-1.715
1.5885e-06,-1.7898
1.5886e-06,-1.7504
1.5887e-06,-1.7174
1.5888e-06,-1.767
1.5889e-06,-1.7394
1.589e-06,-1.6977
1.5891e-06,-1.7771
1.5892e-06,-1.6933
1.5893e-06,-1.5474
1.5894e-06,-1.5518
1.5895e-06,-1.6469
1.5896e-06,-1.7546
1.5897e-06,-1.5106
1.5898e-06,-1.5662
1.5899e-06,-1.4659
1.59e-06,-1.4138
1.5901e-06,-1.682
1.5902e-06,-1.4519
1.5903e-06,-1.4917
1.5904e-06,-1.5512
1.5905e-06,-1.5309
1.5906e-06,-1.5165
1.5907e-06,-1.3654
1.5908e-06,-1.5374
1.5909e-06,-1.4665
1.591e-06,-1.6468
1.5911e-06,-1.4767
1.5912e-06,-1.6702
1.5913e-06,-1.501
1.5914e-06,-1.5747
1.5915e-06,-1.2605
1.5916e-06,-1.2812
1.5917e-06,-1.4775
1.5918e-06,-1.2615
1.5919e-06,-1.3975
1.592e-06,-1.2169
1.5921e-06,-1.5297
1.5922e-06,-1.402
1.5923e-06,-1.2737
1.5924e-06,-1.2436
1.5925e-06,-1.3376
1.5926e-06,-1.4094
1.5927e-06,-1.2728
1.5928e-06,-1.2241
1.5929e-06,-1.3044
1.593e-06,-1.2189
1.5931e-06,-1.164
1.5932e-06,-1.1984
1.5933e-06,-1.1839
1.5934e-06,-1.2718
1.5935e-06,-1.2379
1.5936e-06,-1.3156
1.5937e-06,-1.3577
1.5938e-06,-1.1816
1.5939e-06,-1.2547
1.594e-06,-1.0896
1.5941e-06,-0.8465
1.5942e-06,-1.3224
1.5943e-06,-1.0193
1.5944e-06,-1.2755
1.5945e-06,-1.0268
1.5946e-06,-1.0966
1.5947e-06,-1.2188
1.5948e-06,-0.92727
1.5949e-06,-1.0273
1.595e-06,-1.1565
1.5951e-06,-1.0056
1.5952e-06,-0.92593
1.5953e-06,-1.1371
1.5954e-06,-1.122
1.5955e-06,-1.0943
1.5956e-06,-0.89947
1.5957e-06,-1.0408
1.5958e-06,-1.1169
1.5959e-06,-0.77698
1.596e-06,-0.99197
1.5961e-06,-0.89852
1.5962e-06,-0.98822
1.5963e-06,-0.88111
1.5964e-06,-0.95361
1.5965e-06,-0.98797
1.5966e-06,-0.90836
1.5967e-06,-1.119
1.5968e-06,-0.81315
1.5969e-06,-1.0251
1.597e-06,-0.80472
1.5971e-06,-0.92387
1.5972e-06,-0.9229
1.5973e-06,-0.72252
1.5974e-06,-0.63967
1.5975e-06,-0.83855
1.5976e-06,-0.79379
1.5977e-06,-0.76678
1.5978e-06,-0.74529
1.5979e-06,-0.76682
1.598e-06,-0.88154
1.5981e-06,-0.71908
1.5982e-06,-0.83513
1.5983e-06,-0.73057
1.5984e-06,-0.60563
1.5985e-06,-0.70163
1.5986e-06,-0.83998
1.5987e-06,-0.80583
1.5988e-06,-1.0811
1.5989e-06,-0.77741
1.599e-06,-0.5648
1.5991e-06,-0.42561
1.5992e-06,-0.70685
1.5993e-06,-0.68081
1.5994e-06,-0.71992
1.5995e-06,-0.56724
1.5996e-06,-0.65284
1.5997e-06,-0.40084
1.5998e-06,-0.55819
1.5999e-06,-0.68636
1.6e-06,-0.59627
1.6001e-06,-0.59976
1.6002e-06,-0.8395
1.6003e-06,-0.84603
1.6004e-06,-0.74868
1.6005e-06,-0.38537
1.6006e-06,-0.61286
1.6007e-06,-0.48329
1.6008e-06,-0.75804
1.6009e-06,-0.62052
1.601e-06,-0.53845
1.6011e-06,-0.62326
1.6012e-06,-0.52859
1.6013e-06,-0.57654
1.6014e-06,-0.4805
1.6015e-06,-0.17267
1.6016e-06,-0.16679
1.6017e-06,-0.46676
1.6018e-06,-0.54381
1.6019e-06,-0.49701
1.602e-06,-0.31457
1.6021e-06,-0.38372
1.6022e-06,-0.52862
1.6023e-06,-0.28932
1.6024e-06,-0.62076
1.6025e-06,-0.34714
1.6026e-06,-0.44135
1.6027e-06,-0.60697
1.6028e-06,-0.50066
1.6029e-06,-0.35092
1.603e-06,-0.49854
1.6031e-06,-0.27592
1.6032e-06,-0.084593
1.6033e-06,-0.302
1.6034e-06,-0.45073
1.6035e-06,-0.47609
1.6036e-06,-0.22712
1.6037e-06,-0.11
1.6038e-06,-0.34158
1.6039e-06,-0.43362
1.604e-06,-0.18652
1.6041e-06,-0.34785
1.6042e-06,-0.095624
1.6043e-06,-0.14448
1.6044e-06,-0.38295
1.6045e-06,-0.25589
1.6046e-06,-0.12541
1.6047e-06,-0.3495
1.6048e-06,-0.16133
1.6049e-06,-0.20189
1.605e-06,0.046981
1.6051e-06,-0.05835
1.6052e-06,-0.0071912
1.6053e-06,-0.11942
1.6054e-06,-0.14537
1.6055e-06,-0.17935
1.6056e-06,0.03007
1.6057e-06,0.039139
1.6058e-06,-0.083838
1.6059e-06,-0.09518
1.606e-06,-0.16656
1.6061e-06,-0.1541
1.6062e-06,-0.057029
1.6063e-06,-0.11121
1.6064e-06,0.075807
1.6065e-06,-0.031353
1.6066e-06,0.16717
1.6067e-06,0.12393
1.6068e-06,0.1857
1.6069e-06,0.083165
1.607e-06,-0.11011
1.6071e-06,0.014397
1.6072e-06,0.33309
1.6073e-06,-0.12135
1.6074e-06,0.047401
1.6075e-06,0.079644
1.6076e-06,-0.18775
1.6077e-06,0.048025
1.6078e-06,-0.00018815
1.6079e-06,0.065922
1.608e-06,0.19799
1.6081e-06,0.14816
1.6082e-06,0.085862
1.6083e-06,0.043746
1.6084e-06,-0.080522
1.6085e-06,0.030765
1.6086e-06,-0.065999
1.6087e-06,0.18542
1.6088e-06,0.061518
1.6089e-06,0.030562
1.609e-06,0.12317
1.6091e-06,0.16374
1.6092e-06,0.062655
1.6093e-06,0.26367
1.6094e-06,0.12112
1.6095e-06,0.25058
1.6096e-06,0.33479
1.6097e-06,0.29702
1.6098e-06,0.23033
1.6099e-06,0.2136
1.61e-06,0.21634
1.6101e-06,0.14083
1.6102e-06,0.43042
1.6103e-06,0.43773
1.6104e-06,0.18997
1.6105e-06,0.39212
1.6106e-06,0.3975
1.6107e-06,0.201
1.6108e-06,0.28947
1.6109e-06,0.48115
1.611e-06,0.28143
1.6111e-06,0.080306
1.6112e-06,0.6214
1.6113e-06,0.43923
1.6114e-06,0.13557
1.6115e-06,0.15386
1.6116e-06,0.36444
1.6117e-06,0.38049
1.6118e-06,0.41997
1.6119e-06,0.32577
1.612e-06,0.55462
1.6121e-06,0.42827
1.6122e-06,0.35214
1.6123e-06,0.45711
1.6124e-06,0.53595
1.6125e-06,0.50951
1.6126e-06,0.4955
1.6127e-06,0.45563
1.6128e-06,0.50821
1.6129e-06,0.44583
1.613e-06,0.41441
1.6131e-06,0.65275
1.6132e-06,0.42778
1.6133e-06,0.59384
1.6134e-06,0.56065
1.6135e-06,0.53841
1.6136e-06,0.51908
1.6137e-06,0.38692
1.6138e-06,0.49635
1.6139e-06,0.34416
1.614e-06,0.33422
1.6141e-06,0.59353
1.6142e-06,0.56219
1.6143e-06,0.6625
1.6144e-06,0.70564
1.6145e-06,0.45316
1.6146e-06,0.59587
1.6147e-06,0.65579
1.6148e-06,0.70617
1.6149e-06,0.48983
1.615e-06,0.36911
1.6151e-06,0.67315
1.6152e-06,0.77386
1.6153e-06,0.69555
1.6154e-06,0.43783
1.6155e-06,0.68917
1.6156e-06,0.86207
1.6157e-06,0.71313
1.6158e-06,0.65733
1.6159e-06,0.54545
1.616e-06,0.5393
1.6161e-06,0.68666
1.6162e-06,0.49919
1.6163e-06,0.71456
1.6164e-06,0.65771
1.6165e-06,0.88377
1.6166e-06,0.94519
1.6167e-06,0.76892
1.6168e-06,0.65371
1.6169e-06,0.6829
1.617e-06,0.90852
1.6171e-06,0.67326
1.6172e-06,0.75766
1.6173e-06,0.95375
1.6174e-06,0.65026
1.6175e-06,0.61785
1.6176e-06,0.88573
1.6177e-06,0.73645
1.6178e-06,0.61665
1.6179e-06,0.79479
1.618e-06,1.1007
1.6181e-06,0.75681
1.6182e-06,0.8613
1.6183e-06,0.9866
1.6184e-06,0.86226
1.6185e-06,0.85137
1.6186e-06,0.99868
1.6187e-06,0.88326
1.6188e-06,1.0822
1.6189e-06,0.67747
1.619e-06,1.0942
1.6191e-06,1.0064
1.6192e-06,1.037
1.6193e-06,1.1789
1.6194e-06,1.1156
1.6195e-06,0.94951
1.6196e-06,0.87734
1.6197e-06,0.97816
1.6198e-06,0.87682
1.6199e-06,0.66894
1.62e-06,1.0027
1.6201e-06,0.84416
1.6202e-06,0.88964
1.6203e-06,0.87144
1.6204e-06,1.3289
1.6205e-06,0.94917
1.6206e-06,1.109
1.6207e-06,0.94589
1.6208e-06,1.0826
1.6209e-06,1.1886
1.621e-06,0.96615
1.6211e-06,1.0672
1.6212e-06,0.91988
1.6213e-06,1.0086
1.6214e-06,1.1934
1.6215e-06,1.039
1.6216e-06,0.92025
1.6217e-06,1.0526
1.6218e-06,1.2047
1.6219e-06,0.9341
1.622e-06,1.1484
1.6221e-06,1.266
1.6222e-06,1.2661
1.6223e-06,0.99195
1.6224e-06,1.0333
1.6225e-06,1.2617
1.6226e-06,1.3017
1.6227e-06,1.0742
1.6228e-06,1.1268
1.6229e-06,1.2998
1.623e-06,1.3459
1.6231e-06,1.285
1.6232e-06,1.0286
1.6233e-06,1.3135
1.6234e-06,1.3073
1.6235e-06,1.3408
1.6236e-06,1.3665
1.6237e-06,1.2861
1.6238e-06,1.2603
1.6239e-06,1.3951
1.624e-06,1.0596
1.6241e-06,1.3682
1.6242e-06,1.2155
1.6243e-06,1.2734
1.6244e-06,1.314
1.6245e-06,1.3639
1.6246e-06,1.3125
1.6247e-06,1.2826
1.6248e-06,1.2954
1.6249e-06,1.2476
1.625e-06,1.1261
1.6251e-06,1.2674
1.6252e-06,1.2559
1.6253e-06,1.3625
1.6254e-06,1.5412
1.6255e-06,1.2195
1.6256e-06,1.4239
1.6257e-06,1.5665
1.6258e-06,1.2495
1.6259e-06,1.3346
1.626e-06,1.451
1.6261e-06,1.3251
1.6262e-06,1.5072
1.6263e-06,1.4095
1.6264e-06,1.6251
1.6265e-06,1.5236
1.6266e-06,1.4869
1.6267e-06,1.4477
1.6268e-06,1.6321
1.6269e-06,1.5178
1.627e-06,1.777
1.6271e-06,1.3313
1.6272e-06,1.5067
1.6273e-06,1.5213
1.6274e-06,1.6926
1.6275e-06,1.3774
1.6276e-06,1.5879
1.6277e-06,1.5019
1.6278e-06,1.3254
1.6279e-06,1.6965
1.628e-06,1.3276
1.6281e-06,1.418
1.6282e-06,1.7826
1.6283e-06,1.29
1.6284e-06,1.5577
1.6285e-06,1.3648
1.6286e-06,1.4169
1.6287e-06,1.5462
1.6288e-06,1.4494
1.6289e-06,1.7414
1.629e-06,1.5428
1.6291e-06,1.4574
1.6292e-06,1.6095
1.6293e-06,1.6323
1.6294e-06,1.6005
1.6295e-06,1.6802
1.6296e-06,1.5533
1.6297e-06,1.4182
1.6298e-06,1.5825
1.6299e-06,1.5133
1.63e-06,1.8262
1.6301e-06,1.715
1.6302e-06,1.5488
1.6303e-06,1.7286
1.6304e-06,1.6345
1.6305e-06,1.8187
1.6306e-06,1.5652
1.6307e-06,1.7924
1.6308e-06,1.6858
1.6309e-06,1.7655
1.631e-06,1.6237
1.6311e-06,1.8199
1.6312e-06,1.6565
1.6313e-06,1.8895
1.6314e-06,1.7632
1.6315e-06,1.6294
1.6316e-06,1.5881
1.6317e-06,1.9257
1.6318e-06,1.8757
1.6319e-06,1.9917
1.632e-06,1.6882
1.6321e-06,1.9582
1.6322e-06,1.7818
1.6323e-06,2.0867
1.6324e-06,1.847
1.6325e-06,1.8741
1.6326e-06,1.634
1.6327e-06,1.8995
1.6328e-06,1.8791
1.6329e-06,1.7893
1.633e-06,1.8662
1.6331e-06,1.6067
1.6332e-06,1.8488
1.6333e-06,1.9458
1.6334e-06,2.0107
1.6335e-06,1.948
1.6336e-06,1.935
1.6337e-06,2.0714
1.6338e-06,1.9735
1.6339e-06,1.8455
1.634e-06,1.9189
1.6341e-06,1.833
1.6342e-06,2.0125
1.6343e-06,1.874
1.6344e-06,1.9908
1.6345e-06,2.0372
1.6346e-06,2.0294
1.6347e-06,2.0529
1.6348e-06,2.0248
1.6349e-06,1.8085
1.635e-06,2.0428
1.6351e-06,2.0465
1.6352e-06,1.8924
1.6353e-06,1.9382
1.6354e-06,2.0789
1.6355e-06,2.1356
1.6356e-06,1.9579
1.6357e-06,1.9337
1.6358e-06,1.8421
1.6359e-06,2.1297
1.636e-06,2.0947
1.6361e-06,1.8999
1.6362e-06,1.9618
1.6363e-06,1.887
1.6364e-06,2.1853
1.6365e-06,1.9234
1.6366e-06,2.0979
1.6367e-06,2.201
1.6368e-06,2.2477
1.6369e-06,2.1147
1.637e-06,1.8016
1.6371e-06,1.9902
1.6372e-06,2.2307
1.6373e-06,1.9908
1.6374e-06,2.0728
1.6375e-06,1.8321
1.6376e-06,2.0515
1.6377e-06,1.9736
1.6378e-06,2.2691
1.6379e-06,2.27
1.638e-06,2.2708
1.6381e-06,2.169
1.6382e-06,1.9908
1.6383e-06,2.1627
1.6384e-06,2.168
1.6385e-06,2.3317
1.6386e-06,2.4306
1.6387e-06,2.1391
1.6388e-06,2.2603
1.6389e-06,2.4132
1.639e-06,2.3823
1.6391e-06,2.1419
1.6392e-06,2.3724
1.6393e-06,2.2983
1.6394e-06,2.2625
1.6395e-06,2.201
1.6396e-06,2.3259
1.6397e-06,2.3959
1.6398e-06,2.0093
1.6399e-06,2.3882
1.64e-06,2.2489
1.6401e-06,2.1491
1.6402e-06,2.3807
1.6403e-06,2.5294
1.6404e-06,2.4419
1.6405e-06,2.4736
1.6406e-06,2.1013
1.6407e-06,2.3651
1.6408e-06,2.3144
1.6409e-06,2.1585
1.641e-06,2.5492
1.6411e-06,2.3458
1.6412e-06,2.359
1.6413e-06,2.3023
1.6414e-06,2.3317
1.6415e-06,2.3313
1.6416e-06,2.3679
1.6417e-06,2.1458
1.6418e-06,2.4272
1.6419e-06,2.5574
1.642e-06,2.2737
1.6421e-06,2.2668
1.6422e-06,2.4118
1.6423e-06,2.3082
1.6424e-06,2.5438
1.6425e-06,2.4181
1.6426e-06,2.2458
1.6427e-06,2.5779
1.6428e-06,2.4503
1.6429e-06,2.4168
1.643e-06,2.4728
1.6431e-06,2.2568
1.6432e-06,2.3963
1.6433e-06,2.6485
1.6434e-06,2.1475
1.6435e-06,2.4727
1.6436e-06,2.5361
1.6437e-06,2.5581
1.6438e-06,2.443
1.6439e-06,2.4105
1.644e-06,2.5564
1.6441e-06,2.4985
1.6442e-06,2.6332
1.6443e-06,2.3801
1.6444e-06,2.511
1.6445e-06,2.5584
1.6446e-06,2.4729
1.6447e-06,2.6467
1.6448e-06,2.4906
1.6449e-06,2.2453
1.645e-06,2.6613
1.6451e-06,2.6204
1.6452e-06,2.4373
1.6453e-06,2.6414
1.6454e-06,2.4853
1.6455e-06,2.4371
1.6456e-06,2.5536
1.6457e-06,2.4141
1.6458e-06,2.6792
1.6459e-06,2.4204
1.646e-06,2.7335
1.6461e-06,2.5104
1.6462e-06,2.6015
1.6463e-06,2.445
1.6464e-06,2.3872
1.6465e-06,2.3572
1.6466e-06,2.7214
1.6467e-06,2.5208
1.6468e-06,2.5248
1.6469e-06,2.6358
1.647e-06,2.6558
1.6471e-06,2.5594
1.6472e-06,2.712
1.6473e-06,2.8245
1.6474e-06,2.6284
1.6475e-06,2.6333
1.6476e-06,2.7664
1.6477e-06,2.7055
1.6478e-06,2.9636
1.6479e-06,2.5903
1.648e-06,2.6654
1.6481e-06,2.583
1.6482e-06,2.7514
1.6483e-06,2.5863
1.6484e-06,2.5915
1.6485e-06,2.7611
1.6486e-06,2.8289
1.6487e-06,2.6546
1.6488e-06,2.5593
1.6489e-06,2.7348
1.649e-06,2.791
1.6491e-06,2.8077
1.6492e-06,2.8231
1.6493e-06,2.9128
1.6494e-06,3.0025
1.6495e-06,2.7587
1.6496e-06,2.4787
1.6497e-06,2.9384
1.6498e-06,2.4859
1.6499e-06,2.9317
1.65e-06,2.822
