1.35e-06,8.8085
1.3501e-06,9.0038
1.3502e-06,8.9254
1.3503e-06,8.8786
1.3504e-06,8.829
1.3505e-06,8.8734
1.3506e-06,8.9079
1.3507e-06,8.8774
1.3508e-06,8.9629
1.3509e-06,8.8763
1.351e-06,9.0264
1.3511e-06,8.9174
1.3512e-06,8.9168
1.3513e-06,8.9266
1.3514e-06,8.9987
1.3515e-06,8.9739
1.3516e-06,8.8142
1.3517e-06,8.8257
1.3518e-06,8.8422
1.3519e-06,8.7831
1.352e-06,8.8682
1.3521e-06,8.888
1.3522e-06,8.9424
1.3523e-06,8.819
1.3524e-06,8.8144
1.3525e-06,8.8838
1.3526e-06,8.7545
1.3527e-06,8.8244
1.3528e-06,8.7633
1.3529e-06,8.8579
1.353e-06,8.9414
1.3531e-06,8.7855
1.3532e-06,8.6806
1.3533e-06,8.6744
1.3534e-06,8.7981
1.3535e-06,8.82
1.3536e-06,8.8844
1.3537e-06,8.7462
1.3538e-06,8.7562
1.3539e-06,8.6688
1.354e-06,8.8195
1.3541e-06,8.738
1.3542e-06,8.6804
1.3543e-06,8.7574
1.3544e-06,8.6702
1.3545e-06,8.5989
1.3546e-06,8.7525
1.3547e-06,8.7859
1.3548e-06,8.6459
1.3549e-06,8.6504
1.355e-06,8.7235
1.3551e-06,8.7628
1.3552e-06,8.7472
1.3553e-06,8.71
1.3554e-06,8.6327
1.3555e-06,8.711
1.3556e-06,8.6866
1.3557e-06,8.5865
1.3558e-06,8.6371
1.3559e-06,8.6942
1.356e-06,8.7217
1.3561e-06,8.577
1.3562e-06,8.683
1.3563e-06,8.7564
1.3564e-06,8.5128
1.3565e-06,8.7838
1.3566e-06,8.6964
1.3567e-06,8.6414
1.3568e-06,8.6728
1.3569e-06,8.5418
1.357e-06,8.7082
1.3571e-06,8.5526
1.3572e-06,8.5895
1.3573e-06,8.5368
1.3574e-06,8.6174
1.3575e-06,8.6134
1.3576e-06,8.5439
1.3577e-06,8.5502
1.3578e-06,8.5334
1.3579e-06,8.6686
1.358e-06,8.5459
1.3581e-06,8.5307
1.3582e-06,8.6395
1.3583e-06,8.7363
1.3584e-06,8.5584
1.3585e-06,8.6126
1.3586e-06,8.5226
1.3587e-06,8.5301
1.3588e-06,8.5903
1.3589e-06,8.5702
1.359e-06,8.4585
1.3591e-06,8.6153
1.3592e-06,8.5664
1.3593e-06,8.5531
1.3594e-06,8.5478
1.3595e-06,8.3821
1.3596e-06,8.4851
1.3597e-06,8.5495
1.3598e-06,8.4262
1.3599e-06,8.5383
1.36e-06,8.5875
1.3601e-06,8.4425
1.3602e-06,8.4282
1.3603e-06,8.4181
1.3604e-06,8.3802
1.3605e-06,8.4081
1.3606e-06,8.4598
1.3607e-06,8.5174
1.3608e-06,8.4455
1.3609e-06,8.4034
1.361e-06,8.4758
1.3611e-06,8.3501
1.3612e-06,8.3664
1.3613e-06,8.3121
1.3614e-06,8.503
1.3615e-06,8.4219
1.3616e-06,8.395
1.3617e-06,8.3896
1.3618e-06,8.312
1.3619e-06,8.3209
1.362e-06,8.313
1.3621e-06,8.3967
1.3622e-06,8.2953
1.3623e-06,8.3163
1.3624e-06,8.3715
1.3625e-06,8.3115
1.3626e-06,8.2439
1.3627e-06,8.3353
1.3628e-06,8.3227
1.3629e-06,8.3113
1.363e-06,8.364
1.3631e-06,8.3089
1.3632e-06,8.4145
1.3633e-06,8.3649
1.3634e-06,8.3457
1.3635e-06,8.3958
1.3636e-06,8.3136
1.3637e-06,8.3622
1.3638e-06,8.2825
1.3639e-06,8.2942
1.364e-06,8.2721
1.3641e-06,8.2944
1.3642e-06,8.3494
1.3643e-06,8.3372
1.3644e-06,8.2808
1.3645e-06,8.2167
1.3646e-06,8.1402
1.3647e-06,8.1376
1.3648e-06,8.1122
1.3649e-06,8.3009
1.365e-06,8.4058
1.3651e-06,8.2291
1.3652e-06,8.3172
1.3653e-06,8.2057
1.3654e-06,8.1807
1.3655e-06,8.3451
1.3656e-06,8.1348
1.3657e-06,8.205
1.3658e-06,8.0319
1.3659e-06,8.2029
1.366e-06,8.2303
1.3661e-06,8.269
1.3662e-06,8.1917
1.3663e-06,8.1298
1.3664e-06,8.21
1.3665e-06,8.2784
1.3666e-06,8.2242
1.3667e-06,8.1394
1.3668e-06,8.0833
1.3669e-06,8.1854
1.367e-06,8.2523
1.3671e-06,8.1515
1.3672e-06,8.1981
1.3673e-06,8.107
1.3674e-06,8.0404
1.3675e-06,7.9765
1.3676e-06,8.1744
1.3677e-06,8.2119
1.3678e-06,7.9737
1.3679e-06,8.0476
1.368e-06,8.0479
1.3681e-06,8.2028
1.3682e-06,8.1078
1.3683e-06,8.1986
1.3684e-06,8.1824
1.3685e-06,8.0373
1.3686e-06,8.0435
1.3687e-06,7.8668
1.3688e-06,8.0395
1.3689e-06,8.0694
1.369e-06,8.0855
1.3691e-06,7.9748
1.3692e-06,8.0432
1.3693e-06,8.1305
1.3694e-06,7.9163
1.3695e-06,8.0751
1.3696e-06,8.1405
1.3697e-06,7.8287
1.3698e-06,7.9573
1.3699e-06,7.9742
1.37e-06,8.1196
1.3701e-06,8.0619
1.3702e-06,8.1333
1.3703e-06,8.1022
1.3704e-06,7.9487
1.3705e-06,8.0603
1.3706e-06,8.1457
1.3707e-06,8.0218
1.3708e-06,7.9223
1.3709e-06,7.891
1.371e-06,7.9382
1.3711e-06,7.9832
1.3712e-06,7.8624
1.3713e-06,7.8925
1.3714e-06,7.9597
1.3715e-06,7.961
1.3716e-06,7.9765
1.3717e-06,7.9151
1.3718e-06,7.9515
1.3719e-06,8.0232
1.372e-06,7.9498
1.3721e-06,7.8847
1.3722e-06,7.7469
1.3723e-06,7.8856
1.3724e-06,7.8082
1.3725e-06,7.9193
1.3726e-06,7.8959
1.3727e-06,7.8089
1.3728e-06,7.8429
1.3729e-06,7.8401
1.373e-06,7.8065
1.3731e-06,7.8022
1.3732e-06,7.87
1.3733e-06,7.7682
1.3734e-06,7.8286
1.3735e-06,7.9054
1.3736e-06,7.8343
1.3737e-06,7.8358
1.3738e-06,7.8251
1.3739e-06,7.889
1.374e-06,7.8913
1.3741e-06,7.8237
1.3742e-06,7.8019
1.3743e-06,7.7944
1.3744e-06,7.877
1.3745e-06,7.7179
1.3746e-06,7.73
1.3747e-06,7.8421
1.3748e-06,7.8313
1.3749e-06,7.8543
1.375e-06,7.843
1.3751e-06,7.8158
1.3752e-06,7.7309
1.3753e-06,7.7433
1.3754e-06,7.7428
1.3755e-06,7.6928
1.3756e-06,7.8129
1.3757e-06,7.8069
1.3758e-06,7.8627
1.3759e-06,7.6811
1.376e-06,7.7037
1.3761e-06,7.5973
1.3762e-06,7.8227
1.3763e-06,7.7232
1.3764e-06,7.6631
1.3765e-06,7.8053
1.3766e-06,7.7812
1.3767e-06,7.625
1.3768e-06,7.6859
1.3769e-06,7.8057
1.377e-06,7.7177
1.3771e-06,7.6319
1.3772e-06,7.6081
1.3773e-06,7.6344
1.3774e-06,7.6585
1.3775e-06,7.6854
1.3776e-06,7.5424
1.3777e-06,7.5863
1.3778e-06,7.5642
1.3779e-06,7.8168
1.378e-06,7.6396
1.3781e-06,7.5526
1.3782e-06,7.6098
1.3783e-06,7.6003
1.3784e-06,7.4272
1.3785e-06,7.5907
1.3786e-06,7.5454
1.3787e-06,7.5672
1.3788e-06,7.5315
1.3789e-06,7.5278
1.379e-06,7.4659
1.3791e-06,7.5627
1.3792e-06,7.5945
1.3793e-06,7.633
1.3794e-06,7.5486
1.3795e-06,7.54
1.3796e-06,7.656
1.3797e-06,7.6724
1.3798e-06,7.5039
1.3799e-06,7.5201
1.38e-06,7.514
1.3801e-06,7.5785
1.3802e-06,7.4608
1.3803e-06,7.5259
1.3804e-06,7.6182
1.3805e-06,7.3884
1.3806e-06,7.7487
1.3807e-06,7.5351
1.3808e-06,7.4829
1.3809e-06,7.5055
1.381e-06,7.5714
1.3811e-06,7.4255
1.3812e-06,7.6402
1.3813e-06,7.5985
1.3814e-06,7.5343
1.3815e-06,7.4857
1.3816e-06,7.489
1.3817e-06,7.4115
1.3818e-06,7.5297
1.3819e-06,7.4152
1.382e-06,7.393
1.3821e-06,7.4689
1.3822e-06,7.3961
1.3823e-06,7.4653
1.3824e-06,7.4091
1.3825e-06,7.4902
1.3826e-06,7.4041
1.3827e-06,7.3519
1.3828e-06,7.4328
1.3829e-06,7.333
1.383e-06,7.5211
1.3831e-06,7.3909
1.3832e-06,7.3123
1.3833e-06,7.3444
1.3834e-06,7.5015
1.3835e-06,7.4964
1.3836e-06,7.4006
1.3837e-06,7.4158
1.3838e-06,7.4357
1.3839e-06,7.3078
1.384e-06,7.4593
1.3841e-06,7.3365
1.3842e-06,7.3888
1.3843e-06,7.4417
1.3844e-06,7.3676
1.3845e-06,7.3632
1.3846e-06,7.4524
1.3847e-06,7.3392
1.3848e-06,7.378
1.3849e-06,7.3889
1.385e-06,7.3002
1.3851e-06,7.356
1.3852e-06,7.4224
1.3853e-06,7.2941
1.3854e-06,7.3992
1.3855e-06,7.4261
1.3856e-06,7.3278
1.3857e-06,7.3963
1.3858e-06,7.2136
1.3859e-06,7.3119
1.386e-06,7.304
1.3861e-06,7.2903
1.3862e-06,7.2221
1.3863e-06,7.4132
1.3864e-06,7.2257
1.3865e-06,7.2722
1.3866e-06,7.1651
1.3867e-06,7.4164
1.3868e-06,7.2475
1.3869e-06,7.2761
1.387e-06,7.3573
1.3871e-06,7.151
1.3872e-06,7.2428
1.3873e-06,7.4016
1.3874e-06,7.1673
1.3875e-06,7.421
1.3876e-06,7.3277
1.3877e-06,7.1827
1.3878e-06,7.1594
1.3879e-06,7.2716
1.388e-06,7.283
1.3881e-06,7.1885
1.3882e-06,7.1083
1.3883e-06,7.2276
1.3884e-06,7.1985
1.3885e-06,7.1723
1.3886e-06,7.2403
1.3887e-06,7.2021
1.3888e-06,7.2685
1.3889e-06,7.1738
1.389e-06,7.0191
1.3891e-06,7.1594
1.3892e-06,7.3006
1.3893e-06,7.3354
1.3894e-06,7.1999
1.3895e-06,7.1052
1.3896e-06,7.1081
1.3897e-06,7.1652
1.3898e-06,7.0683
1.3899e-06,7.0626
1.39e-06,7.1943
1.3901e-06,7.1738
1.3902e-06,7.2235
1.3903e-06,7.0809
1.3904e-06,7.0452
1.3905e-06,7.1932
1.3906e-06,7.2746
1.3907e-06,7.0565
1.3908e-06,7.2894
1.3909e-06,7.0855
1.391e-06,7.1129
1.3911e-06,7.2545
1.3912e-06,6.9591
1.3913e-06,7.0372
1.3914e-06,6.9844
1.3915e-06,6.9562
1.3916e-06,7.2223
1.3917e-06,7.0794
1.3918e-06,7.0701
1.3919e-06,6.9713
1.392e-06,7.0908
1.3921e-06,7.0477
1.3922e-06,7.0106
1.3923e-06,6.9891
1.3924e-06,6.9434
1.3925e-06,7.0052
1.3926e-06,6.9273
1.3927e-06,6.915
1.3928e-06,7.1907
1.3929e-06,6.9855
1.393e-06,6.8439
1.3931e-06,7.0538
1.3932e-06,7.094
1.3933e-06,7.1752
1.3934e-06,7.192
1.3935e-06,7.0814
1.3936e-06,6.9331
1.3937e-06,7.1018
1.3938e-06,7.0117
1.3939e-06,6.9655
1.394e-06,6.9976
1.3941e-06,7.0074
1.3942e-06,7.0312
1.3943e-06,6.9325
1.3944e-06,6.9446
1.3945e-06,7.0125
1.3946e-06,6.9284
1.3947e-06,6.902
1.3948e-06,6.8675
1.3949e-06,6.9506
1.395e-06,6.9289
1.3951e-06,6.8493
1.3952e-06,6.813
1.3953e-06,6.8008
1.3954e-06,6.9481
1.3955e-06,6.8947
1.3956e-06,6.8533
1.3957e-06,6.927
1.3958e-06,6.9955
1.3959e-06,6.9519
1.396e-06,6.9327
1.3961e-06,7.0608
1.3962e-06,6.9055
1.3963e-06,6.7836
1.3964e-06,6.7725
1.3965e-06,6.6918
1.3966e-06,6.7494
1.3967e-06,6.7398
1.3968e-06,6.9726
1.3969e-06,6.8511
1.397e-06,6.767
1.3971e-06,6.8254
1.3972e-06,6.7682
1.3973e-06,6.8633
1.3974e-06,6.8949
1.3975e-06,6.8666
1.3976e-06,6.7857
1.3977e-06,6.8647
1.3978e-06,6.7095
1.3979e-06,6.6799
1.398e-06,6.9064
1.3981e-06,6.7926
1.3982e-06,6.8033
1.3983e-06,6.7478
1.3984e-06,6.8478
1.3985e-06,6.7256
1.3986e-06,6.6808
1.3987e-06,6.6219
1.3988e-06,6.6989
1.3989e-06,6.7719
1.399e-06,6.6675
1.3991e-06,6.5943
1.3992e-06,6.627
1.3993e-06,6.701
1.3994e-06,6.6469
1.3995e-06,6.9032
1.3996e-06,6.609
1.3997e-06,6.6927
1.3998e-06,6.6914
1.3999e-06,6.6333
1.4e-06,6.6381
1.4001e-06,6.6406
1.4002e-06,6.7203
1.4003e-06,6.5078
1.4004e-06,6.702
1.4005e-06,6.5546
1.4006e-06,6.6542
1.4007e-06,6.7345
1.4008e-06,6.6774
1.4009e-06,6.6206
1.401e-06,6.4972
1.4011e-06,6.5404
1.4012e-06,6.6597
1.4013e-06,6.5275
1.4014e-06,6.6015
1.4015e-06,6.5847
1.4016e-06,6.5633
1.4017e-06,6.523
1.4018e-06,6.6341
1.4019e-06,6.6759
1.402e-06,6.5644
1.4021e-06,6.5428
1.4022e-06,6.5792
1.4023e-06,6.5749
1.4024e-06,6.4342
1.4025e-06,6.5722
1.4026e-06,6.4154
1.4027e-06,6.4063
1.4028e-06,6.4966
1.4029e-06,6.6044
1.403e-06,6.5117
1.4031e-06,6.3868
1.4032e-06,6.5879
1.4033e-06,6.4991
1.4034e-06,6.5448
1.4035e-06,6.5657
1.4036e-06,6.3633
1.4037e-06,6.4671
1.4038e-06,6.4426
1.4039e-06,6.562
1.404e-06,6.5337
1.4041e-06,6.4371
1.4042e-06,6.4235
1.4043e-06,6.3755
1.4044e-06,6.5212
1.4045e-06,6.4348
1.4046e-06,6.3058
1.4047e-06,6.546
1.4048e-06,6.4565
1.4049e-06,6.3793
1.405e-06,6.3219
1.4051e-06,6.3846
1.4052e-06,6.3635
1.4053e-06,6.2843
1.4054e-06,6.3295
1.4055e-06,6.3563
1.4056e-06,6.3601
1.4057e-06,6.2725
1.4058e-06,6.5235
1.4059e-06,6.316
1.406e-06,6.2179
1.4061e-06,6.3094
1.4062e-06,6.274
1.4063e-06,6.3228
1.4064e-06,6.2908
1.4065e-06,6.2965
1.4066e-06,6.327
1.4067e-06,6.2373
1.4068e-06,6.2862
1.4069e-06,6.1721
1.407e-06,6.2157
1.4071e-06,6.2931
1.4072e-06,6.2818
1.4073e-06,6.1671
1.4074e-06,6.1458
1.4075e-06,6.2254
1.4076e-06,6.2425
1.4077e-06,6.266
1.4078e-06,6.0901
1.4079e-06,6.2499
1.408e-06,6.3015
1.4081e-06,6.1106
1.4082e-06,6.2938
1.4083e-06,6.052
1.4084e-06,6.0592
1.4085e-06,6.1921
1.4086e-06,6.3986
1.4087e-06,6.1527
1.4088e-06,6.1533
1.4089e-06,6.2264
1.409e-06,6.0969
1.4091e-06,6.041
1.4092e-06,6.1582
1.4093e-06,6.0036
1.4094e-06,6.1354
1.4095e-06,6.1362
1.4096e-06,6.1199
1.4097e-06,6.1649
1.4098e-06,6.0658
1.4099e-06,6.1656
1.41e-06,5.9916
1.4101e-06,6.0285
1.4102e-06,6.1645
1.4103e-06,5.9994
1.4104e-06,5.9892
1.4105e-06,6.0666
1.4106e-06,6.042
1.4107e-06,5.9741
1.4108e-06,6.0949
1.4109e-06,6.0342
1.411e-06,6.0353
1.4111e-06,5.9367
1.4112e-06,6.0517
1.4113e-06,6.0015
1.4114e-06,6.0467
1.4115e-06,6.0373
1.4116e-06,5.902
1.4117e-06,5.9233
1.4118e-06,6.03
1.4119e-06,5.9332
1.412e-06,5.9041
1.4121e-06,5.9626
1.4122e-06,5.8304
1.4123e-06,5.8393
1.4124e-06,5.9737
1.4125e-06,5.8108
1.4126e-06,5.861
1.4127e-06,5.7429
1.4128e-06,5.8888
1.4129e-06,5.9795
1.413e-06,5.8161
1.4131e-06,5.7837
1.4132e-06,5.8974
1.4133e-06,5.9002
1.4134e-06,5.8204
1.4135e-06,5.7766
1.4136e-06,5.9392
1.4137e-06,5.7241
1.4138e-06,5.8018
1.4139e-06,5.8771
1.414e-06,5.7678
1.4141e-06,5.7931
1.4142e-06,5.7768
1.4143e-06,5.86
1.4144e-06,5.7165
1.4145e-06,5.8444
1.4146e-06,5.79
1.4147e-06,5.7703
1.4148e-06,5.7371
1.4149e-06,5.7151
1.415e-06,5.6662
1.4151e-06,5.709
1.4152e-06,5.8248
1.4153e-06,5.7102
1.4154e-06,5.7232
1.4155e-06,5.7509
1.4156e-06,5.716
1.4157e-06,5.8129
1.4158e-06,5.8071
1.4159e-06,5.6646
1.416e-06,5.7074
1.4161e-06,5.7272
1.4162e-06,5.6568
1.4163e-06,5.6863
1.4164e-06,5.6172
1.4165e-06,5.7182
1.4166e-06,5.597
1.4167e-06,5.7526
1.4168e-06,5.5924
1.4169e-06,5.688
1.417e-06,5.5144
1.4171e-06,5.7667
1.4172e-06,5.6685
1.4173e-06,5.6955
1.4174e-06,5.5814
1.4175e-06,5.5776
1.4176e-06,5.6608
1.4177e-06,5.611
1.4178e-06,5.536
1.4179e-06,5.5205
1.418e-06,5.4659
1.4181e-06,5.7022
1.4182e-06,5.633
1.4183e-06,5.5431
1.4184e-06,5.5266
1.4185e-06,5.516
1.4186e-06,5.5652
1.4187e-06,5.444
1.4188e-06,5.5759
1.4189e-06,5.4499
1.419e-06,5.6128
1.4191e-06,5.4688
1.4192e-06,5.38
1.4193e-06,5.4833
1.4194e-06,5.4291
1.4195e-06,5.5273
1.4196e-06,5.4476
1.4197e-06,5.4683
1.4198e-06,5.4267
1.4199e-06,5.3388
1.42e-06,5.4851
1.4201e-06,5.3703
1.4202e-06,5.5484
1.4203e-06,5.4345
1.4204e-06,5.4519
1.4205e-06,5.2691
1.4206e-06,5.2878
1.4207e-06,5.3436
1.4208e-06,5.2978
1.4209e-06,5.168
1.421e-06,5.459
1.4211e-06,5.2949
1.4212e-06,5.3126
1.4213e-06,5.3115
1.4214e-06,5.229
1.4215e-06,5.2143
1.4216e-06,5.2494
1.4217e-06,5.2288
1.4218e-06,5.4432
1.4219e-06,5.3404
1.422e-06,5.3611
1.4221e-06,5.22
1.4222e-06,5.1811
1.4223e-06,5.2177
1.4224e-06,5.2154
1.4225e-06,5.2034
1.4226e-06,5.321
1.4227e-06,5.1807
1.4228e-06,5.3204
1.4229e-06,5.0877
1.423e-06,5.1588
1.4231e-06,5.1061
1.4232e-06,5.0912
1.4233e-06,5.1622
1.4234e-06,5.1428
1.4235e-06,5.1177
1.4236e-06,5.3384
1.4237e-06,5.0182
1.4238e-06,5.2365
1.4239e-06,5.2497
1.424e-06,5.1008
1.4241e-06,5.1177
1.4242e-06,5.1708
1.4243e-06,5.0804
1.4244e-06,5.0116
1.4245e-06,5.1067
1.4246e-06,5.2916
1.4247e-06,5.0468
1.4248e-06,5.0811
1.4249e-06,5.1091
1.425e-06,5.1257
1.4251e-06,5.084
1.4252e-06,5.1027
1.4253e-06,5.2445
1.4254e-06,5.2009
1.4255e-06,5.1806
1.4256e-06,5.1521
1.4257e-06,5.0643
1.4258e-06,5.1065
1.4259e-06,5.1132
1.426e-06,5.2176
1.4261e-06,5.0503
1.4262e-06,4.9809
1.4263e-06,5.0501
1.4264e-06,4.8728
1.4265e-06,5.1347
1.4266e-06,5.0206
1.4267e-06,4.9853
1.4268e-06,4.9099
1.4269e-06,5.0203
1.427e-06,4.9591
1.4271e-06,4.9273
1.4272e-06,4.9197
1.4273e-06,5.0281
1.4274e-06,5.0048
1.4275e-06,4.9228
1.4276e-06,4.9694
1.4277e-06,4.7459
1.4278e-06,4.8123
1.4279e-06,4.8424
1.428e-06,5.0056
1.4281e-06,4.8819
1.4282e-06,4.7835
1.4283e-06,4.8016
1.4284e-06,4.8767
1.4285e-06,4.8491
1.4286e-06,4.8378
1.4287e-06,4.8546
1.4288e-06,4.8324
1.4289e-06,4.8033
1.429e-06,4.9005
1.4291e-06,4.8985
1.4292e-06,4.8314
1.4293e-06,4.8205
1.4294e-06,4.8299
1.4295e-06,4.9189
1.4296e-06,4.6008
1.4297e-06,4.8391
1.4298e-06,4.7114
1.4299e-06,4.8073
1.43e-06,4.8132
1.4301e-06,4.8914
1.4302e-06,4.8163
1.4303e-06,4.7384
1.4304e-06,4.7884
1.4305e-06,4.8211
1.4306e-06,4.7743
1.4307e-06,4.7006
1.4308e-06,4.9172
1.4309e-06,4.5833
1.431e-06,4.584
1.4311e-06,4.8073
1.4312e-06,4.5312
1.4313e-06,4.5992
1.4314e-06,4.8563
1.4315e-06,4.8329
1.4316e-06,4.5806
1.4317e-06,4.7645
1.4318e-06,4.7911
1.4319e-06,4.6752
1.432e-06,4.6981
1.4321e-06,4.6654
1.4322e-06,4.5463
1.4323e-06,4.5497
1.4324e-06,4.6339
1.4325e-06,4.535
1.4326e-06,4.4851
1.4327e-06,4.5792
1.4328e-06,4.6982
1.4329e-06,4.6781
1.433e-06,4.428
1.4331e-06,4.5276
1.4332e-06,4.4996
1.4333e-06,4.54
1.4334e-06,4.6244
1.4335e-06,4.5563
1.4336e-06,4.5185
1.4337e-06,4.5433
1.4338e-06,4.4602
1.4339e-06,4.5639
1.434e-06,4.6557
1.4341e-06,4.5204
1.4342e-06,4.4758
1.4343e-06,4.4632
1.4344e-06,4.5372
1.4345e-06,4.6088
1.4346e-06,4.4003
1.4347e-06,4.4603
1.4348e-06,4.3885
1.4349e-06,4.4607
1.435e-06,4.4241
1.4351e-06,4.4796
1.4352e-06,4.455
1.4353e-06,4.3211
1.4354e-06,4.2988
1.4355e-06,4.2732
1.4356e-06,4.2987
1.4357e-06,4.4357
1.4358e-06,4.3449
1.4359e-06,4.4292
1.436e-06,4.345
1.4361e-06,4.3765
1.4362e-06,4.2727
1.4363e-06,4.1545
1.4364e-06,4.3072
1.4365e-06,4.3717
1.4366e-06,4.3824
1.4367e-06,4.4368
1.4368e-06,4.1815
1.4369e-06,4.4437
1.437e-06,4.3211
1.4371e-06,4.311
1.4372e-06,4.2323
1.4373e-06,4.2569
1.4374e-06,4.2688
1.4375e-06,4.2105
1.4376e-06,4.2643
1.4377e-06,4.1523
1.4378e-06,4.1638
1.4379e-06,4.326
1.438e-06,4.2405
1.4381e-06,4.2079
1.4382e-06,4.2318
1.4383e-06,4.3175
1.4384e-06,4.1783
1.4385e-06,4.2972
1.4386e-06,4.2605
1.4387e-06,4.1399
1.4388e-06,4.1628
1.4389e-06,4.145
1.439e-06,4.1138
1.4391e-06,4.142
1.4392e-06,4.0856
1.4393e-06,4.1839
1.4394e-06,4.1018
1.4395e-06,4.143
1.4396e-06,4.1543
1.4397e-06,4.1032
1.4398e-06,4.2109
1.4399e-06,4.1512
1.44e-06,3.9681
1.4401e-06,4.1758
1.4402e-06,4.0562
1.4403e-06,4.0365
1.4404e-06,4.0133
1.4405e-06,4.029
1.4406e-06,4.0865
1.4407e-06,4.1147
1.4408e-06,4.1388
1.4409e-06,4.1747
1.441e-06,4.0625
1.4411e-06,4.1858
1.4412e-06,3.9548
1.4413e-06,4.112
1.4414e-06,3.9855
1.4415e-06,3.8842
1.4416e-06,3.96
1.4417e-06,3.9532
1.4418e-06,3.9742
1.4419e-06,3.8336
1.442e-06,4.0487
1.4421e-06,3.9867
1.4422e-06,3.7803
1.4423e-06,3.8498
1.4424e-06,3.9525
1.4425e-06,3.9319
1.4426e-06,3.8849
1.4427e-06,3.9404
1.4428e-06,3.9241
1.4429e-06,3.9973
1.443e-06,4.0525
1.4431e-06,3.8793
1.4432e-06,3.9279
1.4433e-06,3.87
1.4434e-06,3.8203
1.4435e-06,3.9466
1.4436e-06,3.9605
1.4437e-06,3.9604
1.4438e-06,3.6392
1.4439e-06,3.7576
1.444e-06,3.7292
1.4441e-06,3.7387
1.4442e-06,3.8309
1.4443e-06,3.6761
1.4444e-06,3.8094
1.4445e-06,3.7853
1.4446e-06,3.7531
1.4447e-06,3.9176
1.4448e-06,3.9305
1.4449e-06,3.8996
1.445e-06,3.7584
1.4451e-06,3.6888
1.4452e-06,3.5444
1.4453e-06,3.726
1.4454e-06,3.7746
1.4455e-06,3.7555
1.4456e-06,3.5349
1.4457e-06,3.6071
1.4458e-06,3.543
1.4459e-06,3.8785
1.446e-06,3.7075
1.4461e-06,3.6793
1.4462e-06,3.6924
1.4463e-06,3.5202
1.4464e-06,3.6249
1.4465e-06,3.7476
1.4466e-06,3.6254
1.4467e-06,3.7731
1.4468e-06,3.6776
1.4469e-06,3.4821
1.447e-06,3.7203
1.4471e-06,3.719
1.4472e-06,3.7015
1.4473e-06,3.5166
1.4474e-06,3.4126
1.4475e-06,3.6863
1.4476e-06,3.4544
1.4477e-06,3.3806
1.4478e-06,3.4904
1.4479e-06,3.583
1.448e-06,3.4474
1.4481e-06,3.5176
1.4482e-06,3.5618
1.4483e-06,3.5357
1.4484e-06,3.4134
1.4485e-06,3.5178
1.4486e-06,3.5774
1.4487e-06,3.3703
1.4488e-06,3.3834
1.4489e-06,3.3885
1.449e-06,3.5552
1.4491e-06,3.2754
1.4492e-06,3.4952
1.4493e-06,3.499
1.4494e-06,3.4368
1.4495e-06,3.3424
1.4496e-06,3.3888
1.4497e-06,3.2123
1.4498e-06,3.2677
1.4499e-06,3.4206
1.45e-06,3.3635
1.4501e-06,3.3442
1.4502e-06,3.2917
1.4503e-06,3.2563
1.4504e-06,3.2862
1.4505e-06,3.3347
1.4506e-06,3.079
1.4507e-06,3.4025
1.4508e-06,3.4708
1.4509e-06,3.3794
1.451e-06,3.297
1.4511e-06,3.1484
1.4512e-06,3.2277
1.4513e-06,3.3017
1.4514e-06,3.1682
1.4515e-06,3.1492
1.4516e-06,3.1892
1.4517e-06,3.0661
1.4518e-06,3.2775
1.4519e-06,3.1828
1.452e-06,3.1927
1.4521e-06,3.2539
1.4522e-06,3.1381
1.4523e-06,3.1295
1.4524e-06,3.2777
1.4525e-06,3.237
1.4526e-06,3.0822
1.4527e-06,3.1782
1.4528e-06,3.1175
1.4529e-06,3.0649
1.453e-06,3.4157
1.4531e-06,3.0888
1.4532e-06,2.9393
1.4533e-06,3.0487
1.4534e-06,3.1293
1.4535e-06,3.1618
1.4536e-06,3.0389
1.4537e-06,2.8846
1.4538e-06,3.1184
1.4539e-06,3.0413
1.454e-06,3.0398
1.4541e-06,3.0726
1.4542e-06,2.9411
1.4543e-06,3.058
1.4544e-06,2.9054
1.4545e-06,3.0605
1.4546e-06,3.0158
1.4547e-06,3.0787
1.4548e-06,2.9969
1.4549e-06,3.0405
1.455e-06,2.9915
1.4551e-06,2.8267
1.4552e-06,2.8059
1.4553e-06,2.842
1.4554e-06,2.8715
1.4555e-06,2.897
1.4556e-06,2.9665
1.4557e-06,2.8299
1.4558e-06,3.046
1.4559e-06,2.8715
1.456e-06,2.8877
1.4561e-06,2.8462
1.4562e-06,2.8982
1.4563e-06,2.8578
1.4564e-06,2.8388
1.4565e-06,2.8178
1.4566e-06,2.826
1.4567e-06,2.8213
1.4568e-06,2.8147
1.4569e-06,2.8409
1.457e-06,2.746
1.4571e-06,2.7333
1.4572e-06,2.8386
1.4573e-06,2.6496
1.4574e-06,2.615
1.4575e-06,2.8002
1.4576e-06,2.6903
1.4577e-06,2.6516
1.4578e-06,2.8745
1.4579e-06,2.6753
1.458e-06,2.647
1.4581e-06,2.6384
1.4582e-06,2.4094
1.4583e-06,2.6092
1.4584e-06,2.5968
1.4585e-06,2.7191
1.4586e-06,2.6483
1.4587e-06,2.7883
1.4588e-06,2.6577
1.4589e-06,2.5223
1.459e-06,2.5618
1.4591e-06,2.6114
1.4592e-06,2.5777
1.4593e-06,2.7016
1.4594e-06,2.6073
1.4595e-06,2.5832
1.4596e-06,2.6962
1.4597e-06,2.6469
1.4598e-06,2.5913
1.4599e-06,2.644
1.46e-06,2.5996
1.4601e-06,2.597
1.4602e-06,2.4246
1.4603e-06,2.483
1.4604e-06,2.3539
1.4605e-06,2.4197
1.4606e-06,2.5128
1.4607e-06,2.3918
1.4608e-06,2.5357
1.4609e-06,2.3233
1.461e-06,2.4815
1.4611e-06,2.4111
1.4612e-06,2.4353
1.4613e-06,2.3402
1.4614e-06,2.3273
1.4615e-06,2.4719
1.4616e-06,2.4567
1.4617e-06,2.3484
1.4618e-06,2.4383
1.4619e-06,2.2892
1.462e-06,2.4256
1.4621e-06,2.2744
1.4622e-06,2.5091
1.4623e-06,2.4527
1.4624e-06,2.5714
1.4625e-06,2.3525
1.4626e-06,2.3086
1.4627e-06,2.3786
1.4628e-06,2.4767
1.4629e-06,2.2395
1.463e-06,2.2339
1.4631e-06,2.275
1.4632e-06,2.1249
1.4633e-06,2.2489
1.4634e-06,2.1204
1.4635e-06,2.1206
1.4636e-06,2.1643
1.4637e-06,2.1722
1.4638e-06,2.1495
1.4639e-06,2.2021
1.464e-06,2.132
1.4641e-06,2.1025
1.4642e-06,2.0922
1.4643e-06,2.0652
1.4644e-06,2.0479
1.4645e-06,2.0314
1.4646e-06,1.9839
1.4647e-06,2.2097
1.4648e-06,2.0056
1.4649e-06,1.995
1.465e-06,1.9205
1.4651e-06,2.0399
1.4652e-06,2.0619
1.4653e-06,2.1155
1.4654e-06,2.2185
1.4655e-06,2.0028
1.4656e-06,2.0163
1.4657e-06,1.9402
1.4658e-06,2.0166
1.4659e-06,2.0291
1.466e-06,2.1731
1.4661e-06,1.9337
1.4662e-06,1.9212
1.4663e-06,1.8257
1.4664e-06,1.8046
1.4665e-06,1.8507
1.4666e-06,1.8179
1.4667e-06,1.8501
1.4668e-06,1.8959
1.4669e-06,1.9253
1.467e-06,1.979
1.4671e-06,1.9209
1.4672e-06,1.8962
1.4673e-06,1.8247
1.4674e-06,1.8437
1.4675e-06,1.7546
1.4676e-06,1.8042
1.4677e-06,1.6584
1.4678e-06,1.8455
1.4679e-06,1.7473
1.468e-06,1.7165
1.4681e-06,1.7356
1.4682e-06,1.8155
1.4683e-06,1.8303
1.4684e-06,1.5914
1.4685e-06,1.7955
1.4686e-06,1.5859
1.4687e-06,1.5048
1.4688e-06,1.5925
1.4689e-06,1.7797
1.469e-06,1.7049
1.4691e-06,1.7128
1.4692e-06,1.599
1.4693e-06,1.7608
1.4694e-06,1.5805
1.4695e-06,1.5916
1.4696e-06,1.6505
1.4697e-06,1.5783
1.4698e-06,1.6402
1.4699e-06,1.494
1.47e-06,1.613
1.4701e-06,1.4099
1.4702e-06,1.609
1.4703e-06,1.629
1.4704e-06,1.525
1.4705e-06,1.5381
1.4706e-06,1.4576
1.4707e-06,1.4314
1.4708e-06,1.4408
1.4709e-06,1.6232
1.471e-06,1.4272
1.4711e-06,1.3301
1.4712e-06,1.4671
1.4713e-06,1.459
1.4714e-06,1.4955
1.4715e-06,1.6053
1.4716e-06,1.3557
1.4717e-06,1.3988
1.4718e-06,1.4566
1.4719e-06,1.3727
1.472e-06,1.4328
1.4721e-06,1.3109
1.4722e-06,1.3678
1.4723e-06,1.2087
1.4724e-06,1.2167
1.4725e-06,1.3715
1.4726e-06,1.2648
1.4727e-06,1.377
1.4728e-06,1.3937
1.4729e-06,1.2223
1.473e-06,1.2713
1.4731e-06,1.2671
1.4732e-06,1.3567
1.4733e-06,1.1824
1.4734e-06,1.2477
1.4735e-06,1.3683
1.4736e-06,1.1822
1.4737e-06,1.3988
1.4738e-06,1.1302
1.4739e-06,1.3685
1.474e-06,1.1804
1.4741e-06,1.2236
1.4742e-06,1.1533
1.4743e-06,1.0445
1.4744e-06,1.1387
1.4745e-06,1.0023
1.4746e-06,1.1064
1.4747e-06,1.066
1.4748e-06,1.0069
1.4749e-06,1.1436
1.475e-06,1.0632
1.4751e-06,1.1327
1.4752e-06,1.0471
1.4753e-06,1.0332
1.4754e-06,1.2225
1.4755e-06,0.9013
1.4756e-06,1.0794
1.4757e-06,1.0551
1.4758e-06,0.97139
1.4759e-06,0.99367
1.476e-06,0.98329
1.4761e-06,0.94208
1.4762e-06,0.90979
1.4763e-06,0.90946
1.4764e-06,1.0361
1.4765e-06,0.79943
1.4766e-06,0.9806
1.4767e-06,0.8652
1.4768e-06,0.75992
1.4769e-06,0.72084
1.477e-06,0.97661
1.4771e-06,0.82509
1.4772e-06,0.82521
1.4773e-06,0.76003
1.4774e-06,0.92411
1.4775e-06,0.81829
1.4776e-06,0.77761
1.4777e-06,0.8006
1.4778e-06,0.74425
1.4779e-06,0.78669
1.478e-06,0.79758
1.4781e-06,0.75949
1.4782e-06,0.79854
1.4783e-06,0.7465
1.4784e-06,0.70199
1.4785e-06,0.65965
1.4786e-06,0.77136
1.4787e-06,0.7383
1.4788e-06,0.55459
1.4789e-06,0.45164
1.479e-06,0.45127
1.4791e-06,0.64917
1.4792e-06,0.57459
1.4793e-06,0.56631
1.4794e-06,0.57046
1.4795e-06,0.46717
1.4796e-06,0.48878
1.4797e-06,0.51933
1.4798e-06,0.53461
1.4799e-06,0.52873
1.48e-06,0.73365
1.4801e-06,0.61731
1.4802e-06,0.62777
1.4803e-06,0.44312
1.4804e-06,0.54622
1.4805e-06,0.55262
1.4806e-06,0.57941
1.4807e-06,0.45863
1.4808e-06,0.50187
1.4809e-06,0.54104
1.481e-06,0.35848
1.4811e-06,0.39002
1.4812e-06,0.11469
1.4813e-06,0.46157
1.4814e-06,0.44959
1.4815e-06,0.3992
1.4816e-06,0.24081
1.4817e-06,0.30187
1.4818e-06,0.28903
1.4819e-06,0.38093
1.482e-06,0.35863
1.4821e-06,0.27781
1.4822e-06,0.35481
1.4823e-06,0.3444
1.4824e-06,0.17021
1.4825e-06,0.41821
1.4826e-06,0.30914
1.4827e-06,0.31391
1.4828e-06,0.41058
1.4829e-06,0.2911
1.483e-06,0.25651
1.4831e-06,0.14358
1.4832e-06,0.13985
1.4833e-06,-0.027496
1.4834e-06,0.058226
1.4835e-06,0.22558
1.4836e-06,0.18115
1.4837e-06,0.39113
1.4838e-06,0.14652
1.4839e-06,0.12604
1.484e-06,0.077114
1.4841e-06,-0.031892
1.4842e-06,0.1008
1.4843e-06,0.11412
1.4844e-06,0.16913
1.4845e-06,0.14575
1.4846e-06,0.018962
1.4847e-06,0.0026112
1.4848e-06,0.083138
1.4849e-06,-0.067646
1.485e-06,-0.13749
1.4851e-06,-0.00047544
1.4852e-06,-0.069675
1.4853e-06,-0.0015076
1.4854e-06,-0.14755
1.4855e-06,0.066976
1.4856e-06,-0.040007
1.4857e-06,0.025704
1.4858e-06,-0.30308
1.4859e-06,-0.12036
1.486e-06,0.1168
1.4861e-06,-0.18387
1.4862e-06,-0.22857
1.4863e-06,-0.097883
1.4864e-06,-0.27745
1.4865e-06,-0.22267
1.4866e-06,-0.19233
1.4867e-06,-0.29114
1.4868e-06,-0.2509
1.4869e-06,-0.32119
1.487e-06,-0.21428
1.4871e-06,-0.20814
1.4872e-06,-0.31324
1.4873e-06,-0.32226
1.4874e-06,-0.28415
1.4875e-06,-0.33185
1.4876e-06,-0.3629
1.4877e-06,-0.6211
1.4878e-06,-0.58902
1.4879e-06,-0.50871
1.488e-06,-0.66425
1.4881e-06,-0.37003
1.4882e-06,-0.42696
1.4883e-06,-0.36204
1.4884e-06,-0.43508
1.4885e-06,-0.33256
1.4886e-06,-0.57348
1.4887e-06,-0.5812
1.4888e-06,-0.50984
1.4889e-06,-0.32257
1.489e-06,-0.58585
1.4891e-06,-0.60796
1.4892e-06,-0.64413
1.4893e-06,-0.62818
1.4894e-06,-0.71461
1.4895e-06,-0.64233
1.4896e-06,-0.47441
1.4897e-06,-0.5908
1.4898e-06,-0.64253
1.4899e-06,-0.6141
1.49e-06,-0.63204
1.4901e-06,-0.7068
1.4902e-06,-0.75604
1.4903e-06,-0.58691
1.4904e-06,-0.73662
1.4905e-06,-0.62185
1.4906e-06,-0.7861
1.4907e-06,-0.88697
1.4908e-06,-0.84509
1.4909e-06,-0.80931
1.491e-06,-0.68083
1.4911e-06,-0.7833
1.4912e-06,-0.82623
1.4913e-06,-0.75044
1.4914e-06,-0.93551
1.4915e-06,-0.90305
1.4916e-06,-0.88943
1.4917e-06,-0.77173
1.4918e-06,-0.79961
1.4919e-06,-0.9505
1.492e-06,-0.89422
1.4921e-06,-0.93436
1.4922e-06,-1.0324
1.4923e-06,-0.91048
1.4924e-06,-0.92795
1.4925e-06,-0.91012
1.4926e-06,-1.1582
1.4927e-06,-1.0632
1.4928e-06,-1.0376
1.4929e-06,-1.1205
1.493e-06,-1.0527
1.4931e-06,-1.0364
1.4932e-06,-1.1481
1.4933e-06,-1.091
1.4934e-06,-1.0477
1.4935e-06,-1.1316
1.4936e-06,-1.065
1.4937e-06,-1.1481
1.4938e-06,-1.1744
1.4939e-06,-1.1925
1.494e-06,-1.0765
1.4941e-06,-0.97709
1.4942e-06,-1.1667
1.4943e-06,-1.2223
1.4944e-06,-1.284
1.4945e-06,-1.2784
1.4946e-06,-1.1337
1.4947e-06,-1.3516
1.4948e-06,-1.2533
1.4949e-06,-1.2093
1.495e-06,-1.2262
1.4951e-06,-1.4111
1.4952e-06,-1.1748
1.4953e-06,-1.1714
1.4954e-06,-1.3858
1.4955e-06,-1.2991
1.4956e-06,-1.4149
1.4957e-06,-1.3352
1.4958e-06,-1.3141
1.4959e-06,-1.5276
1.496e-06,-1.5294
1.4961e-06,-1.4963
1.4962e-06,-1.4028
1.4963e-06,-1.3831
1.4964e-06,-1.4763
1.4965e-06,-1.4513
1.4966e-06,-1.4718
1.4967e-06,-1.3767
1.4968e-06,-1.4027
1.4969e-06,-1.5468
1.497e-06,-1.7584
1.4971e-06,-1.5642
1.4972e-06,-1.5307
1.4973e-06,-1.7468
1.4974e-06,-1.4461
1.4975e-06,-1.5693
1.4976e-06,-1.6568
1.4977e-06,-1.5399
1.4978e-06,-1.7096
1.4979e-06,-1.7252
1.498e-06,-1.9226
1.4981e-06,-1.6256
1.4982e-06,-1.6645
1.4983e-06,-1.6512
1.4984e-06,-1.7451
1.4985e-06,-1.5899
1.4986e-06,-1.9377
1.4987e-06,-1.6393
1.4988e-06,-1.8222
1.4989e-06,-1.7191
1.499e-06,-1.8294
1.4991e-06,-2.0234
1.4992e-06,-1.8443
1.4993e-06,-1.9829
1.4994e-06,-1.9278
1.4995e-06,-1.9517
1.4996e-06,-1.9228
1.4997e-06,-1.6961
1.4998e-06,-1.9358
1.4999e-06,-1.903
1.5e-06,-1.9651
1.5001e-06,-1.8621
1.5002e-06,-1.969
1.5003e-06,-2.0898
1.5004e-06,-2.0841
1.5005e-06,-2.0332
1.5006e-06,-1.7717
1.5007e-06,-2.2156
1.5008e-06,-2.0785
1.5009e-06,-2.0055
1.501e-06,-2.008
1.5011e-06,-2.07
1.5012e-06,-2.2218
1.5013e-06,-2.0399
1.5014e-06,-2.2203
1.5015e-06,-2.1766
1.5016e-06,-2.1943
1.5017e-06,-2.3746
1.5018e-06,-2.341
1.5019e-06,-2.1385
1.502e-06,-2.3153
1.5021e-06,-2.0846
1.5022e-06,-2.44
1.5023e-06,-2.3432
1.5024e-06,-2.0828
1.5025e-06,-2.3889
1.5026e-06,-2.5353
1.5027e-06,-2.2628
1.5028e-06,-2.4308
1.5029e-06,-2.2912
1.503e-06,-2.4095
1.5031e-06,-2.2139
1.5032e-06,-2.3235
1.5033e-06,-2.5163
1.5034e-06,-2.3571
1.5035e-06,-2.3991
1.5036e-06,-2.5454
1.5037e-06,-2.462
1.5038e-06,-2.6898
1.5039e-06,-2.5906
1.504e-06,-2.611
1.5041e-06,-2.5803
1.5042e-06,-2.5526
1.5043e-06,-2.7282
1.5044e-06,-2.6699
1.5045e-06,-2.5543
1.5046e-06,-2.6251
1.5047e-06,-2.5172
1.5048e-06,-2.6833
1.5049e-06,-2.6135
1.505e-06,-2.4811
1.5051e-06,-2.7807
1.5052e-06,-2.7205
1.5053e-06,-2.7561
1.5054e-06,-2.6011
1.5055e-06,-2.9271
1.5056e-06,-2.7616
1.5057e-06,-2.6881
1.5058e-06,-2.6583
1.5059e-06,-2.6448
1.506e-06,-2.8328
1.5061e-06,-2.9823
1.5062e-06,-2.787
1.5063e-06,-2.9401
1.5064e-06,-3.0384
1.5065e-06,-2.8166
1.5066e-06,-2.8721
1.5067e-06,-2.9578
1.5068e-06,-3.0242
1.5069e-06,-2.867
1.507e-06,-2.9624
1.5071e-06,-2.879
1.5072e-06,-2.8328
1.5073e-06,-3.0448
1.5074e-06,-2.9773
1.5075e-06,-3.1586
1.5076e-06,-3.1383
1.5077e-06,-3.2043
1.5078e-06,-3.1539
1.5079e-06,-3.2596
1.508e-06,-3.0192
1.5081e-06,-3.2452
1.5082e-06,-3.2055
1.5083e-06,-3.2045
1.5084e-06,-3.1433
1.5085e-06,-3.1854
1.5086e-06,-3.2541
1.5087e-06,-3.0002
1.5088e-06,-3.1731
1.5089e-06,-3.5031
1.509e-06,-3.4047
1.5091e-06,-3.3605
1.5092e-06,-3.3549
1.5093e-06,-3.4157
1.5094e-06,-3.3856
1.5095e-06,-3.1761
1.5096e-06,-3.4214
1.5097e-06,-3.4254
1.5098e-06,-3.3179
1.5099e-06,-3.5566
1.51e-06,-3.5886
1.5101e-06,-3.5598
1.5102e-06,-3.4643
1.5103e-06,-3.5087
1.5104e-06,-3.4957
1.5105e-06,-3.5871
1.5106e-06,-3.65
1.5107e-06,-3.5346
1.5108e-06,-3.8545
1.5109e-06,-3.6877
1.511e-06,-3.6317
1.5111e-06,-3.6594
1.5112e-06,-3.5681
1.5113e-06,-3.9338
1.5114e-06,-3.6992
1.5115e-06,-3.7715
1.5116e-06,-3.7374
1.5117e-06,-3.9701
1.5118e-06,-3.7388
1.5119e-06,-3.9327
1.512e-06,-3.9166
1.5121e-06,-4.0326
1.5122e-06,-3.8311
1.5123e-06,-3.7543
1.5124e-06,-3.863
1.5125e-06,-4.0172
1.5126e-06,-3.8525
1.5127e-06,-3.8719
1.5128e-06,-3.9188
1.5129e-06,-4.0759
1.513e-06,-3.8509
1.5131e-06,-3.7906
1.5132e-06,-3.9602
1.5133e-06,-3.8028
1.5134e-06,-3.9692
1.5135e-06,-4.1027
1.5136e-06,-4.1019
1.5137e-06,-4.191
1.5138e-06,-4.1479
1.5139e-06,-4.0241
1.514e-06,-4.2573
1.5141e-06,-4.2911
1.5142e-06,-4.1207
1.5143e-06,-4.1581
1.5144e-06,-4.2415
1.5145e-06,-4.2673
1.5146e-06,-4.3011
1.5147e-06,-4.4473
1.5148e-06,-4.0419
1.5149e-06,-4.2121
1.515e-06,-4.4399
1.5151e-06,-4.4166
1.5152e-06,-4.4008
1.5153e-06,-4.3661
1.5154e-06,-4.4845
1.5155e-06,-4.3231
1.5156e-06,-4.4026
1.5157e-06,-4.4977
1.5158e-06,-4.4895
1.5159e-06,-4.5343
1.516e-06,-4.5756
1.5161e-06,-4.4587
1.5162e-06,-4.4172
1.5163e-06,-4.7214
1.5164e-06,-4.6712
1.5165e-06,-4.5664
1.5166e-06,-4.6614
1.5167e-06,-4.593
1.5168e-06,-4.6036
1.5169e-06,-4.8246
1.517e-06,-4.7822
1.5171e-06,-4.7796
1.5172e-06,-4.8725
1.5173e-06,-4.4826
1.5174e-06,-4.8001
1.5175e-06,-4.6818
1.5176e-06,-4.676
1.5177e-06,-4.7203
1.5178e-06,-4.6507
1.5179e-06,-4.6886
1.518e-06,-5.1214
1.5181e-06,-4.9737
1.5182e-06,-4.9002
1.5183e-06,-4.9492
1.5184e-06,-4.9709
1.5185e-06,-4.9553
1.5186e-06,-5.1432
1.5187e-06,-4.9092
1.5188e-06,-4.9343
1.5189e-06,-4.9609
1.519e-06,-5.0007
1.5191e-06,-5.0684
1.5192e-06,-4.8698
1.5193e-06,-5.2019
1.5194e-06,-5.266
1.5195e-06,-5.0725
1.5196e-06,-5.1062
1.5197e-06,-5.1664
1.5198e-06,-5.0113
1.5199e-06,-5.1539
1.52e-06,-5.2422
1.5201e-06,-5.4368
1.5202e-06,-5.1462
1.5203e-06,-5.2124
1.5204e-06,-5.2898
1.5205e-06,-5.2057
1.5206e-06,-5.225
1.5207e-06,-5.3224
1.5208e-06,-5.3136
1.5209e-06,-5.3294
1.521e-06,-5.4892
1.5211e-06,-5.4796
1.5212e-06,-5.4223
1.5213e-06,-5.6054
1.5214e-06,-5.5431
1.5215e-06,-5.4932
1.5216e-06,-5.4552
1.5217e-06,-5.5318
1.5218e-06,-5.5155
1.5219e-06,-5.5162
1.522e-06,-5.708
1.5221e-06,-5.6939
1.5222e-06,-5.7042
1.5223e-06,-5.6619
1.5224e-06,-5.7768
1.5225e-06,-5.5358
1.5226e-06,-5.6609
1.5227e-06,-5.8627
1.5228e-06,-5.8186
1.5229e-06,-5.8603
1.523e-06,-5.6335
1.5231e-06,-5.8493
1.5232e-06,-5.8827
1.5233e-06,-5.9279
1.5234e-06,-6.1642
1.5235e-06,-5.9651
1.5236e-06,-5.7511
1.5237e-06,-5.9125
1.5238e-06,-5.805
1.5239e-06,-6.0855
1.524e-06,-5.9532
1.5241e-06,-6.1732
1.5242e-06,-6.065
1.5243e-06,-6.2023
1.5244e-06,-6.2125
1.5245e-06,-6.246
1.5246e-06,-5.9524
1.5247e-06,-6.2215
1.5248e-06,-6.1739
1.5249e-06,-6.4023
1.525e-06,-6.2107
1.5251e-06,-6.2299
1.5252e-06,-6.5425
1.5253e-06,-6.2848
1.5254e-06,-6.4457
1.5255e-06,-6.3893
1.5256e-06,-6.5016
1.5257e-06,-6.393
1.5258e-06,-6.382
1.5259e-06,-6.6244
1.526e-06,-6.4963
1.5261e-06,-6.3901
1.5262e-06,-6.3914
1.5263e-06,-6.4942
1.5264e-06,-6.6641
1.5265e-06,-6.7111
1.5266e-06,-6.6255
1.5267e-06,-6.6534
1.5268e-06,-6.4855
1.5269e-06,-6.6134
1.527e-06,-6.5439
1.5271e-06,-6.7453
1.5272e-06,-6.8801
1.5273e-06,-6.8049
1.5274e-06,-6.8926
1.5275e-06,-6.7019
1.5276e-06,-6.8705
1.5277e-06,-6.7031
1.5278e-06,-6.9961
1.5279e-06,-6.7443
1.528e-06,-6.9135
1.5281e-06,-6.9406
1.5282e-06,-6.8923
1.5283e-06,-6.9643
1.5284e-06,-6.9456
1.5285e-06,-6.9193
1.5286e-06,-7.0458
1.5287e-06,-7.2423
1.5288e-06,-7.1187
1.5289e-06,-7.1352
1.529e-06,-7.0925
1.5291e-06,-7.0875
1.5292e-06,-7.158
1.5293e-06,-7.2548
1.5294e-06,-7.4133
1.5295e-06,-7.1983
1.5296e-06,-7.2715
1.5297e-06,-7.2521
1.5298e-06,-7.399
1.5299e-06,-7.4066
1.53e-06,-7.1699
1.5301e-06,-7.4759
1.5302e-06,-7.6411
1.5303e-06,-7.2028
1.5304e-06,-7.6683
1.5305e-06,-7.4052
1.5306e-06,-7.6274
1.5307e-06,-7.6002
1.5308e-06,-7.7685
1.5309e-06,-7.6925
1.531e-06,-7.5436
1.5311e-06,-7.6599
1.5312e-06,-7.722
1.5313e-06,-7.8494
1.5314e-06,-7.9534
1.5315e-06,-7.779
1.5316e-06,-7.9985
1.5317e-06,-7.9222
1.5318e-06,-7.6744
1.5319e-06,-7.9478
1.532e-06,-7.8931
1.5321e-06,-7.782
1.5322e-06,-7.9255
1.5323e-06,-7.9224
1.5324e-06,-7.8967
1.5325e-06,-8.1253
1.5326e-06,-7.9304
1.5327e-06,-7.9617
1.5328e-06,-8.0778
1.5329e-06,-8.1729
1.533e-06,-8.2405
1.5331e-06,-8.232
1.5332e-06,-8.0978
1.5333e-06,-8.2701
1.5334e-06,-8.3241
1.5335e-06,-8.2656
1.5336e-06,-8.1334
1.5337e-06,-8.399
1.5338e-06,-8.358
1.5339e-06,-8.3244
1.534e-06,-8.4636
1.5341e-06,-8.5366
1.5342e-06,-8.5065
1.5343e-06,-8.48
1.5344e-06,-8.6735
1.5345e-06,-8.392
1.5346e-06,-8.7826
1.5347e-06,-8.6078
1.5348e-06,-8.5467
1.5349e-06,-8.5724
1.535e-06,-8.7699
1.5351e-06,-8.6648
1.5352e-06,-8.6207
1.5353e-06,-8.5765
1.5354e-06,-8.7305
1.5355e-06,-8.8392
1.5356e-06,-8.6251
1.5357e-06,-8.8737
1.5358e-06,-8.8912
1.5359e-06,-8.9617
1.536e-06,-9.065
1.5361e-06,-8.8174
1.5362e-06,-9.1135
1.5363e-06,-9.1428
1.5364e-06,-8.9625
1.5365e-06,-8.9683
1.5366e-06,-9.1642
1.5367e-06,-9.1185
1.5368e-06,-9.0534
1.5369e-06,-9.2256
1.537e-06,-8.9601
1.5371e-06,-9.1802
1.5372e-06,-9.1967
1.5373e-06,-9.2359
1.5374e-06,-9.3872
1.5375e-06,-9.3942
1.5376e-06,-9.3585
1.5377e-06,-9.5621
1.5378e-06,-9.3679
1.5379e-06,-9.4924
1.538e-06,-9.4358
1.5381e-06,-9.4134
1.5382e-06,-9.5842
1.5383e-06,-9.4659
1.5384e-06,-9.6975
1.5385e-06,-9.6033
1.5386e-06,-9.4575
1.5387e-06,-9.6896
1.5388e-06,-9.6762
1.5389e-06,-9.7978
1.539e-06,-10.082
1.5391e-06,-9.7437
1.5392e-06,-9.957
1.5393e-06,-9.8821
1.5394e-06,-9.798
1.5395e-06,-9.9223
1.5396e-06,-10.129
1.5397e-06,-9.8044
1.5398e-06,-9.8525
1.5399e-06,-9.9222
1.54e-06,-9.9492
1.5401e-06,-10.178
1.5402e-06,-10.213
1.5403e-06,-10.097
1.5404e-06,-10.088
1.5405e-06,-10.143
1.5406e-06,-10.188
1.5407e-06,-10.297
1.5408e-06,-10.294
1.5409e-06,-10.392
1.541e-06,-10.346
1.5411e-06,-10.353
1.5412e-06,-10.447
1.5413e-06,-10.458
1.5414e-06,-10.421
1.5415e-06,-10.203
1.5416e-06,-10.729
1.5417e-06,-10.556
1.5418e-06,-10.647
1.5419e-06,-10.523
1.542e-06,-10.525
1.5421e-06,-10.627
1.5422e-06,-10.732
1.5423e-06,-10.629
1.5424e-06,-10.793
1.5425e-06,-11.069
1.5426e-06,-10.965
1.5427e-06,-10.88
1.5428e-06,-10.997
1.5429e-06,-10.926
1.543e-06,-10.835
1.5431e-06,-10.813
1.5432e-06,-11.122
1.5433e-06,-11.081
1.5434e-06,-11.271
1.5435e-06,-11.069
1.5436e-06,-11.281
1.5437e-06,-11.072
1.5438e-06,-11.305
1.5439e-06,-11.045
1.544e-06,-11.248
1.5441e-06,-11.201
1.5442e-06,-11.34
1.5443e-06,-11.221
1.5444e-06,-11.363
1.5445e-06,-11.426
1.5446e-06,-11.339
1.5447e-06,-11.387
1.5448e-06,-11.547
1.5449e-06,-11.759
1.545e-06,-11.695
1.5451e-06,-11.417
1.5452e-06,-11.707
1.5453e-06,-11.7
1.5454e-06,-11.806
1.5455e-06,-11.834
1.5456e-06,-11.885
1.5457e-06,-11.919
1.5458e-06,-11.737
1.5459e-06,-11.887
1.546e-06,-11.78
1.5461e-06,-12.031
1.5462e-06,-11.763
1.5463e-06,-11.897
1.5464e-06,-11.977
1.5465e-06,-12.065
1.5466e-06,-12.068
1.5467e-06,-12.181
1.5468e-06,-12.386
1.5469e-06,-12.089
1.547e-06,-12.134
1.5471e-06,-12.175
1.5472e-06,-12.164
1.5473e-06,-12.363
1.5474e-06,-12.211
1.5475e-06,-12.375
1.5476e-06,-12.177
1.5477e-06,-12.426
1.5478e-06,-12.502
1.5479e-06,-12.578
1.548e-06,-12.613
1.5481e-06,-12.462
1.5482e-06,-12.454
1.5483e-06,-12.69
1.5484e-06,-12.551
1.5485e-06,-12.607
1.5486e-06,-12.846
1.5487e-06,-12.687
1.5488e-06,-12.823
1.5489e-06,-12.876
1.549e-06,-12.768
1.5491e-06,-12.909
1.5492e-06,-12.905
1.5493e-06,-13
1.5494e-06,-12.882
1.5495e-06,-12.936
1.5496e-06,-13.144
1.5497e-06,-12.829
1.5498e-06,-13.161
1.5499e-06,-13.073
1.55e-06,-13.225
1.5501e-06,-13.059
1.5502e-06,-13.017
1.5503e-06,-13.349
1.5504e-06,-13.311
1.5505e-06,-13.084
1.5506e-06,-13.262
1.5507e-06,-13.366
1.5508e-06,-13.413
1.5509e-06,-13.387
1.551e-06,-13.354
1.5511e-06,-13.438
1.5512e-06,-13.453
1.5513e-06,-13.378
1.5514e-06,-13.402
1.5515e-06,-13.591
1.5516e-06,-13.559
1.5517e-06,-13.668
1.5518e-06,-13.446
1.5519e-06,-13.599
1.552e-06,-13.499
1.5521e-06,-13.655
1.5522e-06,-13.865
1.5523e-06,-13.886
1.5524e-06,-13.966
1.5525e-06,-13.924
1.5526e-06,-13.917
1.5527e-06,-14.037
1.5528e-06,-13.932
1.5529e-06,-13.771
1.553e-06,-14.166
1.5531e-06,-14.289
1.5532e-06,-13.991
1.5533e-06,-13.976
1.5534e-06,-14.003
1.5535e-06,-14.144
1.5536e-06,-14.246
1.5537e-06,-13.976
1.5538e-06,-14.245
1.5539e-06,-14.425
1.554e-06,-14.264
1.5541e-06,-14.215
1.5542e-06,-14.419
1.5543e-06,-14.301
1.5544e-06,-14.412
1.5545e-06,-14.408
1.5546e-06,-14.342
1.5547e-06,-14.415
1.5548e-06,-14.364
1.5549e-06,-14.763
1.555e-06,-14.517
1.5551e-06,-14.75
1.5552e-06,-14.566
1.5553e-06,-14.822
1.5554e-06,-14.707
1.5555e-06,-14.578
1.5556e-06,-14.81
1.5557e-06,-14.768
1.5558e-06,-14.593
1.5559e-06,-14.872
1.556e-06,-14.603
1.5561e-06,-14.867
1.5562e-06,-14.767
1.5563e-06,-14.914
1.5564e-06,-14.664
1.5565e-06,-14.903
1.5566e-06,-15.003
1.5567e-06,-14.813
1.5568e-06,-15.226
1.5569e-06,-14.922
1.557e-06,-14.935
1.5571e-06,-14.748
1.5572e-06,-15.1
1.5573e-06,-15.161
1.5574e-06,-14.94
1.5575e-06,-15.095
1.5576e-06,-15.258
1.5577e-06,-15.073
1.5578e-06,-15.253
1.5579e-06,-15.333
1.558e-06,-15.11
1.5581e-06,-15.394
1.5582e-06,-15.129
1.5583e-06,-15.19
1.5584e-06,-15.477
1.5585e-06,-15.291
1.5586e-06,-15.21
1.5587e-06,-15.599
1.5588e-06,-15.318
1.5589e-06,-15.499
1.559e-06,-15.588
1.5591e-06,-15.247
1.5592e-06,-15.573
1.5593e-06,-15.309
1.5594e-06,-15.575
1.5595e-06,-15.649
1.5596e-06,-15.443
1.5597e-06,-15.483
1.5598e-06,-15.552
1.5599e-06,-15.179
1.56e-06,-15.478
1.5601e-06,-15.561
1.5602e-06,-15.58
1.5603e-06,-15.741
1.5604e-06,-15.551
1.5605e-06,-15.412
1.5606e-06,-15.626
1.5607e-06,-15.407
1.5608e-06,-15.473
1.5609e-06,-15.902
1.561e-06,-15.428
1.5611e-06,-15.492
1.5612e-06,-15.341
1.5613e-06,-15.721
1.5614e-06,-15.558
1.5615e-06,-15.554
1.5616e-06,-15.712
1.5617e-06,-15.741
1.5618e-06,-15.609
1.5619e-06,-15.681
1.562e-06,-15.849
1.5621e-06,-15.372
1.5622e-06,-15.639
1.5623e-06,-15.576
1.5624e-06,-15.574
1.5625e-06,-15.653
1.5626e-06,-15.601
1.5627e-06,-15.6
1.5628e-06,-15.583
1.5629e-06,-15.496
1.563e-06,-15.675
1.5631e-06,-15.462
1.5632e-06,-15.709
1.5633e-06,-15.521
1.5634e-06,-15.482
1.5635e-06,-15.7
1.5636e-06,-15.404
1.5637e-06,-15.553
1.5638e-06,-15.413
1.5639e-06,-15.546
1.564e-06,-15.426
1.5641e-06,-15.569
1.5642e-06,-15.216
1.5643e-06,-15.728
1.5644e-06,-15.434
1.5645e-06,-15.493
1.5646e-06,-15.556
1.5647e-06,-15.586
1.5648e-06,-15.394
1.5649e-06,-15.387
1.565e-06,-15.433
1.5651e-06,-15.43
1.5652e-06,-15.338
1.5653e-06,-15.477
1.5654e-06,-15.514
1.5655e-06,-15.442
1.5656e-06,-15.476
1.5657e-06,-15.511
1.5658e-06,-15.386
1.5659e-06,-15.495
1.566e-06,-15.442
1.5661e-06,-15.19
1.5662e-06,-15.168
1.5663e-06,-15.443
1.5664e-06,-15.064
1.5665e-06,-15.529
1.5666e-06,-15.298
1.5667e-06,-15.214
1.5668e-06,-15.193
1.5669e-06,-15.39
1.567e-06,-15.254
1.5671e-06,-15.135
1.5672e-06,-15.243
1.5673e-06,-15.179
1.5674e-06,-14.994
1.5675e-06,-15.071
1.5676e-06,-15.127
1.5677e-06,-15.16
1.5678e-06,-14.998
1.5679e-06,-14.901
1.568e-06,-15.025
1.5681e-06,-14.937
1.5682e-06,-15.111
1.5683e-06,-15.278
1.5684e-06,-15.016
1.5685e-06,-14.813
1.5686e-06,-14.919
1.5687e-06,-14.934
1.5688e-06,-14.842
1.5689e-06,-14.813
1.569e-06,-14.695
1.5691e-06,-14.835
1.5692e-06,-14.809
1.5693e-06,-14.657
1.5694e-06,-14.804
1.5695e-06,-14.886
1.5696e-06,-14.712
1.5697e-06,-14.658
1.5698e-06,-14.572
1.5699e-06,-14.659
1.57e-06,-14.537
1.5701e-06,-14.628
1.5702e-06,-14.347
1.5703e-06,-14.503
1.5704e-06,-14.301
1.5705e-06,-14.386
1.5706e-06,-14.501
1.5707e-06,-14.29
1.5708e-06,-14.413
1.5709e-06,-14.379
1.571e-06,-14.157
1.5711e-06,-14.49
1.5712e-06,-14.37
1.5713e-06,-14.339
1.5714e-06,-14.376
1.5715e-06,-14.522
1.5716e-06,-14.313
1.5717e-06,-14.311
1.5718e-06,-14.196
1.5719e-06,-14.23
1.572e-06,-14.06
1.5721e-06,-14.277
1.5722e-06,-13.998
1.5723e-06,-13.88
1.5724e-06,-13.895
1.5725e-06,-13.913
1.5726e-06,-14.01
1.5727e-06,-13.804
1.5728e-06,-14.039
1.5729e-06,-13.767
1.573e-06,-13.787
1.5731e-06,-13.869
1.5732e-06,-13.729
1.5733e-06,-13.789
1.5734e-06,-13.746
1.5735e-06,-13.634
1.5736e-06,-13.685
1.5737e-06,-13.731
1.5738e-06,-13.65
1.5739e-06,-13.648
1.574e-06,-13.607
1.5741e-06,-13.598
1.5742e-06,-13.648
1.5743e-06,-13.652
1.5744e-06,-13.381
1.5745e-06,-13.417
1.5746e-06,-13.316
1.5747e-06,-13.398
1.5748e-06,-13.396
1.5749e-06,-13.337
1.575e-06,-13.275
1.5751e-06,-13.221
1.5752e-06,-13.103
1.5753e-06,-13.354
1.5754e-06,-13.146
1.5755e-06,-13.38
1.5756e-06,-13.006
1.5757e-06,-13.346
1.5758e-06,-13.062
1.5759e-06,-12.867
1.576e-06,-12.891
1.5761e-06,-13.025
1.5762e-06,-12.842
1.5763e-06,-13.038
1.5764e-06,-12.664
1.5765e-06,-12.912
1.5766e-06,-12.738
1.5767e-06,-12.929
1.5768e-06,-12.831
1.5769e-06,-12.946
1.577e-06,-12.679
1.5771e-06,-12.725
1.5772e-06,-12.826
1.5773e-06,-12.601
1.5774e-06,-12.588
1.5775e-06,-12.525
1.5776e-06,-12.602
1.5777e-06,-12.467
1.5778e-06,-12.305
1.5779e-06,-12.193
1.578e-06,-12.449
1.5781e-06,-12.461
1.5782e-06,-12.396
1.5783e-06,-12.201
1.5784e-06,-12.277
1.5785e-06,-12.228
1.5786e-06,-12.354
1.5787e-06,-12.3
1.5788e-06,-12.125
1.5789e-06,-12.244
1.579e-06,-12.132
1.5791e-06,-11.971
1.5792e-06,-12.057
1.5793e-06,-12.087
1.5794e-06,-11.853
1.5795e-06,-11.829
1.5796e-06,-12.039
1.5797e-06,-11.935
1.5798e-06,-11.853
1.5799e-06,-11.829
1.58e-06,-11.915
1.5801e-06,-11.742
1.5802e-06,-11.886
1.5803e-06,-11.821
1.5804e-06,-11.403
1.5805e-06,-11.702
1.5806e-06,-11.888
1.5807e-06,-11.722
1.5808e-06,-11.835
1.5809e-06,-11.711
1.581e-06,-11.671
1.5811e-06,-11.619
1.5812e-06,-11.657
1.5813e-06,-11.468
1.5814e-06,-11.827
1.5815e-06,-11.593
1.5816e-06,-11.274
1.5817e-06,-11.134
1.5818e-06,-11.285
1.5819e-06,-11.46
1.582e-06,-11.305
1.5821e-06,-11.202
1.5822e-06,-11.223
1.5823e-06,-11.39
1.5824e-06,-11.149
1.5825e-06,-11.321
1.5826e-06,-11.304
1.5827e-06,-11.175
1.5828e-06,-10.989
1.5829e-06,-11.059
1.583e-06,-10.901
1.5831e-06,-10.946
1.5832e-06,-11.13
1.5833e-06,-11.001
1.5834e-06,-11.139
1.5835e-06,-10.98
1.5836e-06,-10.829
1.5837e-06,-11.114
1.5838e-06,-10.842
1.5839e-06,-10.77
1.584e-06,-10.924
1.5841e-06,-10.773
1.5842e-06,-10.686
1.5843e-06,-10.891
1.5844e-06,-10.752
1.5845e-06,-10.593
1.5846e-06,-10.834
1.5847e-06,-10.51
1.5848e-06,-10.583
1.5849e-06,-10.575
1.585e-06,-10.673
1.5851e-06,-10.495
1.5852e-06,-10.418
1.5853e-06,-10.399
1.5854e-06,-10.553
1.5855e-06,-10.221
1.5856e-06,-10.416
1.5857e-06,-10.336
1.5858e-06,-10.169
1.5859e-06,-10.355
1.586e-06,-10.367
1.5861e-06,-10.273
1.5862e-06,-10.281
1.5863e-06,-10.328
1.5864e-06,-10.072
1.5865e-06,-10.253
1.5866e-06,-10.317
1.5867e-06,-10.2
1.5868e-06,-10.191
1.5869e-06,-10.03
1.587e-06,-10.154
1.5871e-06,-10.081
1.5872e-06,-9.8407
1.5873e-06,-9.8167
1.5874e-06,-9.8736
1.5875e-06,-9.9392
1.5876e-06,-9.9939
1.5877e-06,-9.8359
1.5878e-06,-9.9775
1.5879e-06,-9.8721
1.588e-06,-9.6897
1.5881e-06,-9.7253
1.5882e-06,-9.8107
1.5883e-06,-9.681
1.5884e-06,-9.6102
1.5885e-06,-9.6238
1.5886e-06,-9.6305
1.5887e-06,-9.6282
1.5888e-06,-9.5949
1.5889e-06,-9.4494
1.589e-06,-9.5446
1.5891e-06,-9.276
1.5892e-06,-9.5667
1.5893e-06,-9.2419
1.5894e-06,-9.32
1.5895e-06,-9.5348
1.5896e-06,-9.5429
1.5897e-06,-9.3333
1.5898e-06,-9.2309
1.5899e-06,-9.2875
1.59e-06,-9.2551
1.5901e-06,-9.4242
1.5902e-06,-9.2031
1.5903e-06,-9.2037
1.5904e-06,-9.1367
1.5905e-06,-9.119
1.5906e-06,-9.0852
1.5907e-06,-8.9808
1.5908e-06,-9.0208
1.5909e-06,-9.0461
1.591e-06,-9.1065
1.5911e-06,-9.1387
1.5912e-06,-9.3565
1.5913e-06,-9.0239
1.5914e-06,-9.1131
1.5915e-06,-9.1321
1.5916e-06,-8.9415
1.5917e-06,-9.0075
1.5918e-06,-8.8662
1.5919e-06,-8.8325
1.592e-06,-8.8401
1.5921e-06,-9.077
1.5922e-06,-8.9485
1.5923e-06,-8.806
1.5924e-06,-8.7098
1.5925e-06,-8.8263
1.5926e-06,-8.7117
1.5927e-06,-8.7796
1.5928e-06,-8.6776
1.5929e-06,-8.7995
1.593e-06,-8.7098
1.5931e-06,-8.5672
1.5932e-06,-8.6678
1.5933e-06,-8.702
1.5934e-06,-8.6807
1.5935e-06,-8.5689
1.5936e-06,-8.4949
1.5937e-06,-8.6565
1.5938e-06,-8.5725
1.5939e-06,-8.662
1.594e-06,-8.3737
1.5941e-06,-8.1364
1.5942e-06,-8.4682
1.5943e-06,-8.3489
1.5944e-06,-8.5542
1.5945e-06,-8.3955
1.5946e-06,-8.3659
1.5947e-06,-8.4369
1.5948e-06,-8.2842
1.5949e-06,-8.2211
1.595e-06,-8.3132
1.5951e-06,-8.2125
1.5952e-06,-8.3786
1.5953e-06,-8.2256
1.5954e-06,-8.1824
1.5955e-06,-8.097
1.5956e-06,-8.1844
1.5957e-06,-8.035
1.5958e-06,-8.2169
1.5959e-06,-8.0432
1.596e-06,-8.0617
1.5961e-06,-7.972
1.5962e-06,-7.853
1.5963e-06,-7.8083
1.5964e-06,-8.0511
1.5965e-06,-7.9842
1.5966e-06,-7.8658
1.5967e-06,-7.8991
1.5968e-06,-7.8109
1.5969e-06,-7.9245
1.597e-06,-7.7195
1.5971e-06,-7.8387
1.5972e-06,-7.7722
1.5973e-06,-7.6677
1.5974e-06,-7.6095
1.5975e-06,-7.5718
1.5976e-06,-7.8395
1.5977e-06,-7.8867
1.5978e-06,-7.6684
1.5979e-06,-7.8973
1.598e-06,-7.7325
1.5981e-06,-7.5341
1.5982e-06,-7.763
1.5983e-06,-7.6848
1.5984e-06,-7.4967
1.5985e-06,-7.6556
1.5986e-06,-7.8005
1.5987e-06,-7.4089
1.5988e-06,-7.6665
1.5989e-06,-7.4134
1.599e-06,-7.2973
1.5991e-06,-7.3708
1.5992e-06,-7.3372
1.5993e-06,-7.2771
1.5994e-06,-7.425
1.5995e-06,-7.196
1.5996e-06,-7.3753
1.5997e-06,-7.239
1.5998e-06,-7.3512
1.5999e-06,-7.3972
1.6e-06,-7.2373
1.6001e-06,-7.1718
1.6002e-06,-7.5338
1.6003e-06,-7.3399
1.6004e-06,-7.3339
1.6005e-06,-6.9525
1.6006e-06,-7.3013
1.6007e-06,-7.1976
1.6008e-06,-7.3764
1.6009e-06,-7.1882
1.601e-06,-7.074
1.6011e-06,-7.2385
1.6012e-06,-7.0054
1.6013e-06,-6.9686
1.6014e-06,-7.0881
1.6015e-06,-6.7805
1.6016e-06,-6.949
1.6017e-06,-7.0585
1.6018e-06,-6.837
1.6019e-06,-6.9642
1.602e-06,-6.8589
1.6021e-06,-6.9992
1.6022e-06,-6.9237
1.6023e-06,-6.8343
1.6024e-06,-6.9634
1.6025e-06,-7.0996
1.6026e-06,-6.9173
1.6027e-06,-6.8801
1.6028e-06,-6.8882
1.6029e-06,-6.7272
1.603e-06,-6.9519
1.6031e-06,-6.8024
1.6032e-06,-6.5497
1.6033e-06,-6.7441
1.6034e-06,-6.7245
1.6035e-06,-6.6216
1.6036e-06,-6.7825
1.6037e-06,-6.6298
1.6038e-06,-6.8601
1.6039e-06,-6.9328
1.604e-06,-6.6757
1.6041e-06,-6.5863
1.6042e-06,-6.536
1.6043e-06,-6.3734
1.6044e-06,-6.5177
1.6045e-06,-6.58
1.6046e-06,-6.4961
1.6047e-06,-6.5659
1.6048e-06,-6.4633
1.6049e-06,-6.5138
1.605e-06,-6.3898
1.6051e-06,-6.3939
1.6052e-06,-6.1442
1.6053e-06,-6.3535
1.6054e-06,-6.4735
1.6055e-06,-6.4038
1.6056e-06,-6.3281
1.6057e-06,-6.1156
1.6058e-06,-6.2136
1.6059e-06,-6.2349
1.606e-06,-6.2061
1.6061e-06,-6.3712
1.6062e-06,-6.2476
1.6063e-06,-6.2894
1.6064e-06,-6.1842
1.6065e-06,-6.3958
1.6066e-06,-6.0065
1.6067e-06,-6.116
1.6068e-06,-5.9028
1.6069e-06,-6.035
1.607e-06,-5.9803
1.6071e-06,-6.0893
1.6072e-06,-5.8841
1.6073e-06,-5.9493
1.6074e-06,-6.2177
1.6075e-06,-5.9557
1.6076e-06,-6.2149
1.6077e-06,-6.0193
1.6078e-06,-5.9597
1.6079e-06,-5.7918
1.608e-06,-6.012
1.6081e-06,-5.9238
1.6082e-06,-5.9448
1.6083e-06,-5.9674
1.6084e-06,-6.0731
1.6085e-06,-5.8158
1.6086e-06,-6.0899
1.6087e-06,-5.8332
1.6088e-06,-5.9346
1.6089e-06,-5.9109
1.609e-06,-5.8351
1.6091e-06,-5.648
1.6092e-06,-5.7222
1.6093e-06,-5.8242
1.6094e-06,-5.6667
1.6095e-06,-5.7554
1.6096e-06,-5.7398
1.6097e-06,-5.5913
1.6098e-06,-5.7331
1.6099e-06,-5.7143
1.61e-06,-5.7708
1.6101e-06,-5.7773
1.6102e-06,-5.6201
1.6103e-06,-5.5055
1.6104e-06,-5.6698
1.6105e-06,-5.6961
1.6106e-06,-5.5958
1.6107e-06,-5.4895
1.6108e-06,-5.6012
1.6109e-06,-5.4592
1.611e-06,-5.8012
1.6111e-06,-5.7717
1.6112e-06,-5.3216
1.6113e-06,-5.5427
1.6114e-06,-5.7189
1.6115e-06,-5.6751
1.6116e-06,-5.5854
1.6117e-06,-5.5505
1.6118e-06,-5.4217
1.6119e-06,-5.3537
1.612e-06,-5.2782
1.6121e-06,-5.4096
1.6122e-06,-5.4713
1.6123e-06,-5.2947
1.6124e-06,-5.1887
1.6125e-06,-5.1429
1.6126e-06,-5.2733
1.6127e-06,-5.1878
1.6128e-06,-5.3713
1.6129e-06,-5.3654
1.613e-06,-5.2353
1.6131e-06,-4.9469
1.6132e-06,-5.2503
1.6133e-06,-5.1355
1.6134e-06,-5.265
1.6135e-06,-5.1564
1.6136e-06,-5.0234
1.6137e-06,-5.1566
1.6138e-06,-5.1985
1.6139e-06,-5.1578
1.614e-06,-5.1708
1.6141e-06,-4.9701
1.6142e-06,-5.171
1.6143e-06,-4.9351
1.6144e-06,-5.0622
1.6145e-06,-4.9984
1.6146e-06,-4.8992
1.6147e-06,-5.035
1.6148e-06,-4.9125
1.6149e-06,-4.9667
1.615e-06,-5.0627
1.6151e-06,-4.8457
1.6152e-06,-4.9221
1.6153e-06,-5.1219
1.6154e-06,-4.8949
1.6155e-06,-4.8712
1.6156e-06,-4.6982
1.6157e-06,-4.8399
1.6158e-06,-4.8945
1.6159e-06,-4.8769
1.616e-06,-4.9663
1.6161e-06,-4.8215
1.6162e-06,-4.7362
1.6163e-06,-4.8206
1.6164e-06,-4.8475
1.6165e-06,-4.699
1.6166e-06,-4.583
1.6167e-06,-4.645
1.6168e-06,-4.7298
1.6169e-06,-4.7174
1.617e-06,-4.4744
1.6171e-06,-4.753
1.6172e-06,-4.6114
1.6173e-06,-4.5356
1.6174e-06,-4.8203
1.6175e-06,-4.8076
1.6176e-06,-4.4531
1.6177e-06,-4.7415
1.6178e-06,-4.7771
1.6179e-06,-4.6446
1.618e-06,-4.5481
1.6181e-06,-4.5565
1.6182e-06,-4.3833
1.6183e-06,-4.4686
1.6184e-06,-4.5283
1.6185e-06,-4.4044
1.6186e-06,-4.5917
1.6187e-06,-4.4703
1.6188e-06,-4.2227
1.6189e-06,-4.4979
1.619e-06,-4.2281
1.6191e-06,-4.2348
1.6192e-06,-4.3404
1.6193e-06,-4.3807
1.6194e-06,-4.2194
1.6195e-06,-4.4289
1.6196e-06,-4.2112
1.6197e-06,-4.228
1.6198e-06,-4.5357
1.6199e-06,-4.4396
1.62e-06,-4.2841
1.6201e-06,-4.5633
1.6202e-06,-4.3363
1.6203e-06,-4.3045
1.6204e-06,-4.149
1.6205e-06,-4.4982
1.6206e-06,-4.3206
1.6207e-06,-4.3624
1.6208e-06,-4.1045
1.6209e-06,-4.3012
1.621e-06,-4.3606
1.6211e-06,-4.1733
1.6212e-06,-4.1964
1.6213e-06,-4.1939
1.6214e-06,-3.9503
1.6215e-06,-4.2257
1.6216e-06,-4.2203
1.6217e-06,-4.2671
1.6218e-06,-3.8455
1.6219e-06,-4.1844
1.622e-06,-4.1534
1.6221e-06,-4.0152
1.6222e-06,-3.831
1.6223e-06,-4.2835
1.6224e-06,-3.9568
1.6225e-06,-3.8118
1.6226e-06,-4.0325
1.6227e-06,-3.931
1.6228e-06,-3.9693
1.6229e-06,-4.1139
1.623e-06,-4.0578
1.6231e-06,-3.9482
1.6232e-06,-3.9262
1.6233e-06,-3.9687
1.6234e-06,-4.0354
1.6235e-06,-3.7554
1.6236e-06,-3.8396
1.6237e-06,-3.8238
1.6238e-06,-3.8866
1.6239e-06,-3.6986
1.624e-06,-3.9397
1.6241e-06,-3.781
1.6242e-06,-3.8959
1.6243e-06,-3.848
1.6244e-06,-3.6581
1.6245e-06,-3.7427
1.6246e-06,-3.9198
1.6247e-06,-3.6634
1.6248e-06,-3.7392
1.6249e-06,-3.7078
1.625e-06,-3.8328
1.6251e-06,-3.5967
1.6252e-06,-3.8849
1.6253e-06,-3.3764
1.6254e-06,-3.765
1.6255e-06,-3.7287
1.6256e-06,-3.7123
1.6257e-06,-3.5905
1.6258e-06,-3.5349
1.6259e-06,-3.8368
1.626e-06,-3.7232
1.6261e-06,-3.6089
1.6262e-06,-3.4096
1.6263e-06,-3.2985
1.6264e-06,-3.3967
1.6265e-06,-3.5342
1.6266e-06,-3.4384
1.6267e-06,-3.2662
1.6268e-06,-3.2955
1.6269e-06,-3.641
1.627e-06,-3.3285
1.6271e-06,-3.5829
1.6272e-06,-3.499
1.6273e-06,-3.2705
1.6274e-06,-3.3499
1.6275e-06,-3.4955
1.6276e-06,-3.3502
1.6277e-06,-3.3595
1.6278e-06,-3.5322
1.6279e-06,-3.2949
1.628e-06,-3.5112
1.6281e-06,-3.5327
1.6282e-06,-3.2241
1.6283e-06,-3.4191
1.6284e-06,-3.2178
1.6285e-06,-3.448
1.6286e-06,-3.4702
1.6287e-06,-3.276
1.6288e-06,-3.4139
1.6289e-06,-3.3006
1.629e-06,-3.4351
1.6291e-06,-3.26
1.6292e-06,-3.1861
1.6293e-06,-3.2194
1.6294e-06,-3.2697
1.6295e-06,-3.1128
1.6296e-06,-3.3203
1.6297e-06,-3.3144
1.6298e-06,-3.051
1.6299e-06,-3.3166
1.63e-06,-3.2626
1.6301e-06,-3.2252
1.6302e-06,-3.1413
1.6303e-06,-3.0373
1.6304e-06,-3.1662
1.6305e-06,-3.3539
1.6306e-06,-3.4344
1.6307e-06,-2.842
1.6308e-06,-3.0453
1.6309e-06,-3.1296
1.631e-06,-3.0964
1.6311e-06,-2.895
1.6312e-06,-3.0542
1.6313e-06,-2.9731
1.6314e-06,-2.9966
1.6315e-06,-2.9884
1.6316e-06,-3.1782
1.6317e-06,-3.0628
1.6318e-06,-2.8236
1.6319e-06,-2.8815
1.632e-06,-3.0476
1.6321e-06,-2.8928
1.6322e-06,-3.0474
1.6323e-06,-2.8909
1.6324e-06,-2.8859
1.6325e-06,-2.8977
1.6326e-06,-2.9922
1.6327e-06,-2.7631
1.6328e-06,-2.8997
1.6329e-06,-2.944
1.633e-06,-2.8196
1.6331e-06,-3.0231
1.6332e-06,-2.9536
1.6333e-06,-2.8716
1.6334e-06,-2.7379
1.6335e-06,-2.8149
1.6336e-06,-2.6579
1.6337e-06,-2.5883
1.6338e-06,-2.7627
1.6339e-06,-2.879
1.634e-06,-2.9145
1.6341e-06,-2.7425
1.6342e-06,-2.7075
1.6343e-06,-2.9188
1.6344e-06,-2.632
1.6345e-06,-2.7106
1.6346e-06,-2.8495
1.6347e-06,-2.6586
1.6348e-06,-2.3949
1.6349e-06,-2.6453
1.635e-06,-2.8305
1.6351e-06,-2.8551
1.6352e-06,-2.8075
1.6353e-06,-2.6657
1.6354e-06,-2.5398
1.6355e-06,-2.5195
1.6356e-06,-2.6277
1.6357e-06,-2.9673
1.6358e-06,-2.6205
1.6359e-06,-2.7241
1.636e-06,-2.6485
1.6361e-06,-2.8057
1.6362e-06,-2.6571
1.6363e-06,-2.5992
1.6364e-06,-2.6079
1.6365e-06,-2.5425
1.6366e-06,-2.5727
1.6367e-06,-2.4754
1.6368e-06,-2.2755
1.6369e-06,-2.414
1.637e-06,-2.5438
1.6371e-06,-2.4925
1.6372e-06,-2.2815
1.6373e-06,-2.4896
1.6374e-06,-2.4824
1.6375e-06,-2.6084
1.6376e-06,-2.2693
1.6377e-06,-2.2702
1.6378e-06,-2.2354
1.6379e-06,-2.2652
1.638e-06,-2.2033
1.6381e-06,-2.2934
1.6382e-06,-2.5863
1.6383e-06,-2.1673
1.6384e-06,-2.1495
1.6385e-06,-2.3243
1.6386e-06,-2.033
1.6387e-06,-2.321
1.6388e-06,-2.2981
1.6389e-06,-2.1228
1.639e-06,-2.1038
1.6391e-06,-2.1786
1.6392e-06,-2.1366
1.6393e-06,-2.2513
1.6394e-06,-2.1997
1.6395e-06,-2.3369
1.6396e-06,-1.9289
1.6397e-06,-2.4154
1.6398e-06,-2.3163
1.6399e-06,-2.4081
1.64e-06,-2.1245
1.6401e-06,-2.2192
1.6402e-06,-2.2771
1.6403e-06,-1.747
1.6404e-06,-1.9782
1.6405e-06,-2.1168
1.6406e-06,-2.3288
1.6407e-06,-2.1437
1.6408e-06,-2.1394
1.6409e-06,-2.0987
1.641e-06,-1.8649
1.6411e-06,-2.0956
1.6412e-06,-2.1137
1.6413e-06,-2.0102
1.6414e-06,-1.972
1.6415e-06,-2.036
1.6416e-06,-2.2006
1.6417e-06,-2.0392
1.6418e-06,-1.8437
1.6419e-06,-1.8054
1.642e-06,-1.8473
1.6421e-06,-2.0264
1.6422e-06,-2.0613
1.6423e-06,-2.0488
1.6424e-06,-1.9929
1.6425e-06,-2.0162
1.6426e-06,-2.0494
1.6427e-06,-1.7953
1.6428e-06,-1.8971
1.6429e-06,-1.8359
1.643e-06,-1.9487
1.6431e-06,-1.9279
1.6432e-06,-2.0118
1.6433e-06,-1.7318
1.6434e-06,-2.2992
1.6435e-06,-1.8473
1.6436e-06,-1.6171
1.6437e-06,-1.7645
1.6438e-06,-1.9368
1.6439e-06,-1.9237
1.644e-06,-1.729
1.6441e-06,-1.991
1.6442e-06,-1.8012
1.6443e-06,-1.6969
1.6444e-06,-2.0211
1.6445e-06,-1.8596
1.6446e-06,-1.675
1.6447e-06,-1.8975
1.6448e-06,-1.7867
1.6449e-06,-2.2298
1.645e-06,-1.7217
1.6451e-06,-1.5891
1.6452e-06,-1.9567
1.6453e-06,-1.7691
1.6454e-06,-1.7144
1.6455e-06,-1.7764
1.6456e-06,-1.9149
1.6457e-06,-1.846
1.6458e-06,-1.6152
1.6459e-06,-1.7141
1.646e-06,-1.6878
1.6461e-06,-1.8635
1.6462e-06,-1.7012
1.6463e-06,-1.9117
1.6464e-06,-1.612
1.6465e-06,-1.7734
1.6466e-06,-1.6206
1.6467e-06,-1.7343
1.6468e-06,-1.8167
1.6469e-06,-1.6814
1.647e-06,-1.4467
1.6471e-06,-1.7343
1.6472e-06,-1.5202
1.6473e-06,-1.1935
1.6474e-06,-1.5984
1.6475e-06,-1.5532
1.6476e-06,-1.3869
1.6477e-06,-1.4867
1.6478e-06,-1.1576
1.6479e-06,-1.698
1.648e-06,-1.569
1.6481e-06,-1.6107
1.6482e-06,-1.4408
1.6483e-06,-1.57
1.6484e-06,-1.3114
1.6485e-06,-1.5619
1.6486e-06,-1.5263
1.6487e-06,-1.5041
1.6488e-06,-1.6455
1.6489e-06,-1.3534
1.649e-06,-1.3574
1.6491e-06,-1.4135
1.6492e-06,-1.3983
1.6493e-06,-1.4341
1.6494e-06,-0.88592
1.6495e-06,-1.3807
1.6496e-06,-1.5332
1.6497e-06,-1.3984
1.6498e-06,-1.4084
1.6499e-06,-1.1342
1.65e-06,-1.0098
