1.35e-06,8.118
1.3501e-06,8.2177
1.3502e-06,8.0696
1.3503e-06,8.1302
1.3504e-06,7.9694
1.3505e-06,8.0236
1.3506e-06,8.1107
1.3507e-06,8.1325
1.3508e-06,8.2029
1.3509e-06,8.0463
1.351e-06,8.0841
1.3511e-06,8.0506
1.3512e-06,8.1434
1.3513e-06,8.1283
1.3514e-06,8.167
1.3515e-06,8.1091
1.3516e-06,7.9806
1.3517e-06,8.028
1.3518e-06,8.0024
1.3519e-06,8.0351
1.352e-06,8.095
1.3521e-06,8.0336
1.3522e-06,8.0836
1.3523e-06,8.0933
1.3524e-06,8.019
1.3525e-06,8.0017
1.3526e-06,7.9179
1.3527e-06,7.8384
1.3528e-06,7.9674
1.3529e-06,8.0493
1.353e-06,7.9553
1.3531e-06,7.8464
1.3532e-06,7.8425
1.3533e-06,8.0203
1.3534e-06,7.9162
1.3535e-06,7.9383
1.3536e-06,8.0646
1.3537e-06,8.0145
1.3538e-06,8.0083
1.3539e-06,7.8847
1.354e-06,7.9468
1.3541e-06,7.9333
1.3542e-06,7.7982
1.3543e-06,7.9296
1.3544e-06,7.9061
1.3545e-06,7.8591
1.3546e-06,7.9196
1.3547e-06,7.8852
1.3548e-06,7.8869
1.3549e-06,7.8421
1.355e-06,7.819
1.3551e-06,7.8296
1.3552e-06,7.8582
1.3553e-06,7.9379
1.3554e-06,7.7545
1.3555e-06,7.8287
1.3556e-06,7.8067
1.3557e-06,7.8527
1.3558e-06,7.8727
1.3559e-06,7.7964
1.356e-06,7.7108
1.3561e-06,7.8655
1.3562e-06,7.8544
1.3563e-06,7.9039
1.3564e-06,7.7755
1.3565e-06,7.9083
1.3566e-06,7.7566
1.3567e-06,7.8074
1.3568e-06,7.8596
1.3569e-06,7.7983
1.357e-06,7.8734
1.3571e-06,7.7667
1.3572e-06,7.6594
1.3573e-06,7.8102
1.3574e-06,7.8038
1.3575e-06,7.7869
1.3576e-06,7.6687
1.3577e-06,7.7955
1.3578e-06,7.7239
1.3579e-06,7.8499
1.358e-06,7.7167
1.3581e-06,7.7646
1.3582e-06,7.7084
1.3583e-06,7.7742
1.3584e-06,7.5976
1.3585e-06,7.8335
1.3586e-06,7.6493
1.3587e-06,7.7411
1.3588e-06,7.8119
1.3589e-06,7.7493
1.359e-06,7.5981
1.3591e-06,7.7654
1.3592e-06,7.6798
1.3593e-06,7.6538
1.3594e-06,7.7392
1.3595e-06,7.6028
1.3596e-06,7.6516
1.3597e-06,7.7444
1.3598e-06,7.5886
1.3599e-06,7.6649
1.36e-06,7.6322
1.3601e-06,7.5433
1.3602e-06,7.5603
1.3603e-06,7.5133
1.3604e-06,7.5214
1.3605e-06,7.5946
1.3606e-06,7.6144
1.3607e-06,7.5504
1.3608e-06,7.5007
1.3609e-06,7.561
1.361e-06,7.5021
1.3611e-06,7.6283
1.3612e-06,7.5163
1.3613e-06,7.5723
1.3614e-06,7.5861
1.3615e-06,7.5561
1.3616e-06,7.4729
1.3617e-06,7.5266
1.3618e-06,7.5455
1.3619e-06,7.6209
1.362e-06,7.504
1.3621e-06,7.5566
1.3622e-06,7.4862
1.3623e-06,7.4189
1.3624e-06,7.4623
1.3625e-06,7.5286
1.3626e-06,7.4237
1.3627e-06,7.4606
1.3628e-06,7.4522
1.3629e-06,7.4642
1.363e-06,7.5232
1.3631e-06,7.4971
1.3632e-06,7.4861
1.3633e-06,7.577
1.3634e-06,7.5103
1.3635e-06,7.53
1.3636e-06,7.5708
1.3637e-06,7.5665
1.3638e-06,7.4769
1.3639e-06,7.5121
1.364e-06,7.43
1.3641e-06,7.3524
1.3642e-06,7.5358
1.3643e-06,7.6329
1.3644e-06,7.3068
1.3645e-06,7.4482
1.3646e-06,7.3747
1.3647e-06,7.3461
1.3648e-06,7.3375
1.3649e-06,7.3312
1.365e-06,7.4398
1.3651e-06,7.379
1.3652e-06,7.4288
1.3653e-06,7.3932
1.3654e-06,7.2937
1.3655e-06,7.4975
1.3656e-06,7.2461
1.3657e-06,7.2966
1.3658e-06,7.2685
1.3659e-06,7.344
1.366e-06,7.4665
1.3661e-06,7.3969
1.3662e-06,7.4223
1.3663e-06,7.3188
1.3664e-06,7.4553
1.3665e-06,7.409
1.3666e-06,7.3751
1.3667e-06,7.1427
1.3668e-06,7.2405
1.3669e-06,7.3192
1.367e-06,7.2836
1.3671e-06,7.2654
1.3672e-06,7.2602
1.3673e-06,7.2063
1.3674e-06,7.2768
1.3675e-06,7.1186
1.3676e-06,7.3167
1.3677e-06,7.3015
1.3678e-06,7.2503
1.3679e-06,7.2758
1.368e-06,7.1557
1.3681e-06,7.2576
1.3682e-06,7.3069
1.3683e-06,7.2913
1.3684e-06,7.2637
1.3685e-06,7.1983
1.3686e-06,7.2268
1.3687e-06,7.0808
1.3688e-06,7.2056
1.3689e-06,7.1539
1.369e-06,7.1727
1.3691e-06,7.1717
1.3692e-06,7.0985
1.3693e-06,7.2087
1.3694e-06,7.1374
1.3695e-06,7.3001
1.3696e-06,7.1696
1.3697e-06,7.0926
1.3698e-06,7.1207
1.3699e-06,7.1772
1.37e-06,7.2357
1.3701e-06,7.2249
1.3702e-06,7.2062
1.3703e-06,7.2633
1.3704e-06,7.0297
1.3705e-06,7.1051
1.3706e-06,7.2889
1.3707e-06,7.1685
1.3708e-06,6.9675
1.3709e-06,7.1438
1.371e-06,7.0801
1.3711e-06,7.2101
1.3712e-06,7.0052
1.3713e-06,7.1298
1.3714e-06,7.0293
1.3715e-06,7.0317
1.3716e-06,6.9881
1.3717e-06,6.9369
1.3718e-06,7.1232
1.3719e-06,7.1269
1.372e-06,7.0579
1.3721e-06,7.0915
1.3722e-06,6.9421
1.3723e-06,7.0547
1.3724e-06,6.9304
1.3725e-06,7.067
1.3726e-06,7.0235
1.3727e-06,6.9284
1.3728e-06,6.9752
1.3729e-06,6.923
1.373e-06,6.9687
1.3731e-06,6.9695
1.3732e-06,7.0004
1.3733e-06,6.9607
1.3734e-06,7.0416
1.3735e-06,7.0927
1.3736e-06,6.9579
1.3737e-06,6.8892
1.3738e-06,7.1179
1.3739e-06,6.8836
1.374e-06,6.9487
1.3741e-06,6.978
1.3742e-06,6.9814
1.3743e-06,6.9412
1.3744e-06,7.0734
1.3745e-06,6.8878
1.3746e-06,6.9219
1.3747e-06,7.0253
1.3748e-06,6.8343
1.3749e-06,6.9291
1.375e-06,6.9021
1.3751e-06,6.8862
1.3752e-06,6.8607
1.3753e-06,6.9199
1.3754e-06,6.916
1.3755e-06,6.9046
1.3756e-06,6.7776
1.3757e-06,6.9816
1.3758e-06,6.8631
1.3759e-06,6.7534
1.376e-06,6.8932
1.3761e-06,6.8979
1.3762e-06,6.8753
1.3763e-06,6.9324
1.3764e-06,6.8236
1.3765e-06,6.8885
1.3766e-06,6.9674
1.3767e-06,6.8169
1.3768e-06,6.8127
1.3769e-06,6.9579
1.377e-06,6.9243
1.3771e-06,6.7315
1.3772e-06,6.8115
1.3773e-06,6.8362
1.3774e-06,6.7786
1.3775e-06,6.7408
1.3776e-06,6.709
1.3777e-06,6.6968
1.3778e-06,6.6676
1.3779e-06,6.7583
1.378e-06,6.683
1.3781e-06,6.662
1.3782e-06,6.6961
1.3783e-06,6.7338
1.3784e-06,6.7298
1.3785e-06,6.6735
1.3786e-06,6.6691
1.3787e-06,6.7032
1.3788e-06,6.6122
1.3789e-06,6.833
1.379e-06,6.7339
1.3791e-06,6.6862
1.3792e-06,6.8124
1.3793e-06,6.7768
1.3794e-06,6.6877
1.3795e-06,6.6637
1.3796e-06,6.7427
1.3797e-06,6.7478
1.3798e-06,6.7329
1.3799e-06,6.6937
1.38e-06,6.674
1.3801e-06,6.7741
1.3802e-06,6.6758
1.3803e-06,6.5955
1.3804e-06,6.7266
1.3805e-06,6.5493
1.3806e-06,6.6256
1.3807e-06,6.4291
1.3808e-06,6.5068
1.3809e-06,6.5592
1.381e-06,6.5463
1.3811e-06,6.5418
1.3812e-06,6.5365
1.3813e-06,6.7481
1.3814e-06,6.5578
1.3815e-06,6.6697
1.3816e-06,6.6054
1.3817e-06,6.6111
1.3818e-06,6.593
1.3819e-06,6.5132
1.382e-06,6.4565
1.3821e-06,6.5724
1.3822e-06,6.4737
1.3823e-06,6.5291
1.3824e-06,6.3791
1.3825e-06,6.5506
1.3826e-06,6.5123
1.3827e-06,6.5617
1.3828e-06,6.421
1.3829e-06,6.4271
1.383e-06,6.6293
1.3831e-06,6.5197
1.3832e-06,6.3981
1.3833e-06,6.4394
1.3834e-06,6.3525
1.3835e-06,6.4588
1.3836e-06,6.5809
1.3837e-06,6.4599
1.3838e-06,6.4544
1.3839e-06,6.3614
1.384e-06,6.4277
1.3841e-06,6.3752
1.3842e-06,6.3541
1.3843e-06,6.3713
1.3844e-06,6.3752
1.3845e-06,6.4979
1.3846e-06,6.5165
1.3847e-06,6.4982
1.3848e-06,6.2617
1.3849e-06,6.3787
1.385e-06,6.4252
1.3851e-06,6.4832
1.3852e-06,6.4438
1.3853e-06,6.4292
1.3854e-06,6.4737
1.3855e-06,6.505
1.3856e-06,6.3284
1.3857e-06,6.3455
1.3858e-06,6.2506
1.3859e-06,6.4035
1.386e-06,6.3618
1.3861e-06,6.3705
1.3862e-06,6.2728
1.3863e-06,6.2745
1.3864e-06,6.3032
1.3865e-06,6.3339
1.3866e-06,6.3418
1.3867e-06,6.5733
1.3868e-06,6.2756
1.3869e-06,6.3466
1.387e-06,6.2915
1.3871e-06,6.1822
1.3872e-06,6.2842
1.3873e-06,6.4513
1.3874e-06,6.291
1.3875e-06,6.3192
1.3876e-06,6.3166
1.3877e-06,6.1685
1.3878e-06,6.182
1.3879e-06,6.4003
1.388e-06,6.4045
1.3881e-06,6.2128
1.3882e-06,6.229
1.3883e-06,6.3181
1.3884e-06,6.2443
1.3885e-06,6.254
1.3886e-06,6.2484
1.3887e-06,6.3031
1.3888e-06,6.342
1.3889e-06,6.1222
1.389e-06,6.1358
1.3891e-06,6.1386
1.3892e-06,6.2168
1.3893e-06,6.2612
1.3894e-06,6.1954
1.3895e-06,6.2793
1.3896e-06,6.1423
1.3897e-06,6.129
1.3898e-06,6.146
1.3899e-06,6.0509
1.39e-06,6.1911
1.3901e-06,6.1203
1.3902e-06,6.2556
1.3903e-06,6.0638
1.3904e-06,6.2007
1.3905e-06,6.0673
1.3906e-06,6.1224
1.3907e-06,6.1767
1.3908e-06,6.2586
1.3909e-06,6.0983
1.391e-06,6.0077
1.3911e-06,6.1581
1.3912e-06,6.0061
1.3913e-06,6.08
1.3914e-06,5.9786
1.3915e-06,6.0238
1.3916e-06,6.2099
1.3917e-06,6.1437
1.3918e-06,6.0772
1.3919e-06,6.0262
1.392e-06,6.1554
1.3921e-06,5.9711
1.3922e-06,6.0974
1.3923e-06,5.9856
1.3924e-06,5.962
1.3925e-06,6.1522
1.3926e-06,5.9007
1.3927e-06,5.9731
1.3928e-06,6.0051
1.3929e-06,5.9725
1.393e-06,5.8571
1.3931e-06,6.0382
1.3932e-06,6.0536
1.3933e-06,6.0378
1.3934e-06,6.0803
1.3935e-06,5.9967
1.3936e-06,5.9143
1.3937e-06,6.0166
1.3938e-06,6.0193
1.3939e-06,5.8849
1.394e-06,6.0512
1.3941e-06,6.0733
1.3942e-06,5.9246
1.3943e-06,5.9862
1.3944e-06,5.8716
1.3945e-06,6.0019
1.3946e-06,5.941
1.3947e-06,5.8886
1.3948e-06,5.9633
1.3949e-06,5.8918
1.395e-06,5.9247
1.3951e-06,5.8544
1.3952e-06,5.8117
1.3953e-06,5.8134
1.3954e-06,5.8521
1.3955e-06,5.8687
1.3956e-06,5.7475
1.3957e-06,5.9255
1.3958e-06,5.9057
1.3959e-06,5.8111
1.396e-06,5.8601
1.3961e-06,5.8798
1.3962e-06,5.7796
1.3963e-06,5.7388
1.3964e-06,5.7604
1.3965e-06,5.6552
1.3966e-06,5.7953
1.3967e-06,5.766
1.3968e-06,5.8608
1.3969e-06,5.8614
1.397e-06,5.8248
1.3971e-06,5.784
1.3972e-06,5.7645
1.3973e-06,5.6886
1.3974e-06,5.8109
1.3975e-06,5.7709
1.3976e-06,5.8119
1.3977e-06,5.8282
1.3978e-06,5.694
1.3979e-06,5.7737
1.398e-06,5.824
1.3981e-06,5.8338
1.3982e-06,5.8364
1.3983e-06,5.8255
1.3984e-06,5.7892
1.3985e-06,5.7907
1.3986e-06,5.5734
1.3987e-06,5.5584
1.3988e-06,5.7227
1.3989e-06,5.6393
1.399e-06,5.6377
1.3991e-06,5.5328
1.3992e-06,5.5444
1.3993e-06,5.6417
1.3994e-06,5.5924
1.3995e-06,5.8324
1.3996e-06,5.569
1.3997e-06,5.5866
1.3998e-06,5.6419
1.3999e-06,5.5898
1.4e-06,5.5593
1.4001e-06,5.6324
1.4002e-06,5.6624
1.4003e-06,5.4021
1.4004e-06,5.5965
1.4005e-06,5.5562
1.4006e-06,5.4876
1.4007e-06,5.5695
1.4008e-06,5.6648
1.4009e-06,5.6133
1.401e-06,5.5197
1.4011e-06,5.4344
1.4012e-06,5.5398
1.4013e-06,5.4425
1.4014e-06,5.4333
1.4015e-06,5.5421
1.4016e-06,5.5461
1.4017e-06,5.4829
1.4018e-06,5.5373
1.4019e-06,5.5944
1.402e-06,5.4632
1.4021e-06,5.5192
1.4022e-06,5.355
1.4023e-06,5.4414
1.4024e-06,5.502
1.4025e-06,5.5887
1.4026e-06,5.5092
1.4027e-06,5.5721
1.4028e-06,5.4616
1.4029e-06,5.5929
1.403e-06,5.4259
1.4031e-06,5.4898
1.4032e-06,5.4999
1.4033e-06,5.4292
1.4034e-06,5.4657
1.4035e-06,5.4716
1.4036e-06,5.3988
1.4037e-06,5.2698
1.4038e-06,5.4131
1.4039e-06,5.4279
1.404e-06,5.5167
1.4041e-06,5.5048
1.4042e-06,5.3153
1.4043e-06,5.3695
1.4044e-06,5.4475
1.4045e-06,5.3906
1.4046e-06,5.3432
1.4047e-06,5.479
1.4048e-06,5.2977
1.4049e-06,5.2425
1.405e-06,5.2447
1.4051e-06,5.2272
1.4052e-06,5.2557
1.4053e-06,5.2645
1.4054e-06,5.2719
1.4055e-06,5.4007
1.4056e-06,5.2636
1.4057e-06,5.2315
1.4058e-06,5.4404
1.4059e-06,5.3426
1.406e-06,5.1262
1.4061e-06,5.0585
1.4062e-06,5.2616
1.4063e-06,5.2322
1.4064e-06,5.1991
1.4065e-06,5.2256
1.4066e-06,5.354
1.4067e-06,5.2055
1.4068e-06,5.2836
1.4069e-06,5.0684
1.407e-06,5.1851
1.4071e-06,5.2254
1.4072e-06,5.2392
1.4073e-06,5.0669
1.4074e-06,5.1239
1.4075e-06,5.125
1.4076e-06,5.2184
1.4077e-06,5.1683
1.4078e-06,5.1096
1.4079e-06,5.2635
1.408e-06,5.1169
1.4081e-06,5.105
1.4082e-06,5.1657
1.4083e-06,4.9923
1.4084e-06,5.0354
1.4085e-06,5.1953
1.4086e-06,5.2379
1.4087e-06,5.1263
1.4088e-06,5.086
1.4089e-06,5.0528
1.409e-06,5.0075
1.4091e-06,4.9793
1.4092e-06,5.0218
1.4093e-06,4.9862
1.4094e-06,5.0077
1.4095e-06,4.9919
1.4096e-06,4.9496
1.4097e-06,5.0309
1.4098e-06,4.9928
1.4099e-06,4.9854
1.41e-06,4.9025
1.4101e-06,4.8688
1.4102e-06,5.0686
1.4103e-06,4.9725
1.4104e-06,5.0256
1.4105e-06,4.9469
1.4106e-06,5.0066
1.4107e-06,4.8824
1.4108e-06,4.9725
1.4109e-06,5.0238
1.411e-06,5.0544
1.4111e-06,4.8483
1.4112e-06,4.9459
1.4113e-06,4.889
1.4114e-06,5.0365
1.4115e-06,4.7684
1.4116e-06,4.8384
1.4117e-06,4.8002
1.4118e-06,4.8868
1.4119e-06,4.9886
1.412e-06,4.7648
1.4121e-06,4.863
1.4122e-06,4.7299
1.4123e-06,4.8428
1.4124e-06,5.0026
1.4125e-06,4.7739
1.4126e-06,4.8555
1.4127e-06,4.6958
1.4128e-06,4.8895
1.4129e-06,4.8003
1.413e-06,4.6497
1.4131e-06,4.8213
1.4132e-06,4.782
1.4133e-06,4.7489
1.4134e-06,4.716
1.4135e-06,4.7009
1.4136e-06,4.6198
1.4137e-06,4.6836
1.4138e-06,4.5858
1.4139e-06,4.7514
1.414e-06,4.6198
1.4141e-06,4.8032
1.4142e-06,4.6257
1.4143e-06,4.8201
1.4144e-06,4.7336
1.4145e-06,4.6665
1.4146e-06,4.786
1.4147e-06,4.6761
1.4148e-06,4.5667
1.4149e-06,4.7437
1.415e-06,4.6542
1.4151e-06,4.7428
1.4152e-06,4.7973
1.4153e-06,4.6584
1.4154e-06,4.4949
1.4155e-06,4.5686
1.4156e-06,4.5266
1.4157e-06,4.6421
1.4158e-06,4.695
1.4159e-06,4.5019
1.416e-06,4.7081
1.4161e-06,4.3983
1.4162e-06,4.5864
1.4163e-06,4.5609
1.4164e-06,4.5391
1.4165e-06,4.6427
1.4166e-06,4.4809
1.4167e-06,4.6737
1.4168e-06,4.3687
1.4169e-06,4.5161
1.417e-06,4.5138
1.4171e-06,4.5146
1.4172e-06,4.4491
1.4173e-06,4.6064
1.4174e-06,4.4112
1.4175e-06,4.6155
1.4176e-06,4.6104
1.4177e-06,4.5235
1.4178e-06,4.3794
1.4179e-06,4.3632
1.418e-06,4.4578
1.4181e-06,4.5782
1.4182e-06,4.5552
1.4183e-06,4.4722
1.4184e-06,4.4961
1.4185e-06,4.4618
1.4186e-06,4.4718
1.4187e-06,4.3473
1.4188e-06,4.4952
1.4189e-06,4.3596
1.419e-06,4.4658
1.4191e-06,4.1838
1.4192e-06,4.2418
1.4193e-06,4.3253
1.4194e-06,4.4016
1.4195e-06,4.3472
1.4196e-06,4.3267
1.4197e-06,4.3169
1.4198e-06,4.3318
1.4199e-06,4.2757
1.42e-06,4.4093
1.4201e-06,4.2019
1.4202e-06,4.2767
1.4203e-06,4.2847
1.4204e-06,4.2372
1.4205e-06,4.247
1.4206e-06,4.0899
1.4207e-06,4.2001
1.4208e-06,4.2755
1.4209e-06,4.163
1.421e-06,4.2729
1.4211e-06,4.2597
1.4212e-06,4.2065
1.4213e-06,4.1206
1.4214e-06,4.1409
1.4215e-06,4.168
1.4216e-06,4.245
1.4217e-06,4.2432
1.4218e-06,4.2675
1.4219e-06,4.2009
1.422e-06,4.2377
1.4221e-06,4.2057
1.4222e-06,4.0645
1.4223e-06,4.1416
1.4224e-06,4.1236
1.4225e-06,4.117
1.4226e-06,4.103
1.4227e-06,4.0063
1.4228e-06,4.1391
1.4229e-06,3.9905
1.423e-06,4.0838
1.4231e-06,4.0322
1.4232e-06,4.0736
1.4233e-06,4.089
1.4234e-06,4.0669
1.4235e-06,4.0055
1.4236e-06,4.1531
1.4237e-06,3.9484
1.4238e-06,4.0712
1.4239e-06,4.2085
1.424e-06,4.0841
1.4241e-06,4.0351
1.4242e-06,3.9929
1.4243e-06,4.1627
1.4244e-06,4.0451
1.4245e-06,4.0891
1.4246e-06,4.1307
1.4247e-06,3.983
1.4248e-06,3.9387
1.4249e-06,3.8541
1.425e-06,4.0149
1.4251e-06,4.0586
1.4252e-06,3.9293
1.4253e-06,3.9998
1.4254e-06,4.105
1.4255e-06,4.0272
1.4256e-06,3.971
1.4257e-06,3.859
1.4258e-06,4.066
1.4259e-06,3.883
1.426e-06,4.0186
1.4261e-06,3.8239
1.4262e-06,3.8415
1.4263e-06,3.8859
1.4264e-06,3.7493
1.4265e-06,3.8317
1.4266e-06,3.9734
1.4267e-06,3.9011
1.4268e-06,3.8978
1.4269e-06,3.9247
1.427e-06,3.8673
1.4271e-06,3.7655
1.4272e-06,3.8491
1.4273e-06,3.9121
1.4274e-06,3.8668
1.4275e-06,3.8532
1.4276e-06,3.8048
1.4277e-06,3.6591
1.4278e-06,3.8301
1.4279e-06,3.76
1.428e-06,3.7716
1.4281e-06,3.7255
1.4282e-06,3.689
1.4283e-06,3.7069
1.4284e-06,3.6924
1.4285e-06,3.6703
1.4286e-06,3.6958
1.4287e-06,3.6062
1.4288e-06,3.7454
1.4289e-06,3.7356
1.429e-06,3.6247
1.4291e-06,3.6285
1.4292e-06,3.6833
1.4293e-06,3.636
1.4294e-06,3.5401
1.4295e-06,3.6634
1.4296e-06,3.5186
1.4297e-06,3.6075
1.4298e-06,3.5395
1.4299e-06,3.5513
1.43e-06,3.6481
1.4301e-06,3.4642
1.4302e-06,3.6419
1.4303e-06,3.6017
1.4304e-06,3.6755
1.4305e-06,3.6221
1.4306e-06,3.4987
1.4307e-06,3.5307
1.4308e-06,3.6287
1.4309e-06,3.5336
1.431e-06,3.3543
1.4311e-06,3.6459
1.4312e-06,3.4373
1.4313e-06,3.5011
1.4314e-06,3.4642
1.4315e-06,3.4892
1.4316e-06,3.456
1.4317e-06,3.5661
1.4318e-06,3.5322
1.4319e-06,3.4306
1.432e-06,3.5788
1.4321e-06,3.3758
1.4322e-06,3.4412
1.4323e-06,3.3535
1.4324e-06,3.3768
1.4325e-06,3.4838
1.4326e-06,3.4689
1.4327e-06,3.5095
1.4328e-06,3.5363
1.4329e-06,3.3667
1.433e-06,3.2896
1.4331e-06,3.3766
1.4332e-06,3.4603
1.4333e-06,3.4783
1.4334e-06,3.2991
1.4335e-06,3.3459
1.4336e-06,3.4407
1.4337e-06,3.2623
1.4338e-06,3.235
1.4339e-06,3.3694
1.434e-06,3.3815
1.4341e-06,3.2531
1.4342e-06,3.2839
1.4343e-06,3.2708
1.4344e-06,3.3934
1.4345e-06,3.4358
1.4346e-06,3.0919
1.4347e-06,3.3104
1.4348e-06,3.2154
1.4349e-06,3.2558
1.435e-06,3.3381
1.4351e-06,3.2658
1.4352e-06,3.2363
1.4353e-06,3.3213
1.4354e-06,3.2413
1.4355e-06,3.1682
1.4356e-06,2.9628
1.4357e-06,3.2631
1.4358e-06,3.1697
1.4359e-06,3.1418
1.436e-06,3.1764
1.4361e-06,3.1592
1.4362e-06,3.3046
1.4363e-06,3.0682
1.4364e-06,3.2092
1.4365e-06,3.0606
1.4366e-06,3.1353
1.4367e-06,3.1507
1.4368e-06,2.9112
1.4369e-06,3.2612
1.437e-06,2.9926
1.4371e-06,3.0433
1.4372e-06,3.1276
1.4373e-06,3.0243
1.4374e-06,3.0026
1.4375e-06,2.9283
1.4376e-06,3.1676
1.4377e-06,2.9575
1.4378e-06,2.9411
1.4379e-06,3.0114
1.438e-06,2.8884
1.4381e-06,3.0632
1.4382e-06,3.1387
1.4383e-06,2.9342
1.4384e-06,2.9776
1.4385e-06,2.9821
1.4386e-06,3.0735
1.4387e-06,2.8836
1.4388e-06,2.8445
1.4389e-06,2.8647
1.439e-06,2.9525
1.4391e-06,2.9236
1.4392e-06,2.9181
1.4393e-06,2.987
1.4394e-06,2.9043
1.4395e-06,2.9346
1.4396e-06,2.7752
1.4397e-06,2.8341
1.4398e-06,2.9451
1.4399e-06,2.858
1.44e-06,2.8455
1.4401e-06,2.9415
1.4402e-06,2.7782
1.4403e-06,2.8325
1.4404e-06,2.8219
1.4405e-06,2.8565
1.4406e-06,2.7908
1.4407e-06,2.7354
1.4408e-06,2.878
1.4409e-06,2.8543
1.441e-06,2.8462
1.4411e-06,2.8637
1.4412e-06,2.5409
1.4413e-06,2.7441
1.4414e-06,2.6014
1.4415e-06,2.5785
1.4416e-06,2.7197
1.4417e-06,2.6278
1.4418e-06,2.7584
1.4419e-06,2.6995
1.442e-06,2.793
1.4421e-06,2.732
1.4422e-06,2.5798
1.4423e-06,2.5754
1.4424e-06,2.709
1.4425e-06,2.714
1.4426e-06,2.5485
1.4427e-06,2.7313
1.4428e-06,2.7123
1.4429e-06,2.6627
1.443e-06,2.7227
1.4431e-06,2.5153
1.4432e-06,2.7001
1.4433e-06,2.5077
1.4434e-06,2.4776
1.4435e-06,2.6518
1.4436e-06,2.6657
1.4437e-06,2.5996
1.4438e-06,2.5483
1.4439e-06,2.4982
1.444e-06,2.4638
1.4441e-06,2.5051
1.4442e-06,2.5783
1.4443e-06,2.4682
1.4444e-06,2.5331
1.4445e-06,2.5024
1.4446e-06,2.4703
1.4447e-06,2.6586
1.4448e-06,2.6152
1.4449e-06,2.6133
1.445e-06,2.5215
1.4451e-06,2.4096
1.4452e-06,2.2277
1.4453e-06,2.4505
1.4454e-06,2.3424
1.4455e-06,2.4667
1.4456e-06,2.3226
1.4457e-06,2.4447
1.4458e-06,2.3243
1.4459e-06,2.5128
1.446e-06,2.3095
1.4461e-06,2.2141
1.4462e-06,2.3516
1.4463e-06,2.3974
1.4464e-06,2.3794
1.4465e-06,2.3471
1.4466e-06,2.3769
1.4467e-06,2.3725
1.4468e-06,2.4035
1.4469e-06,2.2041
1.447e-06,2.2109
1.4471e-06,2.3403
1.4472e-06,2.2991
1.4473e-06,2.0662
1.4474e-06,2.1059
1.4475e-06,2.3433
1.4476e-06,2.0983
1.4477e-06,2.0096
1.4478e-06,2.0839
1.4479e-06,2.2208
1.448e-06,2.1835
1.4481e-06,2.2087
1.4482e-06,2.2785
1.4483e-06,2.0914
1.4484e-06,2.1161
1.4485e-06,2.1271
1.4486e-06,2.2489
1.4487e-06,2.1634
1.4488e-06,2.0945
1.4489e-06,2.0706
1.449e-06,2.1221
1.4491e-06,1.9507
1.4492e-06,2.1291
1.4493e-06,2.194
1.4494e-06,2.2154
1.4495e-06,2.0761
1.4496e-06,2.024
1.4497e-06,1.8298
1.4498e-06,1.9245
1.4499e-06,1.9375
1.45e-06,2.0431
1.4501e-06,2.1255
1.4502e-06,1.8981
1.4503e-06,1.8951
1.4504e-06,1.9162
1.4505e-06,2.0705
1.4506e-06,1.8043
1.4507e-06,1.8654
1.4508e-06,1.9475
1.4509e-06,1.9467
1.451e-06,1.8479
1.4511e-06,1.9457
1.4512e-06,1.8633
1.4513e-06,1.9392
1.4514e-06,1.8561
1.4515e-06,1.8098
1.4516e-06,1.8487
1.4517e-06,1.8678
1.4518e-06,1.9423
1.4519e-06,1.8315
1.452e-06,1.6312
1.4521e-06,1.919
1.4522e-06,1.8411
1.4523e-06,1.7834
1.4524e-06,1.9417
1.4525e-06,1.8027
1.4526e-06,1.7528
1.4527e-06,1.7136
1.4528e-06,1.8154
1.4529e-06,1.7382
1.453e-06,1.8523
1.4531e-06,1.8687
1.4532e-06,1.6619
1.4533e-06,1.7945
1.4534e-06,1.8447
1.4535e-06,1.7882
1.4536e-06,1.6615
1.4537e-06,1.597
1.4538e-06,1.7257
1.4539e-06,1.6292
1.454e-06,1.6814
1.4541e-06,1.8521
1.4542e-06,1.5572
1.4543e-06,1.6742
1.4544e-06,1.4962
1.4545e-06,1.6977
1.4546e-06,1.5137
1.4547e-06,1.7215
1.4548e-06,1.5975
1.4549e-06,1.6486
1.455e-06,1.4839
1.4551e-06,1.4995
1.4552e-06,1.4504
1.4553e-06,1.4817
1.4554e-06,1.5808
1.4555e-06,1.5545
1.4556e-06,1.5656
1.4557e-06,1.4035
1.4558e-06,1.4529
1.4559e-06,1.4608
1.456e-06,1.4469
1.4561e-06,1.5981
1.4562e-06,1.3983
1.4563e-06,1.4329
1.4564e-06,1.4179
1.4565e-06,1.4399
1.4566e-06,1.4607
1.4567e-06,1.419
1.4568e-06,1.4405
1.4569e-06,1.4845
1.457e-06,1.2903
1.4571e-06,1.3494
1.4572e-06,1.4188
1.4573e-06,1.0812
1.4574e-06,1.2651
1.4575e-06,1.3546
1.4576e-06,1.2045
1.4577e-06,1.2575
1.4578e-06,1.4519
1.4579e-06,1.3275
1.458e-06,1.347
1.4581e-06,1.3102
1.4582e-06,1.0692
1.4583e-06,1.2289
1.4584e-06,1.1882
1.4585e-06,1.1297
1.4586e-06,1.0957
1.4587e-06,1.1306
1.4588e-06,1.143
1.4589e-06,1.1216
1.459e-06,1.0917
1.4591e-06,1.1519
1.4592e-06,1.1554
1.4593e-06,1.1539
1.4594e-06,1.2064
1.4595e-06,1.159
1.4596e-06,1.4031
1.4597e-06,1.1501
1.4598e-06,1.1708
1.4599e-06,1.2743
1.46e-06,1.095
1.4601e-06,1.095
1.4602e-06,1.052
1.4603e-06,0.99935
1.4604e-06,1.0107
1.4605e-06,1.0746
1.4606e-06,1.0397
1.4607e-06,0.88636
1.4608e-06,1.1028
1.4609e-06,0.94642
1.461e-06,1.0245
1.4611e-06,0.91212
1.4612e-06,0.99151
1.4613e-06,1.0062
1.4614e-06,0.73887
1.4615e-06,1.0095
1.4616e-06,1.0129
1.4617e-06,1.0124
1.4618e-06,0.96907
1.4619e-06,0.87147
1.462e-06,0.87882
1.4621e-06,0.82709
1.4622e-06,0.8692
1.4623e-06,0.91164
1.4624e-06,1.0646
1.4625e-06,0.97301
1.4626e-06,0.92708
1.4627e-06,0.79202
1.4628e-06,0.97645
1.4629e-06,0.69205
1.463e-06,0.79151
1.4631e-06,0.76727
1.4632e-06,0.67377
1.4633e-06,0.80813
1.4634e-06,0.80227
1.4635e-06,0.55784
1.4636e-06,0.81815
1.4637e-06,0.62821
1.4638e-06,0.72637
1.4639e-06,0.85777
1.464e-06,0.78331
1.4641e-06,0.51153
1.4642e-06,0.76431
1.4643e-06,0.61296
1.4644e-06,0.65813
1.4645e-06,0.57013
1.4646e-06,0.6195
1.4647e-06,0.69627
1.4648e-06,0.58793
1.4649e-06,0.56588
1.465e-06,0.47571
1.4651e-06,0.53608
1.4652e-06,0.63246
1.4653e-06,0.44357
1.4654e-06,0.61862
1.4655e-06,0.57762
1.4656e-06,0.54366
1.4657e-06,0.52762
1.4658e-06,0.54525
1.4659e-06,0.52703
1.466e-06,0.40308
1.4661e-06,0.50234
1.4662e-06,0.50258
1.4663e-06,0.48695
1.4664e-06,0.49103
1.4665e-06,0.34337
1.4666e-06,0.2827
1.4667e-06,0.26175
1.4668e-06,0.52271
1.4669e-06,0.41287
1.467e-06,0.43564
1.4671e-06,0.49033
1.4672e-06,0.48542
1.4673e-06,0.39665
1.4674e-06,0.37561
1.4675e-06,0.35676
1.4676e-06,0.25896
1.4677e-06,0.25627
1.4678e-06,0.29375
1.4679e-06,0.38182
1.468e-06,0.25943
1.4681e-06,0.18713
1.4682e-06,0.38633
1.4683e-06,0.29652
1.4684e-06,0.15702
1.4685e-06,0.32315
1.4686e-06,0.065808
1.4687e-06,0.079601
1.4688e-06,0.16946
1.4689e-06,0.17856
1.469e-06,0.10635
1.4691e-06,0.086416
1.4692e-06,0.12759
1.4693e-06,0.2042
1.4694e-06,-0.033424
1.4695e-06,0.12921
1.4696e-06,0.076927
1.4697e-06,-0.013435
1.4698e-06,0.075246
1.4699e-06,0.15724
1.47e-06,-0.094252
1.4701e-06,-0.038847
1.4702e-06,0.071775
1.4703e-06,0.14816
1.4704e-06,-0.016031
1.4705e-06,0.018523
1.4706e-06,-0.074315
1.4707e-06,-0.10768
1.4708e-06,-0.058471
1.4709e-06,-0.057327
1.471e-06,-0.025077
1.4711e-06,0.039918
1.4712e-06,0.0085423
1.4713e-06,-0.15905
1.4714e-06,-0.13542
1.4715e-06,0.070606
1.4716e-06,-0.084576
1.4717e-06,-0.08878
1.4718e-06,-0.10887
1.4719e-06,-0.11366
1.472e-06,-0.11039
1.4721e-06,-0.19504
1.4722e-06,-0.13267
1.4723e-06,-0.22397
1.4724e-06,-0.15028
1.4725e-06,-0.099698
1.4726e-06,-0.34063
1.4727e-06,-0.067365
1.4728e-06,-0.21747
1.4729e-06,-0.33462
1.473e-06,-0.2997
1.4731e-06,-0.22567
1.4732e-06,-0.084147
1.4733e-06,-0.43733
1.4734e-06,-0.33771
1.4735e-06,-0.30896
1.4736e-06,-0.31245
1.4737e-06,-0.26617
1.4738e-06,-0.31319
1.4739e-06,-0.15991
1.474e-06,-0.23536
1.4741e-06,-0.33675
1.4742e-06,-0.39374
1.4743e-06,-0.76392
1.4744e-06,-0.44988
1.4745e-06,-0.59648
1.4746e-06,-0.41489
1.4747e-06,-0.55639
1.4748e-06,-0.44089
1.4749e-06,-0.58827
1.475e-06,-0.52905
1.4751e-06,-0.45613
1.4752e-06,-0.53172
1.4753e-06,-0.48809
1.4754e-06,-0.47206
1.4755e-06,-0.65304
1.4756e-06,-0.70278
1.4757e-06,-0.61584
1.4758e-06,-0.53475
1.4759e-06,-0.51808
1.476e-06,-0.59654
1.4761e-06,-0.80012
1.4762e-06,-0.55862
1.4763e-06,-0.7772
1.4764e-06,-0.4814
1.4765e-06,-0.67979
1.4766e-06,-0.53213
1.4767e-06,-0.6535
1.4768e-06,-0.76324
1.4769e-06,-0.7454
1.477e-06,-0.68507
1.4771e-06,-0.778
1.4772e-06,-0.78113
1.4773e-06,-0.78841
1.4774e-06,-0.74052
1.4775e-06,-0.88532
1.4776e-06,-0.74442
1.4777e-06,-0.67878
1.4778e-06,-0.78489
1.4779e-06,-0.87532
1.478e-06,-0.8656
1.4781e-06,-0.97231
1.4782e-06,-0.7375
1.4783e-06,-0.81991
1.4784e-06,-0.87802
1.4785e-06,-1.001
1.4786e-06,-1.0525
1.4787e-06,-0.97574
1.4788e-06,-1.0573
1.4789e-06,-1.0711
1.479e-06,-0.98727
1.4791e-06,-1.0308
1.4792e-06,-1.2172
1.4793e-06,-1.0675
1.4794e-06,-1.1281
1.4795e-06,-1.0652
1.4796e-06,-1.0349
1.4797e-06,-1.1218
1.4798e-06,-0.98517
1.4799e-06,-0.95652
1.48e-06,-1.1068
1.4801e-06,-1.1056
1.4802e-06,-1.0222
1.4803e-06,-1.2286
1.4804e-06,-1.2575
1.4805e-06,-1.0608
1.4806e-06,-1.1251
1.4807e-06,-1.2155
1.4808e-06,-1.0544
1.4809e-06,-1.0681
1.481e-06,-1.236
1.4811e-06,-1.4122
1.4812e-06,-1.4756
1.4813e-06,-1.3233
1.4814e-06,-1.2385
1.4815e-06,-1.2283
1.4816e-06,-1.2703
1.4817e-06,-1.4088
1.4818e-06,-1.4113
1.4819e-06,-1.1939
1.482e-06,-1.3601
1.4821e-06,-1.2658
1.4822e-06,-1.4341
1.4823e-06,-1.3012
1.4824e-06,-1.6203
1.4825e-06,-1.3254
1.4826e-06,-1.3633
1.4827e-06,-1.2248
1.4828e-06,-1.246
1.4829e-06,-1.4058
1.483e-06,-1.7061
1.4831e-06,-1.455
1.4832e-06,-1.4727
1.4833e-06,-1.5757
1.4834e-06,-1.6078
1.4835e-06,-1.5522
1.4836e-06,-1.6007
1.4837e-06,-1.4396
1.4838e-06,-1.5536
1.4839e-06,-1.4783
1.484e-06,-1.6841
1.4841e-06,-1.6471
1.4842e-06,-1.6299
1.4843e-06,-1.6729
1.4844e-06,-1.581
1.4845e-06,-1.5009
1.4846e-06,-1.8161
1.4847e-06,-1.5433
1.4848e-06,-1.5263
1.4849e-06,-1.7987
1.485e-06,-1.7444
1.4851e-06,-1.732
1.4852e-06,-1.7862
1.4853e-06,-1.6785
1.4854e-06,-1.573
1.4855e-06,-1.6312
1.4856e-06,-1.6866
1.4857e-06,-1.6814
1.4858e-06,-1.8765
1.4859e-06,-1.7805
1.486e-06,-1.9217
1.4861e-06,-1.9992
1.4862e-06,-1.9483
1.4863e-06,-1.9272
1.4864e-06,-1.9925
1.4865e-06,-1.9263
1.4866e-06,-1.9213
1.4867e-06,-2.0159
1.4868e-06,-2
1.4869e-06,-2.0181
1.487e-06,-1.8922
1.4871e-06,-1.9727
1.4872e-06,-1.892
1.4873e-06,-2.0953
1.4874e-06,-2.0087
1.4875e-06,-2.2898
1.4876e-06,-2.108
1.4877e-06,-2.1462
1.4878e-06,-2.3457
1.4879e-06,-2.1848
1.488e-06,-2.2586
1.4881e-06,-2.2531
1.4882e-06,-2.145
1.4883e-06,-2.1124
1.4884e-06,-2.2578
1.4885e-06,-2.065
1.4886e-06,-2.1847
1.4887e-06,-2.2363
1.4888e-06,-2.104
1.4889e-06,-2.0561
1.489e-06,-2.3568
1.4891e-06,-2.343
1.4892e-06,-2.2911
1.4893e-06,-2.3245
1.4894e-06,-2.351
1.4895e-06,-2.3523
1.4896e-06,-2.3477
1.4897e-06,-2.1536
1.4898e-06,-2.5529
1.4899e-06,-2.3362
1.49e-06,-2.3569
1.4901e-06,-2.2989
1.4902e-06,-2.3287
1.4903e-06,-2.3872
1.4904e-06,-2.385
1.4905e-06,-2.3506
1.4906e-06,-2.3578
1.4907e-06,-2.547
1.4908e-06,-2.4902
1.4909e-06,-2.4706
1.491e-06,-2.5678
1.4911e-06,-2.5099
1.4912e-06,-2.4116
1.4913e-06,-2.5703
1.4914e-06,-2.587
1.4915e-06,-2.5514
1.4916e-06,-2.5508
1.4917e-06,-2.5631
1.4918e-06,-2.6859
1.4919e-06,-2.7014
1.492e-06,-2.547
1.4921e-06,-2.74
1.4922e-06,-2.7468
1.4923e-06,-2.7375
1.4924e-06,-2.6359
1.4925e-06,-2.6574
1.4926e-06,-2.8405
1.4927e-06,-2.7675
1.4928e-06,-2.7256
1.4929e-06,-2.6959
1.493e-06,-2.693
1.4931e-06,-2.8515
1.4932e-06,-2.8227
1.4933e-06,-2.8817
1.4934e-06,-2.9237
1.4935e-06,-2.7804
1.4936e-06,-2.857
1.4937e-06,-2.8881
1.4938e-06,-2.8409
1.4939e-06,-2.9786
1.494e-06,-2.8609
1.4941e-06,-2.8853
1.4942e-06,-2.9944
1.4943e-06,-2.9423
1.4944e-06,-2.9692
1.4945e-06,-3.151
1.4946e-06,-2.9789
1.4947e-06,-2.984
1.4948e-06,-2.9286
1.4949e-06,-3.0782
1.495e-06,-3.114
1.4951e-06,-3.1923
1.4952e-06,-2.9262
1.4953e-06,-3.0232
1.4954e-06,-3.3175
1.4955e-06,-3.1673
1.4956e-06,-3.3445
1.4957e-06,-3.3047
1.4958e-06,-3.2031
1.4959e-06,-3.2681
1.496e-06,-3.2932
1.4961e-06,-3.2335
1.4962e-06,-3.2046
1.4963e-06,-3.3345
1.4964e-06,-3.1903
1.4965e-06,-3.3773
1.4966e-06,-3.3752
1.4967e-06,-3.4019
1.4968e-06,-3.2338
1.4969e-06,-3.1984
1.497e-06,-3.3325
1.4971e-06,-3.3218
1.4972e-06,-3.3203
1.4973e-06,-3.5227
1.4974e-06,-3.3255
1.4975e-06,-3.4615
1.4976e-06,-3.4046
1.4977e-06,-3.4273
1.4978e-06,-3.5166
1.4979e-06,-3.6253
1.498e-06,-3.6787
1.4981e-06,-3.469
1.4982e-06,-3.6972
1.4983e-06,-3.3623
1.4984e-06,-3.6455
1.4985e-06,-3.7218
1.4986e-06,-3.7302
1.4987e-06,-3.6423
1.4988e-06,-3.7576
1.4989e-06,-3.6379
1.499e-06,-3.7127
1.4991e-06,-3.712
1.4992e-06,-3.6681
1.4993e-06,-3.7837
1.4994e-06,-3.8913
1.4995e-06,-3.7393
1.4996e-06,-3.8699
1.4997e-06,-3.615
1.4998e-06,-3.7632
1.4999e-06,-3.7039
1.5e-06,-3.9992
1.5001e-06,-3.9632
1.5002e-06,-3.8411
1.5003e-06,-3.972
1.5004e-06,-3.9943
1.5005e-06,-3.9952
1.5006e-06,-3.7881
1.5007e-06,-4.0576
1.5008e-06,-4.0701
1.5009e-06,-3.8177
1.501e-06,-3.9575
1.5011e-06,-4.0614
1.5012e-06,-4.2519
1.5013e-06,-3.9935
1.5014e-06,-4.0265
1.5015e-06,-4.3303
1.5016e-06,-4.204
1.5017e-06,-4.1285
1.5018e-06,-4.3252
1.5019e-06,-4.2478
1.502e-06,-4.2501
1.5021e-06,-4.1822
1.5022e-06,-4.2797
1.5023e-06,-4.2253
1.5024e-06,-4.1604
1.5025e-06,-4.3096
1.5026e-06,-4.2756
1.5027e-06,-4.2078
1.5028e-06,-4.3149
1.5029e-06,-4.3507
1.503e-06,-4.3145
1.5031e-06,-4.0999
1.5032e-06,-4.3596
1.5033e-06,-4.5657
1.5034e-06,-4.2344
1.5035e-06,-4.2815
1.5036e-06,-4.4897
1.5037e-06,-4.3716
1.5038e-06,-4.61
1.5039e-06,-4.6915
1.504e-06,-4.6722
1.5041e-06,-4.5831
1.5042e-06,-4.3855
1.5043e-06,-4.6184
1.5044e-06,-4.5676
1.5045e-06,-4.4491
1.5046e-06,-4.4965
1.5047e-06,-4.5564
1.5048e-06,-4.6094
1.5049e-06,-4.5514
1.505e-06,-4.5342
1.5051e-06,-4.6753
1.5052e-06,-4.5789
1.5053e-06,-4.6269
1.5054e-06,-4.9113
1.5055e-06,-4.9631
1.5056e-06,-4.7093
1.5057e-06,-4.7796
1.5058e-06,-4.8469
1.5059e-06,-4.7521
1.506e-06,-4.8195
1.5061e-06,-4.9038
1.5062e-06,-4.8718
1.5063e-06,-5.0033
1.5064e-06,-4.9352
1.5065e-06,-4.9353
1.5066e-06,-4.9558
1.5067e-06,-4.9665
1.5068e-06,-5.0933
1.5069e-06,-5.0472
1.507e-06,-5.0266
1.5071e-06,-5.1384
1.5072e-06,-5.054
1.5073e-06,-5.162
1.5074e-06,-5.1017
1.5075e-06,-5.2068
1.5076e-06,-5.1371
1.5077e-06,-5.1596
1.5078e-06,-5.0752
1.5079e-06,-5.1296
1.508e-06,-4.9308
1.5081e-06,-5.2368
1.5082e-06,-5.2103
1.5083e-06,-5.2035
1.5084e-06,-5.2847
1.5085e-06,-5.1954
1.5086e-06,-5.3021
1.5087e-06,-5.1501
1.5088e-06,-5.3352
1.5089e-06,-5.632
1.509e-06,-5.4071
1.5091e-06,-5.4745
1.5092e-06,-5.498
1.5093e-06,-5.4645
1.5094e-06,-5.5533
1.5095e-06,-5.362
1.5096e-06,-5.4006
1.5097e-06,-5.5016
1.5098e-06,-5.5906
1.5099e-06,-5.6358
1.51e-06,-5.5339
1.5101e-06,-5.5344
1.5102e-06,-5.4927
1.5103e-06,-5.501
1.5104e-06,-5.6886
1.5105e-06,-5.7618
1.5106e-06,-5.673
1.5107e-06,-5.7154
1.5108e-06,-5.8341
1.5109e-06,-5.7565
1.511e-06,-5.8804
1.5111e-06,-5.845
1.5112e-06,-5.8361
1.5113e-06,-5.9706
1.5114e-06,-5.8319
1.5115e-06,-5.7974
1.5116e-06,-5.9281
1.5117e-06,-6.0172
1.5118e-06,-5.787
1.5119e-06,-5.9644
1.512e-06,-5.8306
1.5121e-06,-5.8911
1.5122e-06,-5.9513
1.5123e-06,-5.7453
1.5124e-06,-5.9777
1.5125e-06,-6.1798
1.5126e-06,-6.0658
1.5127e-06,-6.0724
1.5128e-06,-6.0655
1.5129e-06,-6.1498
1.513e-06,-6.0808
1.5131e-06,-6.0578
1.5132e-06,-6.1798
1.5133e-06,-6.0531
1.5134e-06,-6.194
1.5135e-06,-6.174
1.5136e-06,-6.32
1.5137e-06,-6.2971
1.5138e-06,-6.456
1.5139e-06,-6.1563
1.514e-06,-6.2514
1.5141e-06,-6.3395
1.5142e-06,-6.3329
1.5143e-06,-6.3679
1.5144e-06,-6.3936
1.5145e-06,-6.4244
1.5146e-06,-6.5334
1.5147e-06,-6.5341
1.5148e-06,-6.2805
1.5149e-06,-6.4856
1.515e-06,-6.5499
1.5151e-06,-6.6841
1.5152e-06,-6.6954
1.5153e-06,-6.6332
1.5154e-06,-6.7024
1.5155e-06,-6.5943
1.5156e-06,-6.7304
1.5157e-06,-6.646
1.5158e-06,-6.6287
1.5159e-06,-6.6522
1.516e-06,-6.7394
1.5161e-06,-6.6939
1.5162e-06,-6.7322
1.5163e-06,-6.8509
1.5164e-06,-6.966
1.5165e-06,-6.748
1.5166e-06,-6.7076
1.5167e-06,-6.9072
1.5168e-06,-6.6949
1.5169e-06,-7.1099
1.517e-06,-6.8816
1.5171e-06,-6.7412
1.5172e-06,-7.1485
1.5173e-06,-6.8203
1.5174e-06,-7.0999
1.5175e-06,-6.8831
1.5176e-06,-7.0659
1.5177e-06,-6.9225
1.5178e-06,-6.9743
1.5179e-06,-6.8621
1.518e-06,-7.3433
1.5181e-06,-7.2089
1.5182e-06,-7.2865
1.5183e-06,-7.1049
1.5184e-06,-7.3582
1.5185e-06,-7.2922
1.5186e-06,-7.4052
1.5187e-06,-7.1731
1.5188e-06,-7.2953
1.5189e-06,-7.3177
1.519e-06,-7.4295
1.5191e-06,-7.3021
1.5192e-06,-7.2321
1.5193e-06,-7.5602
1.5194e-06,-7.4877
1.5195e-06,-7.3223
1.5196e-06,-7.3996
1.5197e-06,-7.5677
1.5198e-06,-7.4898
1.5199e-06,-7.3984
1.52e-06,-7.4275
1.5201e-06,-7.7175
1.5202e-06,-7.3045
1.5203e-06,-7.5063
1.5204e-06,-7.6278
1.5205e-06,-7.4932
1.5206e-06,-7.5442
1.5207e-06,-7.6503
1.5208e-06,-7.5419
1.5209e-06,-7.5728
1.521e-06,-7.827
1.5211e-06,-7.9511
1.5212e-06,-7.8321
1.5213e-06,-7.9483
1.5214e-06,-7.8714
1.5215e-06,-7.8388
1.5216e-06,-7.9739
1.5217e-06,-7.9533
1.5218e-06,-7.9237
1.5219e-06,-7.7636
1.522e-06,-7.8622
1.5221e-06,-8.0504
1.5222e-06,-8.0923
1.5223e-06,-8.0597
1.5224e-06,-8.0851
1.5225e-06,-7.9793
1.5226e-06,-8.0888
1.5227e-06,-8.2059
1.5228e-06,-8.1987
1.5229e-06,-8.2041
1.523e-06,-8.1646
1.5231e-06,-8.1533
1.5232e-06,-8.2541
1.5233e-06,-8.2658
1.5234e-06,-8.3675
1.5235e-06,-8.2611
1.5236e-06,-8.1206
1.5237e-06,-8.3856
1.5238e-06,-8.2924
1.5239e-06,-8.4127
1.524e-06,-8.3962
1.5241e-06,-8.492
1.5242e-06,-8.6248
1.5243e-06,-8.6012
1.5244e-06,-8.4948
1.5245e-06,-8.6897
1.5246e-06,-8.536
1.5247e-06,-8.5275
1.5248e-06,-8.4301
1.5249e-06,-8.6268
1.525e-06,-8.6794
1.5251e-06,-8.5379
1.5252e-06,-8.8439
1.5253e-06,-8.6964
1.5254e-06,-8.8464
1.5255e-06,-8.7838
1.5256e-06,-8.7607
1.5257e-06,-8.7619
1.5258e-06,-8.7952
1.5259e-06,-9.0017
1.526e-06,-8.9803
1.5261e-06,-8.9996
1.5262e-06,-8.8079
1.5263e-06,-8.8962
1.5264e-06,-8.9534
1.5265e-06,-9.1366
1.5266e-06,-9.1154
1.5267e-06,-9.1567
1.5268e-06,-9.0993
1.5269e-06,-9.0872
1.527e-06,-9.0832
1.5271e-06,-9.1027
1.5272e-06,-9.1596
1.5273e-06,-9.1891
1.5274e-06,-9.2264
1.5275e-06,-9.2027
1.5276e-06,-9.4391
1.5277e-06,-9.1195
1.5278e-06,-9.3881
1.5279e-06,-9.1578
1.528e-06,-9.3205
1.5281e-06,-9.4662
1.5282e-06,-9.3959
1.5283e-06,-9.2459
1.5284e-06,-9.3176
1.5285e-06,-9.4732
1.5286e-06,-9.5288
1.5287e-06,-9.5178
1.5288e-06,-9.6721
1.5289e-06,-9.669
1.529e-06,-9.5853
1.5291e-06,-9.4884
1.5292e-06,-9.6166
1.5293e-06,-9.8464
1.5294e-06,-9.6967
1.5295e-06,-9.6824
1.5296e-06,-9.7426
1.5297e-06,-9.5298
1.5298e-06,-9.6406
1.5299e-06,-9.9296
1.53e-06,-9.7068
1.5301e-06,-9.9965
1.5302e-06,-9.8926
1.5303e-06,-9.6812
1.5304e-06,-9.9583
1.5305e-06,-9.9766
1.5306e-06,-10.008
1.5307e-06,-10.119
1.5308e-06,-10.234
1.5309e-06,-9.9564
1.531e-06,-9.9174
1.5311e-06,-10.124
1.5312e-06,-10.09
1.5313e-06,-10.301
1.5314e-06,-10.35
1.5315e-06,-10.178
1.5316e-06,-10.221
1.5317e-06,-10.582
1.5318e-06,-10.125
1.5319e-06,-10.401
1.532e-06,-10.687
1.5321e-06,-10.348
1.5322e-06,-10.506
1.5323e-06,-10.276
1.5324e-06,-10.543
1.5325e-06,-10.498
1.5326e-06,-10.514
1.5327e-06,-10.466
1.5328e-06,-10.357
1.5329e-06,-10.47
1.533e-06,-10.591
1.5331e-06,-10.755
1.5332e-06,-10.411
1.5333e-06,-10.679
1.5334e-06,-10.709
1.5335e-06,-10.823
1.5336e-06,-10.56
1.5337e-06,-10.905
1.5338e-06,-10.717
1.5339e-06,-10.729
1.534e-06,-10.814
1.5341e-06,-10.732
1.5342e-06,-10.822
1.5343e-06,-10.823
1.5344e-06,-11.073
1.5345e-06,-10.861
1.5346e-06,-10.974
1.5347e-06,-11.016
1.5348e-06,-10.941
1.5349e-06,-11.131
1.535e-06,-10.981
1.5351e-06,-11.052
1.5352e-06,-11.202
1.5353e-06,-10.994
1.5354e-06,-11.433
1.5355e-06,-11.196
1.5356e-06,-10.938
1.5357e-06,-11.092
1.5358e-06,-11.218
1.5359e-06,-11.216
1.536e-06,-11.222
1.5361e-06,-11.236
1.5362e-06,-11.498
1.5363e-06,-11.448
1.5364e-06,-11.325
1.5365e-06,-11.208
1.5366e-06,-11.302
1.5367e-06,-11.57
1.5368e-06,-11.321
1.5369e-06,-11.54
1.537e-06,-11.449
1.5371e-06,-11.525
1.5372e-06,-11.52
1.5373e-06,-11.429
1.5374e-06,-11.617
1.5375e-06,-11.773
1.5376e-06,-11.8
1.5377e-06,-11.667
1.5378e-06,-11.644
1.5379e-06,-11.75
1.538e-06,-11.752
1.5381e-06,-11.65
1.5382e-06,-11.804
1.5383e-06,-11.846
1.5384e-06,-11.928
1.5385e-06,-11.817
1.5386e-06,-11.813
1.5387e-06,-12.026
1.5388e-06,-11.813
1.5389e-06,-12.095
1.539e-06,-11.97
1.5391e-06,-12.068
1.5392e-06,-12.285
1.5393e-06,-12.166
1.5394e-06,-11.974
1.5395e-06,-12.248
1.5396e-06,-12.284
1.5397e-06,-11.939
1.5398e-06,-12.106
1.5399e-06,-12.242
1.54e-06,-12.126
1.5401e-06,-12.317
1.5402e-06,-12.419
1.5403e-06,-12.241
1.5404e-06,-12.387
1.5405e-06,-12.346
1.5406e-06,-12.386
1.5407e-06,-12.355
1.5408e-06,-12.301
1.5409e-06,-12.52
1.541e-06,-12.404
1.5411e-06,-12.374
1.5412e-06,-12.619
1.5413e-06,-12.459
1.5414e-06,-12.555
1.5415e-06,-12.197
1.5416e-06,-12.705
1.5417e-06,-12.608
1.5418e-06,-12.534
1.5419e-06,-12.497
1.542e-06,-12.578
1.5421e-06,-12.739
1.5422e-06,-12.839
1.5423e-06,-12.645
1.5424e-06,-12.849
1.5425e-06,-12.904
1.5426e-06,-12.807
1.5427e-06,-12.901
1.5428e-06,-12.716
1.5429e-06,-12.821
1.543e-06,-12.872
1.5431e-06,-12.743
1.5432e-06,-12.833
1.5433e-06,-12.917
1.5434e-06,-12.97
1.5435e-06,-12.795
1.5436e-06,-13.168
1.5437e-06,-12.948
1.5438e-06,-12.9
1.5439e-06,-13.001
1.544e-06,-12.967
1.5441e-06,-12.93
1.5442e-06,-13.186
1.5443e-06,-13.033
1.5444e-06,-13.018
1.5445e-06,-13.222
1.5446e-06,-13.142
1.5447e-06,-13.177
1.5448e-06,-13.226
1.5449e-06,-13.357
1.545e-06,-13.216
1.5451e-06,-13.028
1.5452e-06,-13.202
1.5453e-06,-13.318
1.5454e-06,-13.256
1.5455e-06,-13.523
1.5456e-06,-13.546
1.5457e-06,-13.291
1.5458e-06,-13.141
1.5459e-06,-13.386
1.546e-06,-13.23
1.5461e-06,-13.476
1.5462e-06,-13.227
1.5463e-06,-13.407
1.5464e-06,-13.457
1.5465e-06,-13.529
1.5466e-06,-13.361
1.5467e-06,-13.294
1.5468e-06,-13.693
1.5469e-06,-13.464
1.547e-06,-13.393
1.5471e-06,-13.446
1.5472e-06,-13.526
1.5473e-06,-13.717
1.5474e-06,-13.476
1.5475e-06,-13.505
1.5476e-06,-13.653
1.5477e-06,-13.664
1.5478e-06,-13.455
1.5479e-06,-13.728
1.548e-06,-13.535
1.5481e-06,-13.821
1.5482e-06,-13.638
1.5483e-06,-13.733
1.5484e-06,-13.554
1.5485e-06,-13.619
1.5486e-06,-13.879
1.5487e-06,-13.798
1.5488e-06,-13.69
1.5489e-06,-13.869
1.549e-06,-13.687
1.5491e-06,-13.939
1.5492e-06,-13.757
1.5493e-06,-13.653
1.5494e-06,-13.926
1.5495e-06,-13.707
1.5496e-06,-13.858
1.5497e-06,-13.62
1.5498e-06,-13.86
1.5499e-06,-13.746
1.55e-06,-13.713
1.5501e-06,-13.535
1.5502e-06,-13.749
1.5503e-06,-13.871
1.5504e-06,-13.782
1.5505e-06,-13.816
1.5506e-06,-13.66
1.5507e-06,-13.731
1.5508e-06,-13.944
1.5509e-06,-13.841
1.551e-06,-13.858
1.5511e-06,-14.017
1.5512e-06,-13.87
1.5513e-06,-13.833
1.5514e-06,-13.552
1.5515e-06,-13.775
1.5516e-06,-13.946
1.5517e-06,-13.932
1.5518e-06,-13.634
1.5519e-06,-13.81
1.552e-06,-13.759
1.5521e-06,-13.828
1.5522e-06,-13.776
1.5523e-06,-13.891
1.5524e-06,-13.931
1.5525e-06,-13.935
1.5526e-06,-13.765
1.5527e-06,-13.814
1.5528e-06,-14.01
1.5529e-06,-13.965
1.553e-06,-14.046
1.5531e-06,-14.073
1.5532e-06,-13.78
1.5533e-06,-13.736
1.5534e-06,-13.736
1.5535e-06,-13.706
1.5536e-06,-13.951
1.5537e-06,-13.801
1.5538e-06,-13.758
1.5539e-06,-13.876
1.554e-06,-13.811
1.5541e-06,-13.835
1.5542e-06,-13.849
1.5543e-06,-13.722
1.5544e-06,-13.651
1.5545e-06,-13.773
1.5546e-06,-13.675
1.5547e-06,-13.569
1.5548e-06,-13.684
1.5549e-06,-13.996
1.555e-06,-13.739
1.5551e-06,-13.796
1.5552e-06,-13.737
1.5553e-06,-13.774
1.5554e-06,-13.787
1.5555e-06,-13.837
1.5556e-06,-13.885
1.5557e-06,-13.808
1.5558e-06,-13.639
1.5559e-06,-13.672
1.556e-06,-13.679
1.5561e-06,-13.678
1.5562e-06,-13.786
1.5563e-06,-13.647
1.5564e-06,-13.367
1.5565e-06,-13.73
1.5566e-06,-13.579
1.5567e-06,-13.468
1.5568e-06,-13.912
1.5569e-06,-13.708
1.557e-06,-13.449
1.5571e-06,-13.568
1.5572e-06,-13.568
1.5573e-06,-13.444
1.5574e-06,-13.629
1.5575e-06,-13.519
1.5576e-06,-13.49
1.5577e-06,-13.493
1.5578e-06,-13.462
1.5579e-06,-13.331
1.558e-06,-13.384
1.5581e-06,-13.38
1.5582e-06,-13.454
1.5583e-06,-13.429
1.5584e-06,-13.421
1.5585e-06,-13.258
1.5586e-06,-13.398
1.5587e-06,-13.595
1.5588e-06,-13.275
1.5589e-06,-13.31
1.559e-06,-13.488
1.5591e-06,-13.249
1.5592e-06,-13.288
1.5593e-06,-13.154
1.5594e-06,-13.256
1.5595e-06,-13.436
1.5596e-06,-13.319
1.5597e-06,-13.087
1.5598e-06,-13.125
1.5599e-06,-13.063
1.56e-06,-12.956
1.5601e-06,-13.001
1.5602e-06,-13.185
1.5603e-06,-13.066
1.5604e-06,-12.944
1.5605e-06,-12.981
1.5606e-06,-13.015
1.5607e-06,-13.027
1.5608e-06,-13.044
1.5609e-06,-13.138
1.561e-06,-13.262
1.5611e-06,-12.986
1.5612e-06,-12.994
1.5613e-06,-12.959
1.5614e-06,-13.014
1.5615e-06,-12.856
1.5616e-06,-12.924
1.5617e-06,-12.915
1.5618e-06,-12.952
1.5619e-06,-12.912
1.562e-06,-12.994
1.5621e-06,-12.813
1.5622e-06,-12.78
1.5623e-06,-12.796
1.5624e-06,-12.653
1.5625e-06,-12.83
1.5626e-06,-12.755
1.5627e-06,-12.729
1.5628e-06,-12.652
1.5629e-06,-12.6
1.563e-06,-12.658
1.5631e-06,-12.657
1.5632e-06,-12.645
1.5633e-06,-12.63
1.5634e-06,-12.538
1.5635e-06,-12.382
1.5636e-06,-12.53
1.5637e-06,-12.53
1.5638e-06,-12.487
1.5639e-06,-12.536
1.564e-06,-12.272
1.5641e-06,-12.588
1.5642e-06,-12.393
1.5643e-06,-12.58
1.5644e-06,-12.49
1.5645e-06,-12.549
1.5646e-06,-12.467
1.5647e-06,-12.472
1.5648e-06,-12.397
1.5649e-06,-12.22
1.565e-06,-12.243
1.5651e-06,-12.213
1.5652e-06,-12.12
1.5653e-06,-12.247
1.5654e-06,-12.311
1.5655e-06,-12.069
1.5656e-06,-12.198
1.5657e-06,-12.075
1.5658e-06,-12.039
1.5659e-06,-12.301
1.566e-06,-12.051
1.5661e-06,-12.181
1.5662e-06,-12.137
1.5663e-06,-11.928
1.5664e-06,-12.027
1.5665e-06,-12.157
1.5666e-06,-11.973
1.5667e-06,-11.689
1.5668e-06,-11.748
1.5669e-06,-11.947
1.567e-06,-11.868
1.5671e-06,-11.692
1.5672e-06,-11.89
1.5673e-06,-11.674
1.5674e-06,-11.635
1.5675e-06,-11.837
1.5676e-06,-11.751
1.5677e-06,-11.863
1.5678e-06,-11.788
1.5679e-06,-11.739
1.568e-06,-11.508
1.5681e-06,-11.758
1.5682e-06,-11.666
1.5683e-06,-11.76
1.5684e-06,-11.484
1.5685e-06,-11.737
1.5686e-06,-11.752
1.5687e-06,-11.51
1.5688e-06,-11.533
1.5689e-06,-11.559
1.569e-06,-11.345
1.5691e-06,-11.758
1.5692e-06,-11.245
1.5693e-06,-11.225
1.5694e-06,-11.339
1.5695e-06,-11.579
1.5696e-06,-11.328
1.5697e-06,-11.322
1.5698e-06,-11.108
1.5699e-06,-11.212
1.57e-06,-11.373
1.5701e-06,-11.353
1.5702e-06,-11.112
1.5703e-06,-11.35
1.5704e-06,-11.09
1.5705e-06,-11.395
1.5706e-06,-11.121
1.5707e-06,-10.98
1.5708e-06,-11.186
1.5709e-06,-10.959
1.571e-06,-11.012
1.5711e-06,-11.177
1.5712e-06,-10.909
1.5713e-06,-11.007
1.5714e-06,-11.043
1.5715e-06,-10.957
1.5716e-06,-11.136
1.5717e-06,-11.079
1.5718e-06,-10.978
1.5719e-06,-10.957
1.572e-06,-10.708
1.5721e-06,-10.924
1.5722e-06,-10.822
1.5723e-06,-10.519
1.5724e-06,-10.679
1.5725e-06,-10.722
1.5726e-06,-10.684
1.5727e-06,-10.685
1.5728e-06,-10.886
1.5729e-06,-10.703
1.573e-06,-10.635
1.5731e-06,-10.717
1.5732e-06,-10.525
1.5733e-06,-10.652
1.5734e-06,-10.642
1.5735e-06,-10.517
1.5736e-06,-10.416
1.5737e-06,-10.345
1.5738e-06,-10.428
1.5739e-06,-10.593
1.574e-06,-10.365
1.5741e-06,-10.652
1.5742e-06,-10.639
1.5743e-06,-10.395
1.5744e-06,-10.33
1.5745e-06,-10.383
1.5746e-06,-10.142
1.5747e-06,-10.264
1.5748e-06,-10.333
1.5749e-06,-10.202
1.575e-06,-10.116
1.5751e-06,-10.113
1.5752e-06,-10.162
1.5753e-06,-10.063
1.5754e-06,-10.204
1.5755e-06,-10.098
1.5756e-06,-9.9114
1.5757e-06,-10.162
1.5758e-06,-10.134
1.5759e-06,-9.7787
1.576e-06,-9.8902
1.5761e-06,-10.123
1.5762e-06,-9.8805
1.5763e-06,-10.061
1.5764e-06,-9.8493
1.5765e-06,-9.9235
1.5766e-06,-9.9333
1.5767e-06,-10.025
1.5768e-06,-9.9239
1.5769e-06,-9.8679
1.577e-06,-9.9282
1.5771e-06,-9.7922
1.5772e-06,-9.9323
1.5773e-06,-9.7206
1.5774e-06,-9.7175
1.5775e-06,-9.547
1.5776e-06,-9.7005
1.5777e-06,-9.6634
1.5778e-06,-9.5216
1.5779e-06,-9.3138
1.578e-06,-9.4941
1.5781e-06,-9.5807
1.5782e-06,-9.5772
1.5783e-06,-9.4017
1.5784e-06,-9.6741
1.5785e-06,-9.4187
1.5786e-06,-9.4432
1.5787e-06,-9.3801
1.5788e-06,-9.4546
1.5789e-06,-9.4291
1.579e-06,-9.4979
1.5791e-06,-9.0446
1.5792e-06,-9.3802
1.5793e-06,-9.408
1.5794e-06,-9.2901
1.5795e-06,-9.2021
1.5796e-06,-9.2197
1.5797e-06,-9.3615
1.5798e-06,-9.4286
1.5799e-06,-9.1495
1.58e-06,-9.2143
1.5801e-06,-9.1143
1.5802e-06,-9.0929
1.5803e-06,-8.9993
1.5804e-06,-9.0215
1.5805e-06,-8.985
1.5806e-06,-9.1141
1.5807e-06,-9.1379
1.5808e-06,-9.2122
1.5809e-06,-8.9699
1.581e-06,-9.0601
1.5811e-06,-8.8432
1.5812e-06,-9.1182
1.5813e-06,-8.8621
1.5814e-06,-9.061
1.5815e-06,-8.9429
1.5816e-06,-8.6345
1.5817e-06,-8.7521
1.5818e-06,-8.7551
1.5819e-06,-8.8026
1.582e-06,-8.8809
1.5821e-06,-8.8072
1.5822e-06,-8.7936
1.5823e-06,-8.8336
1.5824e-06,-8.6485
1.5825e-06,-8.7028
1.5826e-06,-8.8156
1.5827e-06,-8.7612
1.5828e-06,-8.4565
1.5829e-06,-8.6346
1.583e-06,-8.6432
1.5831e-06,-8.4179
1.5832e-06,-8.5301
1.5833e-06,-8.5626
1.5834e-06,-8.6212
1.5835e-06,-8.4983
1.5836e-06,-8.5029
1.5837e-06,-8.4949
1.5838e-06,-8.4469
1.5839e-06,-8.2956
1.584e-06,-8.5117
1.5841e-06,-8.5563
1.5842e-06,-8.279
1.5843e-06,-8.5018
1.5844e-06,-8.5197
1.5845e-06,-8.3175
1.5846e-06,-8.5002
1.5847e-06,-8.3301
1.5848e-06,-8.2216
1.5849e-06,-8.2453
1.585e-06,-8.1704
1.5851e-06,-8.1669
1.5852e-06,-8.2741
1.5853e-06,-8.3477
1.5854e-06,-8.1667
1.5855e-06,-8.0639
1.5856e-06,-8.1262
1.5857e-06,-8.2148
1.5858e-06,-8.1402
1.5859e-06,-8.2203
1.586e-06,-7.9044
1.5861e-06,-7.9283
1.5862e-06,-8.1423
1.5863e-06,-8.165
1.5864e-06,-7.9458
1.5865e-06,-8.1017
1.5866e-06,-7.9302
1.5867e-06,-7.9497
1.5868e-06,-7.9652
1.5869e-06,-8.0036
1.587e-06,-7.8693
1.5871e-06,-8.1397
1.5872e-06,-7.7828
1.5873e-06,-7.7838
1.5874e-06,-7.8073
1.5875e-06,-7.8925
1.5876e-06,-7.7974
1.5877e-06,-7.7451
1.5878e-06,-7.8563
1.5879e-06,-7.731
1.588e-06,-7.6356
1.5881e-06,-7.8156
1.5882e-06,-7.7445
1.5883e-06,-7.6128
1.5884e-06,-7.676
1.5885e-06,-7.7411
1.5886e-06,-7.7019
1.5887e-06,-7.5437
1.5888e-06,-7.6126
1.5889e-06,-7.4741
1.589e-06,-7.5556
1.5891e-06,-7.5808
1.5892e-06,-7.592
1.5893e-06,-7.3057
1.5894e-06,-7.4838
1.5895e-06,-7.3154
1.5896e-06,-7.5026
1.5897e-06,-7.4223
1.5898e-06,-7.1253
1.5899e-06,-7.3529
1.59e-06,-7.2573
1.5901e-06,-7.2844
1.5902e-06,-7.2229
1.5903e-06,-7.2537
1.5904e-06,-7.2583
1.5905e-06,-7.1006
1.5906e-06,-7.3186
1.5907e-06,-7.0963
1.5908e-06,-7.4291
1.5909e-06,-7.1493
1.591e-06,-7.3395
1.5911e-06,-7.1729
1.5912e-06,-7.3396
1.5913e-06,-7.0345
1.5914e-06,-7.2732
1.5915e-06,-7.1591
1.5916e-06,-7.2665
1.5917e-06,-7.2415
1.5918e-06,-6.9905
1.5919e-06,-7.1883
1.592e-06,-6.8861
1.5921e-06,-7.1435
1.5922e-06,-7.0943
1.5923e-06,-7.0207
1.5924e-06,-6.8773
1.5925e-06,-7.037
1.5926e-06,-7.0162
1.5927e-06,-6.9237
1.5928e-06,-6.7479
1.5929e-06,-7.0447
1.593e-06,-7.1385
1.5931e-06,-6.8076
1.5932e-06,-7.0276
1.5933e-06,-6.8718
1.5934e-06,-6.8942
1.5935e-06,-6.9159
1.5936e-06,-6.8922
1.5937e-06,-6.7878
1.5938e-06,-6.8265
1.5939e-06,-6.9951
1.594e-06,-6.6471
1.5941e-06,-6.5808
1.5942e-06,-6.6787
1.5943e-06,-6.7034
1.5944e-06,-6.8176
1.5945e-06,-6.7084
1.5946e-06,-6.6763
1.5947e-06,-6.5934
1.5948e-06,-6.6603
1.5949e-06,-6.4649
1.595e-06,-6.849
1.5951e-06,-6.7279
1.5952e-06,-6.4862
1.5953e-06,-6.5323
1.5954e-06,-6.4506
1.5955e-06,-6.4201
1.5956e-06,-6.7008
1.5957e-06,-6.3363
1.5958e-06,-6.5364
1.5959e-06,-6.2583
1.596e-06,-6.371
1.5961e-06,-6.4275
1.5962e-06,-6.3871
1.5963e-06,-6.3758
1.5964e-06,-6.6056
1.5965e-06,-6.3473
1.5966e-06,-6.3137
1.5967e-06,-6.3554
1.5968e-06,-6.2328
1.5969e-06,-6.3504
1.597e-06,-6.0567
1.5971e-06,-6.3463
1.5972e-06,-6.2451
1.5973e-06,-6.3155
1.5974e-06,-6.0132
1.5975e-06,-6.1375
1.5976e-06,-6.2939
1.5977e-06,-6.1376
1.5978e-06,-6.2234
1.5979e-06,-6.1571
1.598e-06,-6.1624
1.5981e-06,-6.1004
1.5982e-06,-6.2755
1.5983e-06,-6.0108
1.5984e-06,-6.137
1.5985e-06,-6.0142
1.5986e-06,-6.3097
1.5987e-06,-6.1049
1.5988e-06,-6.1874
1.5989e-06,-6.1163
1.599e-06,-5.9101
1.5991e-06,-5.8595
1.5992e-06,-5.924
1.5993e-06,-5.9814
1.5994e-06,-5.9077
1.5995e-06,-5.9767
1.5996e-06,-6.0771
1.5997e-06,-5.7732
1.5998e-06,-5.8729
1.5999e-06,-5.9073
1.6e-06,-6.0606
1.6001e-06,-5.8606
1.6002e-06,-6.1775
1.6003e-06,-6.1983
1.6004e-06,-5.8729
1.6005e-06,-5.7831
1.6006e-06,-5.903
1.6007e-06,-5.9233
1.6008e-06,-5.9419
1.6009e-06,-5.893
1.601e-06,-5.8212
1.6011e-06,-5.8412
1.6012e-06,-5.7306
1.6013e-06,-5.6405
1.6014e-06,-5.7361
1.6015e-06,-5.6351
1.6016e-06,-5.4951
1.6017e-06,-5.6951
1.6018e-06,-5.5628
1.6019e-06,-5.5906
1.602e-06,-5.5733
1.6021e-06,-5.4637
1.6022e-06,-5.7575
1.6023e-06,-5.3685
1.6024e-06,-5.5738
1.6025e-06,-5.4836
1.6026e-06,-5.5288
1.6027e-06,-5.5956
1.6028e-06,-5.5843
1.6029e-06,-5.5066
1.603e-06,-5.5999
1.6031e-06,-5.6484
1.6032e-06,-5.4639
1.6033e-06,-5.5563
1.6034e-06,-5.4913
1.6035e-06,-5.5169
1.6036e-06,-5.4997
1.6037e-06,-5.1823
1.6038e-06,-5.467
1.6039e-06,-5.4684
1.604e-06,-5.5244
1.6041e-06,-5.2374
1.6042e-06,-5.3092
1.6043e-06,-5.4554
1.6044e-06,-5.398
1.6045e-06,-5.4254
1.6046e-06,-5.223
1.6047e-06,-5.3164
1.6048e-06,-5.2469
1.6049e-06,-5.2259
1.605e-06,-5.0969
1.6051e-06,-5.0316
1.6052e-06,-5.0602
1.6053e-06,-5.29
1.6054e-06,-5.1992
1.6055e-06,-5.0586
1.6056e-06,-5.1032
1.6057e-06,-5.0623
1.6058e-06,-5.2019
1.6059e-06,-5.2409
1.606e-06,-5.1349
1.6061e-06,-5.2519
1.6062e-06,-5.0357
1.6063e-06,-5.1551
1.6064e-06,-5.0555
1.6065e-06,-5.1989
1.6066e-06,-4.8447
1.6067e-06,-4.7943
1.6068e-06,-4.9294
1.6069e-06,-4.7925
1.607e-06,-4.972
1.6071e-06,-4.9631
1.6072e-06,-4.7974
1.6073e-06,-5.0115
1.6074e-06,-4.9588
1.6075e-06,-4.9383
1.6076e-06,-5.072
1.6077e-06,-4.9415
1.6078e-06,-4.7448
1.6079e-06,-4.8802
1.608e-06,-4.9402
1.6081e-06,-4.7044
1.6082e-06,-5.0369
1.6083e-06,-4.8087
1.6084e-06,-4.8953
1.6085e-06,-4.8221
1.6086e-06,-5.0219
1.6087e-06,-4.7144
1.6088e-06,-4.8827
1.6089e-06,-4.9129
1.609e-06,-4.8523
1.6091e-06,-4.7082
1.6092e-06,-4.7446
1.6093e-06,-4.7683
1.6094e-06,-4.7779
1.6095e-06,-4.8049
1.6096e-06,-4.8022
1.6097e-06,-4.5048
1.6098e-06,-4.7571
1.6099e-06,-4.7371
1.61e-06,-4.6871
1.6101e-06,-4.6957
1.6102e-06,-4.6997
1.6103e-06,-4.4706
1.6104e-06,-4.7585
1.6105e-06,-4.4717
1.6106e-06,-4.6651
1.6107e-06,-4.5097
1.6108e-06,-4.4458
1.6109e-06,-4.4394
1.611e-06,-4.7882
1.6111e-06,-4.7478
1.6112e-06,-4.4445
1.6113e-06,-4.5195
1.6114e-06,-4.651
1.6115e-06,-4.559
1.6116e-06,-4.5326
1.6117e-06,-4.5486
1.6118e-06,-4.5877
1.6119e-06,-4.3733
1.612e-06,-4.3637
1.6121e-06,-4.223
1.6122e-06,-4.3425
1.6123e-06,-4.4298
1.6124e-06,-4.17
1.6125e-06,-4.133
1.6126e-06,-4.3335
1.6127e-06,-4.2537
1.6128e-06,-4.4515
1.6129e-06,-4.5533
1.613e-06,-4.3445
1.6131e-06,-4.1345
1.6132e-06,-4.2401
1.6133e-06,-4.2316
1.6134e-06,-4.3748
1.6135e-06,-4.1762
1.6136e-06,-4.1231
1.6137e-06,-4.1913
1.6138e-06,-4.3057
1.6139e-06,-4.234
1.614e-06,-4.3118
1.6141e-06,-4.1586
1.6142e-06,-4.3129
1.6143e-06,-4.2746
1.6144e-06,-4.2463
1.6145e-06,-4.1605
1.6146e-06,-4.0367
1.6147e-06,-4.2063
1.6148e-06,-3.7408
1.6149e-06,-4.2647
1.615e-06,-4.1606
1.6151e-06,-4.0184
1.6152e-06,-3.8653
1.6153e-06,-4.2195
1.6154e-06,-4
1.6155e-06,-4.0579
1.6156e-06,-3.7306
1.6157e-06,-4.1147
1.6158e-06,-3.9456
1.6159e-06,-4.0614
1.616e-06,-4.0495
1.6161e-06,-4.1299
1.6162e-06,-3.966
1.6163e-06,-3.8219
1.6164e-06,-3.8906
1.6165e-06,-4.0075
1.6166e-06,-3.7605
1.6167e-06,-3.8398
1.6168e-06,-3.9448
1.6169e-06,-4.0303
1.617e-06,-3.6672
1.6171e-06,-4.1164
1.6172e-06,-3.8909
1.6173e-06,-3.9357
1.6174e-06,-3.7982
1.6175e-06,-3.9276
1.6176e-06,-3.7092
1.6177e-06,-3.9134
1.6178e-06,-4.0939
1.6179e-06,-3.8714
1.618e-06,-3.6374
1.6181e-06,-3.5029
1.6182e-06,-3.7449
1.6183e-06,-3.6799
1.6184e-06,-3.8092
1.6185e-06,-3.5661
1.6186e-06,-3.6183
1.6187e-06,-3.7991
1.6188e-06,-3.4293
1.6189e-06,-3.6268
1.619e-06,-3.4017
1.6191e-06,-3.6981
1.6192e-06,-3.5379
1.6193e-06,-3.5649
1.6194e-06,-3.3914
1.6195e-06,-3.8584
1.6196e-06,-3.679
1.6197e-06,-3.7432
1.6198e-06,-3.6809
1.6199e-06,-3.6003
1.62e-06,-3.6146
1.6201e-06,-3.6128
1.6202e-06,-3.4474
1.6203e-06,-3.4938
1.6204e-06,-3.2531
1.6205e-06,-3.6618
1.6206e-06,-3.5691
1.6207e-06,-3.7351
1.6208e-06,-3.4071
1.6209e-06,-3.2674
1.621e-06,-3.5346
1.6211e-06,-3.4601
1.6212e-06,-3.2948
1.6213e-06,-3.3184
1.6214e-06,-3.2316
1.6215e-06,-3.3073
1.6216e-06,-3.4782
1.6217e-06,-3.5298
1.6218e-06,-3.305
1.6219e-06,-3.3977
1.622e-06,-3.2839
1.6221e-06,-3.2676
1.6222e-06,-3.3941
1.6223e-06,-3.5204
1.6224e-06,-3.3375
1.6225e-06,-3.2083
1.6226e-06,-3.37
1.6227e-06,-3.0841
1.6228e-06,-3.3685
1.6229e-06,-3.3785
1.623e-06,-3.285
1.6231e-06,-3.1523
1.6232e-06,-3.302
1.6233e-06,-3.2943
1.6234e-06,-3.0928
1.6235e-06,-3.1221
1.6236e-06,-3.0536
1.6237e-06,-3.2297
1.6238e-06,-3.2476
1.6239e-06,-2.9914
1.624e-06,-3.5197
1.6241e-06,-3.1615
1.6242e-06,-3.3548
1.6243e-06,-3.1162
1.6244e-06,-2.8297
1.6245e-06,-3.2123
1.6246e-06,-3.2801
1.6247e-06,-3.1202
1.6248e-06,-3.1495
1.6249e-06,-3.2495
1.625e-06,-3.3089
1.6251e-06,-3.1239
1.6252e-06,-3.1425
1.6253e-06,-2.9636
1.6254e-06,-3.0319
1.6255e-06,-3.2098
1.6256e-06,-2.9341
1.6257e-06,-2.8999
1.6258e-06,-2.9421
1.6259e-06,-3.1035
1.626e-06,-2.823
1.6261e-06,-3.0221
1.6262e-06,-2.8415
1.6263e-06,-3.0375
1.6264e-06,-2.7323
1.6265e-06,-2.9957
1.6266e-06,-2.9203
1.6267e-06,-2.7302
1.6268e-06,-2.6348
1.6269e-06,-2.908
1.627e-06,-2.734
1.6271e-06,-2.7408
1.6272e-06,-2.9515
1.6273e-06,-2.8118
1.6274e-06,-2.7143
1.6275e-06,-3.0626
1.6276e-06,-2.9395
1.6277e-06,-3.0052
1.6278e-06,-2.8822
1.6279e-06,-2.7772
1.628e-06,-2.6669
1.6281e-06,-2.8557
1.6282e-06,-2.6224
1.6283e-06,-2.8112
1.6284e-06,-2.6913
1.6285e-06,-2.9727
1.6286e-06,-2.8926
1.6287e-06,-2.7172
1.6288e-06,-2.9347
1.6289e-06,-2.6034
1.629e-06,-3.0029
1.6291e-06,-2.9222
1.6292e-06,-2.6763
1.6293e-06,-2.7142
1.6294e-06,-2.5905
1.6295e-06,-2.5083
1.6296e-06,-2.8144
1.6297e-06,-2.8761
1.6298e-06,-2.693
1.6299e-06,-2.7499
1.63e-06,-2.7644
1.6301e-06,-2.6223
1.6302e-06,-2.7319
1.6303e-06,-2.6406
1.6304e-06,-2.6592
1.6305e-06,-2.5617
1.6306e-06,-2.6971
1.6307e-06,-2.4885
1.6308e-06,-2.5294
1.6309e-06,-2.6572
1.631e-06,-2.5756
1.6311e-06,-2.3076
1.6312e-06,-2.856
1.6313e-06,-2.3786
1.6314e-06,-2.5787
1.6315e-06,-2.4849
1.6316e-06,-2.5769
1.6317e-06,-2.5253
1.6318e-06,-2.5945
1.6319e-06,-2.4553
1.632e-06,-2.5174
1.6321e-06,-2.3338
1.6322e-06,-2.3329
1.6323e-06,-2.3498
1.6324e-06,-2.4813
1.6325e-06,-2.4901
1.6326e-06,-2.5166
1.6327e-06,-2.3283
1.6328e-06,-2.3747
1.6329e-06,-2.4322
1.633e-06,-2.3444
1.6331e-06,-2.4557
1.6332e-06,-2.6506
1.6333e-06,-2.3005
1.6334e-06,-2.3805
1.6335e-06,-2.1055
1.6336e-06,-2.2156
1.6337e-06,-2.3098
1.6338e-06,-2.2219
1.6339e-06,-2.2892
1.634e-06,-2.3527
1.6341e-06,-2.322
1.6342e-06,-2.3824
1.6343e-06,-2.3531
1.6344e-06,-2.4172
1.6345e-06,-2.2198
1.6346e-06,-2.2923
1.6347e-06,-2.2012
1.6348e-06,-2.1528
1.6349e-06,-2.3183
1.635e-06,-2.1705
1.6351e-06,-2.2561
1.6352e-06,-2.1907
1.6353e-06,-1.9483
1.6354e-06,-2.2631
1.6355e-06,-2.1977
1.6356e-06,-2.0963
1.6357e-06,-2.325
1.6358e-06,-2.2522
1.6359e-06,-2.0818
1.636e-06,-2.1172
1.6361e-06,-2.4487
1.6362e-06,-2.186
1.6363e-06,-2.3571
1.6364e-06,-2.0338
1.6365e-06,-2.1229
1.6366e-06,-2.1799
1.6367e-06,-2.1558
1.6368e-06,-2.0879
1.6369e-06,-1.9096
1.637e-06,-2.2316
1.6371e-06,-2.3627
1.6372e-06,-2.0435
1.6373e-06,-2.0448
1.6374e-06,-1.991
1.6375e-06,-2.278
1.6376e-06,-2.0809
1.6377e-06,-1.9319
1.6378e-06,-1.9662
1.6379e-06,-1.8508
1.638e-06,-2.0106
1.6381e-06,-1.9265
1.6382e-06,-2.1852
1.6383e-06,-1.7123
1.6384e-06,-1.8594
1.6385e-06,-1.8466
1.6386e-06,-1.6867
1.6387e-06,-1.7938
1.6388e-06,-1.9445
1.6389e-06,-1.9125
1.639e-06,-1.8363
1.6391e-06,-1.8822
1.6392e-06,-1.9678
1.6393e-06,-1.8038
1.6394e-06,-1.9054
1.6395e-06,-1.7794
1.6396e-06,-1.8344
1.6397e-06,-1.938
1.6398e-06,-1.9275
1.6399e-06,-1.8384
1.64e-06,-1.947
1.6401e-06,-1.7213
1.6402e-06,-1.6631
1.6403e-06,-1.3664
1.6404e-06,-1.6827
1.6405e-06,-1.6684
1.6406e-06,-2.0408
1.6407e-06,-1.7917
1.6408e-06,-1.8104
1.6409e-06,-1.8751
1.641e-06,-1.5827
1.6411e-06,-1.8884
1.6412e-06,-1.6755
1.6413e-06,-1.7293
1.6414e-06,-1.7156
1.6415e-06,-1.7141
1.6416e-06,-1.7926
1.6417e-06,-1.6912
1.6418e-06,-1.5849
1.6419e-06,-1.5333
1.642e-06,-1.6668
1.6421e-06,-1.8968
1.6422e-06,-1.6148
1.6423e-06,-1.6921
1.6424e-06,-1.5676
1.6425e-06,-1.455
1.6426e-06,-1.6716
1.6427e-06,-1.6487
1.6428e-06,-1.6584
1.6429e-06,-1.6081
1.643e-06,-1.418
1.6431e-06,-1.7077
1.6432e-06,-1.6275
1.6433e-06,-1.4535
1.6434e-06,-1.7132
1.6435e-06,-1.6724
1.6436e-06,-1.5268
1.6437e-06,-1.3467
1.6438e-06,-1.6431
1.6439e-06,-1.4658
1.644e-06,-1.5279
1.6441e-06,-1.7749
1.6442e-06,-1.5223
1.6443e-06,-1.4509
1.6444e-06,-1.733
1.6445e-06,-1.4947
1.6446e-06,-1.4642
1.6447e-06,-1.4142
1.6448e-06,-1.6046
1.6449e-06,-1.5521
1.645e-06,-1.395
1.6451e-06,-1.4694
1.6452e-06,-1.751
1.6453e-06,-1.4057
1.6454e-06,-1.3085
1.6455e-06,-1.45
1.6456e-06,-1.3003
1.6457e-06,-1.5033
1.6458e-06,-1.319
1.6459e-06,-1.6308
1.646e-06,-1.4446
1.6461e-06,-1.4413
1.6462e-06,-1.5441
1.6463e-06,-1.4551
1.6464e-06,-1.4697
1.6465e-06,-1.4304
1.6466e-06,-1.3266
1.6467e-06,-1.3539
1.6468e-06,-1.5139
1.6469e-06,-1.3487
1.647e-06,-1.0756
1.6471e-06,-1.4876
1.6472e-06,-1.2563
1.6473e-06,-1.1793
1.6474e-06,-1.4058
1.6475e-06,-1.1926
1.6476e-06,-1.147
1.6477e-06,-1.3702
1.6478e-06,-1.0633
1.6479e-06,-1.2009
1.648e-06,-1.4156
1.6481e-06,-1.2835
1.6482e-06,-1.4277
1.6483e-06,-1.4252
1.6484e-06,-1.0472
1.6485e-06,-1.2417
1.6486e-06,-1.0814
1.6487e-06,-1.2822
1.6488e-06,-1.452
1.6489e-06,-1.1743
1.649e-06,-1.1846
1.6491e-06,-1.0452
1.6492e-06,-1.2181
1.6493e-06,-1.1008
1.6494e-06,-0.94774
1.6495e-06,-0.9581
1.6496e-06,-1.0996
1.6497e-06,-1.1737
1.6498e-06,-1.2078
1.6499e-06,-1.109
1.65e-06,-0.9667
