1.35e-06,8.8064
1.3501e-06,8.9714
1.3502e-06,8.9747
1.3503e-06,8.8461
1.3504e-06,8.8265
1.3505e-06,8.7838
1.3506e-06,8.8814
1.3507e-06,8.8718
1.3508e-06,9.0086
1.3509e-06,8.8919
1.351e-06,8.932
1.3511e-06,8.8476
1.3512e-06,8.8538
1.3513e-06,8.9058
1.3514e-06,8.9161
1.3515e-06,8.7474
1.3516e-06,8.7627
1.3517e-06,8.7155
1.3518e-06,8.7889
1.3519e-06,8.7521
1.352e-06,8.7667
1.3521e-06,8.8294
1.3522e-06,8.8248
1.3523e-06,8.7877
1.3524e-06,8.6834
1.3525e-06,8.7681
1.3526e-06,8.6942
1.3527e-06,8.6717
1.3528e-06,8.6851
1.3529e-06,8.74
1.353e-06,8.8133
1.3531e-06,8.7334
1.3532e-06,8.6729
1.3533e-06,8.683
1.3534e-06,8.6042
1.3535e-06,8.7083
1.3536e-06,8.8165
1.3537e-06,8.6612
1.3538e-06,8.6938
1.3539e-06,8.6901
1.354e-06,8.7077
1.3541e-06,8.671
1.3542e-06,8.5015
1.3543e-06,8.5808
1.3544e-06,8.5885
1.3545e-06,8.5565
1.3546e-06,8.5031
1.3547e-06,8.5722
1.3548e-06,8.6728
1.3549e-06,8.6022
1.355e-06,8.5451
1.3551e-06,8.5895
1.3552e-06,8.58
1.3553e-06,8.5238
1.3554e-06,8.464
1.3555e-06,8.5267
1.3556e-06,8.5386
1.3557e-06,8.5617
1.3558e-06,8.5532
1.3559e-06,8.4862
1.356e-06,8.4707
1.3561e-06,8.5363
1.3562e-06,8.556
1.3563e-06,8.5304
1.3564e-06,8.4925
1.3565e-06,8.7231
1.3566e-06,8.5841
1.3567e-06,8.5789
1.3568e-06,8.5299
1.3569e-06,8.4754
1.357e-06,8.5986
1.3571e-06,8.5321
1.3572e-06,8.3992
1.3573e-06,8.5267
1.3574e-06,8.5532
1.3575e-06,8.4806
1.3576e-06,8.4657
1.3577e-06,8.5178
1.3578e-06,8.4485
1.3579e-06,8.5649
1.358e-06,8.56
1.3581e-06,8.4198
1.3582e-06,8.5236
1.3583e-06,8.5984
1.3584e-06,8.3893
1.3585e-06,8.468
1.3586e-06,8.3935
1.3587e-06,8.4047
1.3588e-06,8.476
1.3589e-06,8.4643
1.359e-06,8.3481
1.3591e-06,8.4252
1.3592e-06,8.4322
1.3593e-06,8.4302
1.3594e-06,8.4199
1.3595e-06,8.2291
1.3596e-06,8.2567
1.3597e-06,8.3043
1.3598e-06,8.3078
1.3599e-06,8.3629
1.36e-06,8.4245
1.3601e-06,8.2642
1.3602e-06,8.2283
1.3603e-06,8.3121
1.3604e-06,8.3479
1.3605e-06,8.3704
1.3606e-06,8.3169
1.3607e-06,8.2873
1.3608e-06,8.319
1.3609e-06,8.2787
1.361e-06,8.2761
1.3611e-06,8.2642
1.3612e-06,8.3446
1.3613e-06,8.2659
1.3614e-06,8.3104
1.3615e-06,8.3231
1.3616e-06,8.2345
1.3617e-06,8.2758
1.3618e-06,8.2667
1.3619e-06,8.2879
1.362e-06,8.2321
1.3621e-06,8.4217
1.3622e-06,8.1905
1.3623e-06,8.0817
1.3624e-06,8.2484
1.3625e-06,8.1659
1.3626e-06,8.1259
1.3627e-06,8.3009
1.3628e-06,8.3251
1.3629e-06,8.1479
1.363e-06,8.33
1.3631e-06,8.1935
1.3632e-06,8.2129
1.3633e-06,8.298
1.3634e-06,8.1189
1.3635e-06,8.3859
1.3636e-06,8.3609
1.3637e-06,8.1989
1.3638e-06,8.1951
1.3639e-06,8.1429
1.364e-06,8.0881
1.3641e-06,8.122
1.3642e-06,8.3648
1.3643e-06,8.2746
1.3644e-06,8.128
1.3645e-06,8.1922
1.3646e-06,8.041
1.3647e-06,8.0782
1.3648e-06,8.191
1.3649e-06,8.0836
1.365e-06,8.1446
1.3651e-06,8.1842
1.3652e-06,8.1739
1.3653e-06,8.1134
1.3654e-06,8.048
1.3655e-06,8.3529
1.3656e-06,8.066
1.3657e-06,8.1181
1.3658e-06,7.9807
1.3659e-06,8.0657
1.366e-06,8.1649
1.3661e-06,8.0846
1.3662e-06,8.1121
1.3663e-06,8.0968
1.3664e-06,8.1916
1.3665e-06,8.1379
1.3666e-06,8.0803
1.3667e-06,7.9452
1.3668e-06,7.9632
1.3669e-06,8.013
1.367e-06,8.0238
1.3671e-06,8.0091
1.3672e-06,8.0627
1.3673e-06,7.9385
1.3674e-06,8.0594
1.3675e-06,8.0095
1.3676e-06,8.1065
1.3677e-06,8.0593
1.3678e-06,8.0429
1.3679e-06,8.0595
1.368e-06,7.9939
1.3681e-06,8.0044
1.3682e-06,8.0083
1.3683e-06,8.0474
1.3684e-06,7.9839
1.3685e-06,8.0647
1.3686e-06,7.8979
1.3687e-06,7.8165
1.3688e-06,7.9177
1.3689e-06,7.9955
1.369e-06,7.9033
1.3691e-06,7.9575
1.3692e-06,7.9278
1.3693e-06,8.0218
1.3694e-06,7.8796
1.3695e-06,7.9948
1.3696e-06,7.8618
1.3697e-06,7.7983
1.3698e-06,7.9195
1.3699e-06,7.8393
1.37e-06,7.9444
1.3701e-06,7.855
1.3702e-06,8.0403
1.3703e-06,7.9091
1.3704e-06,7.8537
1.3705e-06,7.8945
1.3706e-06,7.9928
1.3707e-06,7.9418
1.3708e-06,7.6947
1.3709e-06,7.8545
1.371e-06,7.8101
1.3711e-06,7.9168
1.3712e-06,7.7667
1.3713e-06,7.8753
1.3714e-06,7.7393
1.3715e-06,7.8478
1.3716e-06,7.7866
1.3717e-06,7.8298
1.3718e-06,7.8247
1.3719e-06,7.8456
1.372e-06,7.7306
1.3721e-06,7.8186
1.3722e-06,7.675
1.3723e-06,7.8376
1.3724e-06,7.6617
1.3725e-06,7.7738
1.3726e-06,7.7479
1.3727e-06,7.7632
1.3728e-06,7.773
1.3729e-06,7.5979
1.373e-06,7.6322
1.3731e-06,7.7138
1.3732e-06,7.7525
1.3733e-06,7.6933
1.3734e-06,7.8242
1.3735e-06,7.7464
1.3736e-06,7.6783
1.3737e-06,7.7343
1.3738e-06,7.7
1.3739e-06,7.755
1.374e-06,7.7483
1.3741e-06,7.6267
1.3742e-06,7.754
1.3743e-06,7.5892
1.3744e-06,7.7468
1.3745e-06,7.5594
1.3746e-06,7.6529
1.3747e-06,7.728
1.3748e-06,7.6447
1.3749e-06,7.6994
1.375e-06,7.6646
1.3751e-06,7.6068
1.3752e-06,7.6244
1.3753e-06,7.6923
1.3754e-06,7.5886
1.3755e-06,7.7091
1.3756e-06,7.5937
1.3757e-06,7.6506
1.3758e-06,7.6974
1.3759e-06,7.4507
1.376e-06,7.5167
1.3761e-06,7.5375
1.3762e-06,7.7221
1.3763e-06,7.6675
1.3764e-06,7.4883
1.3765e-06,7.5689
1.3766e-06,7.5577
1.3767e-06,7.5298
1.3768e-06,7.4878
1.3769e-06,7.575
1.377e-06,7.4758
1.3771e-06,7.4642
1.3772e-06,7.5068
1.3773e-06,7.4401
1.3774e-06,7.5215
1.3775e-06,7.464
1.3776e-06,7.3188
1.3777e-06,7.4826
1.3778e-06,7.3866
1.3779e-06,7.5917
1.378e-06,7.5457
1.3781e-06,7.3202
1.3782e-06,7.4891
1.3783e-06,7.4798
1.3784e-06,7.2936
1.3785e-06,7.5324
1.3786e-06,7.381
1.3787e-06,7.369
1.3788e-06,7.4365
1.3789e-06,7.4507
1.379e-06,7.4027
1.3791e-06,7.3349
1.3792e-06,7.5519
1.3793e-06,7.479
1.3794e-06,7.3667
1.3795e-06,7.3958
1.3796e-06,7.4977
1.3797e-06,7.4574
1.3798e-06,7.3846
1.3799e-06,7.3853
1.38e-06,7.3773
1.3801e-06,7.5086
1.3802e-06,7.2908
1.3803e-06,7.3411
1.3804e-06,7.4306
1.3805e-06,7.2839
1.3806e-06,7.4077
1.3807e-06,7.221
1.3808e-06,7.3266
1.3809e-06,7.227
1.381e-06,7.3422
1.3811e-06,7.2816
1.3812e-06,7.4026
1.3813e-06,7.3866
1.3814e-06,7.297
1.3815e-06,7.3167
1.3816e-06,7.1841
1.3817e-06,7.265
1.3818e-06,7.2654
1.3819e-06,7.2662
1.382e-06,7.129
1.3821e-06,7.2262
1.3822e-06,7.1353
1.3823e-06,7.171
1.3824e-06,7.1019
1.3825e-06,7.1968
1.3826e-06,7.2371
1.3827e-06,7.1312
1.3828e-06,7.1166
1.3829e-06,7.0712
1.383e-06,7.3076
1.3831e-06,7.1111
1.3832e-06,7.1618
1.3833e-06,7.1744
1.3834e-06,7.1639
1.3835e-06,7.2081
1.3836e-06,7.1396
1.3837e-06,7.1754
1.3838e-06,7.1656
1.3839e-06,7.1018
1.384e-06,7.2397
1.3841e-06,7.0284
1.3842e-06,7.1729
1.3843e-06,7.1928
1.3844e-06,7.1934
1.3845e-06,7.2493
1.3846e-06,7.3012
1.3847e-06,7.1742
1.3848e-06,7.069
1.3849e-06,7.1559
1.385e-06,7.0438
1.3851e-06,7.1835
1.3852e-06,7.1106
1.3853e-06,7.1348
1.3854e-06,7.1686
1.3855e-06,7.2057
1.3856e-06,7.2122
1.3857e-06,7.119
1.3858e-06,7.0046
1.3859e-06,7.1086
1.386e-06,7.1783
1.3861e-06,7.0604
1.3862e-06,7.0731
1.3863e-06,7.1115
1.3864e-06,6.9848
1.3865e-06,6.9944
1.3866e-06,6.9522
1.3867e-06,7.1896
1.3868e-06,6.983
1.3869e-06,7.0157
1.387e-06,7.1128
1.3871e-06,6.8111
1.3872e-06,6.9952
1.3873e-06,7.0404
1.3874e-06,7.0518
1.3875e-06,7.0582
1.3876e-06,7.0117
1.3877e-06,7.0104
1.3878e-06,6.7919
1.3879e-06,7.0812
1.388e-06,6.9925
1.3881e-06,6.9681
1.3882e-06,6.957
1.3883e-06,6.9398
1.3884e-06,6.9487
1.3885e-06,6.8988
1.3886e-06,6.9232
1.3887e-06,6.9428
1.3888e-06,7.0482
1.3889e-06,6.8573
1.389e-06,6.841
1.3891e-06,6.7842
1.3892e-06,7.162
1.3893e-06,7.0266
1.3894e-06,6.8272
1.3895e-06,6.876
1.3896e-06,6.864
1.3897e-06,6.8432
1.3898e-06,6.9367
1.3899e-06,6.8861
1.39e-06,6.8413
1.3901e-06,6.8647
1.3902e-06,6.9065
1.3903e-06,6.7881
1.3904e-06,6.8099
1.3905e-06,6.8659
1.3906e-06,6.8064
1.3907e-06,6.7837
1.3908e-06,6.955
1.3909e-06,6.7099
1.391e-06,6.7778
1.3911e-06,6.9045
1.3912e-06,6.7196
1.3913e-06,6.7934
1.3914e-06,6.6312
1.3915e-06,6.7276
1.3916e-06,6.9295
1.3917e-06,6.7344
1.3918e-06,6.7206
1.3919e-06,6.676
1.392e-06,6.7778
1.3921e-06,6.6874
1.3922e-06,6.7655
1.3923e-06,6.6809
1.3924e-06,6.6161
1.3925e-06,6.6842
1.3926e-06,6.632
1.3927e-06,6.6301
1.3928e-06,6.7863
1.3929e-06,6.7723
1.393e-06,6.6273
1.3931e-06,6.6465
1.3932e-06,6.6593
1.3933e-06,6.8815
1.3934e-06,6.7423
1.3935e-06,6.7404
1.3936e-06,6.633
1.3937e-06,6.5737
1.3938e-06,6.6494
1.3939e-06,6.6428
1.394e-06,6.6845
1.3941e-06,6.6473
1.3942e-06,6.5737
1.3943e-06,6.6603
1.3944e-06,6.5697
1.3945e-06,6.5542
1.3946e-06,6.5846
1.3947e-06,6.4974
1.3948e-06,6.6887
1.3949e-06,6.5007
1.395e-06,6.5857
1.3951e-06,6.6084
1.3952e-06,6.5643
1.3953e-06,6.5154
1.3954e-06,6.3926
1.3955e-06,6.3996
1.3956e-06,6.5033
1.3957e-06,6.5472
1.3958e-06,6.4808
1.3959e-06,6.5087
1.396e-06,6.3496
1.3961e-06,6.576
1.3962e-06,6.536
1.3963e-06,6.3905
1.3964e-06,6.4502
1.3965e-06,6.3035
1.3966e-06,6.3549
1.3967e-06,6.4789
1.3968e-06,6.4244
1.3969e-06,6.3845
1.397e-06,6.4195
1.3971e-06,6.3745
1.3972e-06,6.4192
1.3973e-06,6.3223
1.3974e-06,6.4054
1.3975e-06,6.409
1.3976e-06,6.4464
1.3977e-06,6.4207
1.3978e-06,6.5098
1.3979e-06,6.4295
1.398e-06,6.4602
1.3981e-06,6.4887
1.3982e-06,6.4009
1.3983e-06,6.349
1.3984e-06,6.4132
1.3985e-06,6.2712
1.3986e-06,6.27
1.3987e-06,6.2171
1.3988e-06,6.4056
1.3989e-06,6.3335
1.399e-06,6.2221
1.3991e-06,6.2355
1.3992e-06,6.2584
1.3993e-06,6.2798
1.3994e-06,6.2476
1.3995e-06,6.3605
1.3996e-06,6.2127
1.3997e-06,6.3833
1.3998e-06,6.2904
1.3999e-06,6.2241
1.4e-06,6.2158
1.4001e-06,6.1936
1.4002e-06,6.2714
1.4003e-06,6.1537
1.4004e-06,6.142
1.4005e-06,6.1874
1.4006e-06,6.1213
1.4007e-06,6.1912
1.4008e-06,6.273
1.4009e-06,6.215
1.401e-06,6.254
1.4011e-06,6.113
1.4012e-06,6.2274
1.4013e-06,6.2192
1.4014e-06,6.1786
1.4015e-06,6.1591
1.4016e-06,6.3548
1.4017e-06,6.0705
1.4018e-06,6.148
1.4019e-06,6.1227
1.402e-06,6.0722
1.4021e-06,6.0886
1.4022e-06,6.0855
1.4023e-06,6.1426
1.4024e-06,6.0846
1.4025e-06,6.2031
1.4026e-06,6.1126
1.4027e-06,6.0522
1.4028e-06,6.0413
1.4029e-06,6.1737
1.403e-06,6.1805
1.4031e-06,5.932
1.4032e-06,5.993
1.4033e-06,6.0329
1.4034e-06,6.1042
1.4035e-06,5.9558
1.4036e-06,5.924
1.4037e-06,6.0613
1.4038e-06,6.0709
1.4039e-06,6.0742
1.404e-06,5.9154
1.4041e-06,5.9825
1.4042e-06,6.0372
1.4043e-06,5.8889
1.4044e-06,6.0489
1.4045e-06,5.9797
1.4046e-06,5.8355
1.4047e-06,6.0289
1.4048e-06,6.0086
1.4049e-06,5.7238
1.405e-06,5.8422
1.4051e-06,5.8657
1.4052e-06,5.8152
1.4053e-06,5.8816
1.4054e-06,5.8952
1.4055e-06,5.9355
1.4056e-06,5.8987
1.4057e-06,5.8528
1.4058e-06,5.9449
1.4059e-06,5.8981
1.406e-06,5.8462
1.4061e-06,5.7577
1.4062e-06,5.8371
1.4063e-06,5.7883
1.4064e-06,5.7416
1.4065e-06,5.7842
1.4066e-06,5.9094
1.4067e-06,5.7545
1.4068e-06,5.9479
1.4069e-06,5.7462
1.407e-06,5.7915
1.4071e-06,5.9103
1.4072e-06,5.8379
1.4073e-06,5.7851
1.4074e-06,5.8605
1.4075e-06,5.5891
1.4076e-06,5.7905
1.4077e-06,5.7104
1.4078e-06,5.7376
1.4079e-06,5.7625
1.408e-06,5.7756
1.4081e-06,5.6674
1.4082e-06,5.6254
1.4083e-06,5.6546
1.4084e-06,5.5391
1.4085e-06,5.6939
1.4086e-06,5.8767
1.4087e-06,5.6016
1.4088e-06,5.6056
1.4089e-06,5.7691
1.409e-06,5.5827
1.4091e-06,5.5877
1.4092e-06,5.6592
1.4093e-06,5.652
1.4094e-06,5.5831
1.4095e-06,5.5954
1.4096e-06,5.71
1.4097e-06,5.6524
1.4098e-06,5.5298
1.4099e-06,5.5501
1.41e-06,5.4809
1.4101e-06,5.4697
1.4102e-06,5.7634
1.4103e-06,5.4549
1.4104e-06,5.6748
1.4105e-06,5.6716
1.4106e-06,5.5087
1.4107e-06,5.5197
1.4108e-06,5.4327
1.4109e-06,5.6534
1.411e-06,5.5947
1.4111e-06,5.3869
1.4112e-06,5.6069
1.4113e-06,5.5275
1.4114e-06,5.621
1.4115e-06,5.4197
1.4116e-06,5.4025
1.4117e-06,5.445
1.4118e-06,5.4393
1.4119e-06,5.4796
1.412e-06,5.3028
1.4121e-06,5.473
1.4122e-06,5.3797
1.4123e-06,5.3744
1.4124e-06,5.4929
1.4125e-06,5.3366
1.4126e-06,5.3166
1.4127e-06,5.2639
1.4128e-06,5.4296
1.4129e-06,5.3199
1.413e-06,5.2156
1.4131e-06,5.16
1.4132e-06,5.3998
1.4133e-06,5.3745
1.4134e-06,5.2794
1.4135e-06,5.2352
1.4136e-06,5.3254
1.4137e-06,5.2744
1.4138e-06,5.1841
1.4139e-06,5.209
1.414e-06,5.3307
1.4141e-06,5.3207
1.4142e-06,5.1804
1.4143e-06,5.2407
1.4144e-06,5.105
1.4145e-06,5.4161
1.4146e-06,5.326
1.4147e-06,5.2653
1.4148e-06,5.0705
1.4149e-06,5.2853
1.415e-06,5.1346
1.4151e-06,5.1245
1.4152e-06,5.2505
1.4153e-06,5.1452
1.4154e-06,5.1129
1.4155e-06,5.1418
1.4156e-06,5.1181
1.4157e-06,5.1509
1.4158e-06,5.2756
1.4159e-06,5.0996
1.416e-06,5.1872
1.4161e-06,5.1068
1.4162e-06,5.1965
1.4163e-06,5.1392
1.4164e-06,4.9612
1.4165e-06,5.0902
1.4166e-06,4.9667
1.4167e-06,5.1444
1.4168e-06,4.9782
1.4169e-06,5.0354
1.417e-06,5.0035
1.4171e-06,5.0953
1.4172e-06,5.0558
1.4173e-06,5.0034
1.4174e-06,5.0161
1.4175e-06,5.0616
1.4176e-06,5.1397
1.4177e-06,4.999
1.4178e-06,4.9841
1.4179e-06,4.9572
1.418e-06,4.9839
1.4181e-06,5.0424
1.4182e-06,5.0805
1.4183e-06,4.9845
1.4184e-06,4.9334
1.4185e-06,4.8988
1.4186e-06,4.9468
1.4187e-06,4.7708
1.4188e-06,4.9237
1.4189e-06,4.8771
1.419e-06,4.966
1.4191e-06,4.9275
1.4192e-06,4.7624
1.4193e-06,4.812
1.4194e-06,4.8921
1.4195e-06,4.9041
1.4196e-06,4.86
1.4197e-06,4.7525
1.4198e-06,4.9124
1.4199e-06,4.7401
1.42e-06,4.783
1.4201e-06,4.7455
1.4202e-06,4.8432
1.4203e-06,4.7507
1.4204e-06,4.6509
1.4205e-06,4.6999
1.4206e-06,4.6686
1.4207e-06,4.6426
1.4208e-06,4.6845
1.4209e-06,4.5995
1.421e-06,4.7902
1.4211e-06,4.7518
1.4212e-06,4.7698
1.4213e-06,4.6621
1.4214e-06,4.6563
1.4215e-06,4.5072
1.4216e-06,4.7625
1.4217e-06,4.6591
1.4218e-06,4.673
1.4219e-06,4.6829
1.422e-06,4.6842
1.4221e-06,4.5714
1.4222e-06,4.5509
1.4223e-06,4.644
1.4224e-06,4.6566
1.4225e-06,4.5895
1.4226e-06,4.5985
1.4227e-06,4.5382
1.4228e-06,4.6701
1.4229e-06,4.4477
1.423e-06,4.5283
1.4231e-06,4.5194
1.4232e-06,4.5965
1.4233e-06,4.4141
1.4234e-06,4.5866
1.4235e-06,4.574
1.4236e-06,4.5986
1.4237e-06,4.3549
1.4238e-06,4.5166
1.4239e-06,4.6278
1.424e-06,4.3976
1.4241e-06,4.3793
1.4242e-06,4.5233
1.4243e-06,4.493
1.4244e-06,4.4667
1.4245e-06,4.615
1.4246e-06,4.6355
1.4247e-06,4.3779
1.4248e-06,4.5162
1.4249e-06,4.3774
1.425e-06,4.3717
1.4251e-06,4.5149
1.4252e-06,4.4123
1.4253e-06,4.4379
1.4254e-06,4.5574
1.4255e-06,4.3822
1.4256e-06,4.3688
1.4257e-06,4.4302
1.4258e-06,4.3703
1.4259e-06,4.3621
1.426e-06,4.4771
1.4261e-06,4.2654
1.4262e-06,4.2527
1.4263e-06,4.3972
1.4264e-06,4.22
1.4265e-06,4.3186
1.4266e-06,4.326
1.4267e-06,4.4197
1.4268e-06,4.23
1.4269e-06,4.3391
1.427e-06,4.2487
1.4271e-06,4.3174
1.4272e-06,4.2935
1.4273e-06,4.2545
1.4274e-06,4.3505
1.4275e-06,4.2619
1.4276e-06,4.3001
1.4277e-06,4.094
1.4278e-06,4.2662
1.4279e-06,4.113
1.428e-06,4.2737
1.4281e-06,4.0727
1.4282e-06,4.0535
1.4283e-06,4.0107
1.4284e-06,4.2298
1.4285e-06,4.0406
1.4286e-06,4.0838
1.4287e-06,4.0202
1.4288e-06,4.1469
1.4289e-06,4.1536
1.429e-06,4.0875
1.4291e-06,3.9562
1.4292e-06,4.0475
1.4293e-06,3.9586
1.4294e-06,3.9937
1.4295e-06,4.113
1.4296e-06,4.0163
1.4297e-06,3.9525
1.4298e-06,4.0057
1.4299e-06,3.8511
1.43e-06,4.1066
1.4301e-06,3.9723
1.4302e-06,4.0781
1.4303e-06,4.0154
1.4304e-06,4.0849
1.4305e-06,4.0406
1.4306e-06,4.0461
1.4307e-06,3.872
1.4308e-06,4.0282
1.4309e-06,3.7993
1.431e-06,3.7922
1.4311e-06,3.9359
1.4312e-06,3.8206
1.4313e-06,3.8443
1.4314e-06,3.9122
1.4315e-06,4.0074
1.4316e-06,3.76
1.4317e-06,4.0186
1.4318e-06,3.9495
1.4319e-06,3.838
1.432e-06,3.9228
1.4321e-06,3.8187
1.4322e-06,3.6965
1.4323e-06,3.6562
1.4324e-06,3.8556
1.4325e-06,3.7133
1.4326e-06,3.6727
1.4327e-06,3.8465
1.4328e-06,3.9034
1.4329e-06,3.6813
1.433e-06,3.6053
1.4331e-06,3.6989
1.4332e-06,3.7896
1.4333e-06,3.754
1.4334e-06,3.6494
1.4335e-06,3.6834
1.4336e-06,3.7536
1.4337e-06,3.6646
1.4338e-06,3.5118
1.4339e-06,3.7392
1.434e-06,3.5986
1.4341e-06,3.6434
1.4342e-06,3.5806
1.4343e-06,3.5938
1.4344e-06,3.6331
1.4345e-06,3.6257
1.4346e-06,3.5332
1.4347e-06,3.6256
1.4348e-06,3.4834
1.4349e-06,3.7739
1.435e-06,3.6528
1.4351e-06,3.5628
1.4352e-06,3.5911
1.4353e-06,3.5748
1.4354e-06,3.548
1.4355e-06,3.5428
1.4356e-06,3.3288
1.4357e-06,3.7036
1.4358e-06,3.4057
1.4359e-06,3.5542
1.436e-06,3.4588
1.4361e-06,3.4094
1.4362e-06,3.5178
1.4363e-06,3.3913
1.4364e-06,3.313
1.4365e-06,3.4374
1.4366e-06,3.4438
1.4367e-06,3.3891
1.4368e-06,3.3434
1.4369e-06,3.5629
1.437e-06,3.4239
1.4371e-06,3.4032
1.4372e-06,3.4331
1.4373e-06,3.3198
1.4374e-06,3.3257
1.4375e-06,3.2197
1.4376e-06,3.3718
1.4377e-06,3.2825
1.4378e-06,3.1637
1.4379e-06,3.1516
1.438e-06,3.3009
1.4381e-06,3.3143
1.4382e-06,3.3737
1.4383e-06,3.1457
1.4384e-06,3.2442
1.4385e-06,3.2913
1.4386e-06,3.266
1.4387e-06,3.3708
1.4388e-06,3.2075
1.4389e-06,3.2678
1.439e-06,3.318
1.4391e-06,3.2406
1.4392e-06,3.0016
1.4393e-06,3.1717
1.4394e-06,3.1381
1.4395e-06,3.194
1.4396e-06,3.0541
1.4397e-06,3.1689
1.4398e-06,3.1942
1.4399e-06,3.1542
1.44e-06,3.1251
1.4401e-06,3.2718
1.4402e-06,3.0671
1.4403e-06,2.9962
1.4404e-06,3.1502
1.4405e-06,3.0258
1.4406e-06,3.0782
1.4407e-06,3.0173
1.4408e-06,3.1628
1.4409e-06,3.1018
1.441e-06,3.0974
1.4411e-06,3.2376
1.4412e-06,2.7969
1.4413e-06,3.0779
1.4414e-06,3.0179
1.4415e-06,2.9325
1.4416e-06,2.8971
1.4417e-06,2.9276
1.4418e-06,2.9606
1.4419e-06,2.8852
1.442e-06,3.0969
1.4421e-06,2.9767
1.4422e-06,2.7284
1.4423e-06,2.8959
1.4424e-06,2.9792
1.4425e-06,2.9473
1.4426e-06,2.7901
1.4427e-06,2.9641
1.4428e-06,2.9359
1.4429e-06,2.9036
1.443e-06,2.7722
1.4431e-06,2.7142
1.4432e-06,2.898
1.4433e-06,2.7221
1.4434e-06,2.898
1.4435e-06,2.7317
1.4436e-06,2.7267
1.4437e-06,2.8064
1.4438e-06,2.7404
1.4439e-06,2.4718
1.444e-06,2.7648
1.4441e-06,2.8242
1.4442e-06,2.6409
1.4443e-06,2.7123
1.4444e-06,2.6999
1.4445e-06,2.6984
1.4446e-06,2.6632
1.4447e-06,2.811
1.4448e-06,2.7825
1.4449e-06,2.8458
1.445e-06,2.8072
1.4451e-06,2.6178
1.4452e-06,2.5004
1.4453e-06,2.6897
1.4454e-06,2.6744
1.4455e-06,2.5028
1.4456e-06,2.6053
1.4457e-06,2.619
1.4458e-06,2.4865
1.4459e-06,2.5456
1.446e-06,2.4949
1.4461e-06,2.5908
1.4462e-06,2.4881
1.4463e-06,2.5515
1.4464e-06,2.5548
1.4465e-06,2.5696
1.4466e-06,2.3735
1.4467e-06,2.6181
1.4468e-06,2.4696
1.4469e-06,2.4343
1.447e-06,2.4608
1.4471e-06,2.5183
1.4472e-06,2.3608
1.4473e-06,2.3589
1.4474e-06,2.202
1.4475e-06,2.4987
1.4476e-06,2.2687
1.4477e-06,2.4376
1.4478e-06,2.3418
1.4479e-06,2.4761
1.448e-06,2.3888
1.4481e-06,2.3869
1.4482e-06,2.2886
1.4483e-06,2.2822
1.4484e-06,2.2579
1.4485e-06,2.4277
1.4486e-06,2.3642
1.4487e-06,2.2524
1.4488e-06,2.3277
1.4489e-06,2.2021
1.449e-06,2.2622
1.4491e-06,2.1391
1.4492e-06,2.1955
1.4493e-06,2.3183
1.4494e-06,2.314
1.4495e-06,2.0951
1.4496e-06,2.2324
1.4497e-06,2.156
1.4498e-06,2.1061
1.4499e-06,2.1482
1.45e-06,2.2371
1.4501e-06,2.2711
1.4502e-06,2.1363
1.4503e-06,2.0887
1.4504e-06,1.9653
1.4505e-06,2.1721
1.4506e-06,1.9447
1.4507e-06,2.0356
1.4508e-06,2.146
1.4509e-06,1.9955
1.451e-06,2.0985
1.4511e-06,1.928
1.4512e-06,1.9868
1.4513e-06,2.0893
1.4514e-06,1.9828
1.4515e-06,1.9967
1.4516e-06,1.9685
1.4517e-06,1.9524
1.4518e-06,2.1323
1.4519e-06,1.9244
1.452e-06,1.8858
1.4521e-06,1.9503
1.4522e-06,1.844
1.4523e-06,1.8496
1.4524e-06,1.9107
1.4525e-06,1.7972
1.4526e-06,1.8078
1.4527e-06,2.0207
1.4528e-06,1.8272
1.4529e-06,1.8141
1.453e-06,1.976
1.4531e-06,1.8779
1.4532e-06,1.739
1.4533e-06,1.9111
1.4534e-06,1.7684
1.4535e-06,1.7317
1.4536e-06,1.8042
1.4537e-06,1.6615
1.4538e-06,1.643
1.4539e-06,1.6724
1.454e-06,1.622
1.4541e-06,1.7569
1.4542e-06,1.581
1.4543e-06,1.7803
1.4544e-06,1.4912
1.4545e-06,1.6993
1.4546e-06,1.6907
1.4547e-06,1.7417
1.4548e-06,1.6941
1.4549e-06,1.6664
1.455e-06,1.7182
1.4551e-06,1.6094
1.4552e-06,1.538
1.4553e-06,1.4066
1.4554e-06,1.6828
1.4555e-06,1.5951
1.4556e-06,1.7788
1.4557e-06,1.5648
1.4558e-06,1.5233
1.4559e-06,1.4708
1.456e-06,1.495
1.4561e-06,1.532
1.4562e-06,1.4613
1.4563e-06,1.4813
1.4564e-06,1.4397
1.4565e-06,1.427
1.4566e-06,1.4742
1.4567e-06,1.3176
1.4568e-06,1.402
1.4569e-06,1.4382
1.457e-06,1.234
1.4571e-06,1.4631
1.4572e-06,1.4479
1.4573e-06,1.2299
1.4574e-06,1.1919
1.4575e-06,1.3598
1.4576e-06,1.3174
1.4577e-06,1.1843
1.4578e-06,1.5107
1.4579e-06,1.3327
1.458e-06,1.3779
1.4581e-06,1.416
1.4582e-06,1.1234
1.4583e-06,1.2114
1.4584e-06,1.2241
1.4585e-06,1.1685
1.4586e-06,1.2212
1.4587e-06,1.2362
1.4588e-06,1.1045
1.4589e-06,1.0406
1.459e-06,1.0872
1.4591e-06,1.295
1.4592e-06,1.1698
1.4593e-06,1.2069
1.4594e-06,1.1456
1.4595e-06,1.1317
1.4596e-06,1.1285
1.4597e-06,0.98762
1.4598e-06,1.1133
1.4599e-06,1.0992
1.46e-06,1.061
1.4601e-06,1.0882
1.4602e-06,1.0155
1.4603e-06,1.0056
1.4604e-06,0.97828
1.4605e-06,0.94348
1.4606e-06,0.91195
1.4607e-06,0.96765
1.4608e-06,1.0146
1.4609e-06,0.93639
1.461e-06,0.99582
1.4611e-06,0.78888
1.4612e-06,0.97972
1.4613e-06,0.942
1.4614e-06,0.77046
1.4615e-06,0.91395
1.4616e-06,0.96612
1.4617e-06,0.75923
1.4618e-06,0.83884
1.4619e-06,0.7959
1.462e-06,0.79308
1.4621e-06,0.73794
1.4622e-06,0.66709
1.4623e-06,0.86977
1.4624e-06,1.0148
1.4625e-06,0.8159
1.4626e-06,0.80408
1.4627e-06,0.73609
1.4628e-06,0.68309
1.4629e-06,0.6867
1.463e-06,0.68402
1.4631e-06,0.76176
1.4632e-06,0.56947
1.4633e-06,0.54381
1.4634e-06,0.71966
1.4635e-06,0.49505
1.4636e-06,0.66092
1.4637e-06,0.55869
1.4638e-06,0.63344
1.4639e-06,0.68209
1.464e-06,0.77459
1.4641e-06,0.57441
1.4642e-06,0.58917
1.4643e-06,0.52767
1.4644e-06,0.64153
1.4645e-06,0.50929
1.4646e-06,0.47708
1.4647e-06,0.53506
1.4648e-06,0.44444
1.4649e-06,0.33164
1.465e-06,0.43956
1.4651e-06,0.30279
1.4652e-06,0.47558
1.4653e-06,0.35648
1.4654e-06,0.42436
1.4655e-06,0.3776
1.4656e-06,0.30179
1.4657e-06,0.26084
1.4658e-06,0.29878
1.4659e-06,0.30717
1.466e-06,0.28141
1.4661e-06,0.31569
1.4662e-06,0.38061
1.4663e-06,0.14696
1.4664e-06,0.3914
1.4665e-06,0.20281
1.4666e-06,0.098145
1.4667e-06,0.13209
1.4668e-06,0.20175
1.4669e-06,0.13169
1.467e-06,0.28329
1.4671e-06,0.17171
1.4672e-06,0.22436
1.4673e-06,0.042685
1.4674e-06,0.16637
1.4675e-06,0.15357
1.4676e-06,0.19886
1.4677e-06,0.062785
1.4678e-06,0.15376
1.4679e-06,0.069111
1.468e-06,0.0080845
1.4681e-06,-0.06543
1.4682e-06,0.15639
1.4683e-06,0.10777
1.4684e-06,-0.081861
1.4685e-06,-0.051558
1.4686e-06,-0.097011
1.4687e-06,-0.13467
1.4688e-06,-0.010229
1.4689e-06,0.022157
1.469e-06,-0.056939
1.4691e-06,-0.019611
1.4692e-06,0.031947
1.4693e-06,0.043707
1.4694e-06,-0.25567
1.4695e-06,0.060609
1.4696e-06,-0.051006
1.4697e-06,-0.25989
1.4698e-06,-0.15775
1.4699e-06,-0.26562
1.47e-06,-0.27312
1.4701e-06,-0.33548
1.4702e-06,-0.22533
1.4703e-06,-0.19691
1.4704e-06,-0.32676
1.4705e-06,-0.28292
1.4706e-06,-0.30593
1.4707e-06,-0.35701
1.4708e-06,-0.43161
1.4709e-06,-0.25978
1.471e-06,-0.29338
1.4711e-06,-0.30854
1.4712e-06,-0.2228
1.4713e-06,-0.37567
1.4714e-06,-0.37004
1.4715e-06,-0.28313
1.4716e-06,-0.50287
1.4717e-06,-0.50348
1.4718e-06,-0.51113
1.4719e-06,-0.59471
1.472e-06,-0.30666
1.4721e-06,-0.53007
1.4722e-06,-0.39363
1.4723e-06,-0.58417
1.4724e-06,-0.62847
1.4725e-06,-0.43761
1.4726e-06,-0.46697
1.4727e-06,-0.42903
1.4728e-06,-0.58602
1.4729e-06,-0.64869
1.473e-06,-0.65338
1.4731e-06,-0.6682
1.4732e-06,-0.45139
1.4733e-06,-0.75154
1.4734e-06,-0.50347
1.4735e-06,-0.55544
1.4736e-06,-0.67393
1.4737e-06,-0.65274
1.4738e-06,-0.72316
1.4739e-06,-0.50941
1.474e-06,-0.6821
1.4741e-06,-0.79773
1.4742e-06,-0.8453
1.4743e-06,-1.0108
1.4744e-06,-0.66082
1.4745e-06,-0.97869
1.4746e-06,-0.65161
1.4747e-06,-0.97805
1.4748e-06,-0.73711
1.4749e-06,-0.95593
1.475e-06,-0.82985
1.4751e-06,-0.88386
1.4752e-06,-0.86597
1.4753e-06,-0.86321
1.4754e-06,-0.80325
1.4755e-06,-1.0116
1.4756e-06,-0.87396
1.4757e-06,-0.90454
1.4758e-06,-0.89696
1.4759e-06,-0.9979
1.476e-06,-1.101
1.4761e-06,-1.1661
1.4762e-06,-0.9599
1.4763e-06,-1.0891
1.4764e-06,-0.94827
1.4765e-06,-1.0623
1.4766e-06,-1.0329
1.4767e-06,-1.0756
1.4768e-06,-1.0785
1.4769e-06,-1.0915
1.477e-06,-0.98655
1.4771e-06,-1.1748
1.4772e-06,-1.1657
1.4773e-06,-1.1438
1.4774e-06,-1.1886
1.4775e-06,-1.3632
1.4776e-06,-1.1808
1.4777e-06,-1.3335
1.4778e-06,-1.2196
1.4779e-06,-1.3242
1.478e-06,-1.2374
1.4781e-06,-1.2104
1.4782e-06,-1.1972
1.4783e-06,-1.2513
1.4784e-06,-1.2193
1.4785e-06,-1.3444
1.4786e-06,-1.205
1.4787e-06,-1.3294
1.4788e-06,-1.4213
1.4789e-06,-1.4726
1.479e-06,-1.5147
1.4791e-06,-1.3741
1.4792e-06,-1.5127
1.4793e-06,-1.3899
1.4794e-06,-1.5148
1.4795e-06,-1.5545
1.4796e-06,-1.7125
1.4797e-06,-1.4505
1.4798e-06,-1.5146
1.4799e-06,-1.5932
1.48e-06,-1.4451
1.4801e-06,-1.5218
1.4802e-06,-1.4999
1.4803e-06,-1.77
1.4804e-06,-1.5899
1.4805e-06,-1.6588
1.4806e-06,-1.6912
1.4807e-06,-1.5235
1.4808e-06,-1.723
1.4809e-06,-1.6371
1.481e-06,-1.8654
1.4811e-06,-1.6428
1.4812e-06,-1.7903
1.4813e-06,-1.7479
1.4814e-06,-1.6378
1.4815e-06,-1.7233
1.4816e-06,-1.7082
1.4817e-06,-1.815
1.4818e-06,-1.7632
1.4819e-06,-1.7153
1.482e-06,-1.8063
1.4821e-06,-1.8506
1.4822e-06,-1.8681
1.4823e-06,-1.7821
1.4824e-06,-1.9664
1.4825e-06,-1.8274
1.4826e-06,-1.7663
1.4827e-06,-1.924
1.4828e-06,-1.9125
1.4829e-06,-2.0393
1.483e-06,-1.9484
1.4831e-06,-2.054
1.4832e-06,-2.0527
1.4833e-06,-2.2206
1.4834e-06,-2.1113
1.4835e-06,-1.9301
1.4836e-06,-2.0815
1.4837e-06,-1.9517
1.4838e-06,-1.9805
1.4839e-06,-1.911
1.484e-06,-2.186
1.4841e-06,-2.2317
1.4842e-06,-2.1037
1.4843e-06,-2.2589
1.4844e-06,-2.2032
1.4845e-06,-2.1144
1.4846e-06,-2.3642
1.4847e-06,-2.2249
1.4848e-06,-2.1603
1.4849e-06,-2.3431
1.485e-06,-2.305
1.4851e-06,-2.2975
1.4852e-06,-2.2983
1.4853e-06,-2.368
1.4854e-06,-2.3141
1.4855e-06,-2.38
1.4856e-06,-2.359
1.4857e-06,-2.2281
1.4858e-06,-2.4733
1.4859e-06,-2.493
1.486e-06,-2.2281
1.4861e-06,-2.4533
1.4862e-06,-2.5666
1.4863e-06,-2.4534
1.4864e-06,-2.6328
1.4865e-06,-2.4374
1.4866e-06,-2.5107
1.4867e-06,-2.566
1.4868e-06,-2.5374
1.4869e-06,-2.5483
1.487e-06,-2.5986
1.4871e-06,-2.6374
1.4872e-06,-2.6421
1.4873e-06,-2.6924
1.4874e-06,-2.7465
1.4875e-06,-2.6295
1.4876e-06,-2.6974
1.4877e-06,-2.784
1.4878e-06,-2.9476
1.4879e-06,-2.6896
1.488e-06,-2.9321
1.4881e-06,-2.6692
1.4882e-06,-2.8218
1.4883e-06,-2.6424
1.4884e-06,-2.7606
1.4885e-06,-2.7339
1.4886e-06,-2.9018
1.4887e-06,-2.8882
1.4888e-06,-2.6732
1.4889e-06,-2.9482
1.489e-06,-3.0193
1.4891e-06,-2.987
1.4892e-06,-3.0018
1.4893e-06,-3.1463
1.4894e-06,-3.0112
1.4895e-06,-3.0011
1.4896e-06,-2.9518
1.4897e-06,-2.933
1.4898e-06,-3.0372
1.4899e-06,-2.8872
1.49e-06,-2.9923
1.4901e-06,-2.9895
1.4902e-06,-3.0337
1.4903e-06,-3.1175
1.4904e-06,-3.0892
1.4905e-06,-2.9541
1.4906e-06,-3.1385
1.4907e-06,-3.2612
1.4908e-06,-3.146
1.4909e-06,-3.2788
1.491e-06,-3.2072
1.4911e-06,-3.1821
1.4912e-06,-3.1908
1.4913e-06,-3.3379
1.4914e-06,-3.2634
1.4915e-06,-3.329
1.4916e-06,-3.168
1.4917e-06,-3.2093
1.4918e-06,-3.3397
1.4919e-06,-3.5105
1.492e-06,-3.3971
1.4921e-06,-3.5359
1.4922e-06,-3.5946
1.4923e-06,-3.4632
1.4924e-06,-3.2499
1.4925e-06,-3.4531
1.4926e-06,-3.3812
1.4927e-06,-3.4884
1.4928e-06,-3.5951
1.4929e-06,-3.4034
1.493e-06,-3.4786
1.4931e-06,-3.4783
1.4932e-06,-3.5197
1.4933e-06,-3.5049
1.4934e-06,-3.6569
1.4935e-06,-3.5928
1.4936e-06,-3.5919
1.4937e-06,-3.5575
1.4938e-06,-3.6965
1.4939e-06,-3.7019
1.494e-06,-3.6693
1.4941e-06,-3.6573
1.4942e-06,-3.7529
1.4943e-06,-3.7378
1.4944e-06,-3.8201
1.4945e-06,-3.9274
1.4946e-06,-3.7441
1.4947e-06,-3.7952
1.4948e-06,-3.8568
1.4949e-06,-3.879
1.495e-06,-3.9013
1.4951e-06,-3.9643
1.4952e-06,-3.6488
1.4953e-06,-3.831
1.4954e-06,-3.9812
1.4955e-06,-3.8078
1.4956e-06,-3.912
1.4957e-06,-3.9046
1.4958e-06,-3.942
1.4959e-06,-4.0594
1.496e-06,-3.9866
1.4961e-06,-4.0619
1.4962e-06,-4.0508
1.4963e-06,-4.0943
1.4964e-06,-4.0313
1.4965e-06,-4.0838
1.4966e-06,-4.1613
1.4967e-06,-4.1495
1.4968e-06,-4.0806
1.4969e-06,-4.093
1.497e-06,-4.2039
1.4971e-06,-4.1697
1.4972e-06,-4.1189
1.4973e-06,-4.3
1.4974e-06,-4.2071
1.4975e-06,-4.1942
1.4976e-06,-4.2798
1.4977e-06,-4.0532
1.4978e-06,-4.2199
1.4979e-06,-4.4559
1.498e-06,-4.3073
1.4981e-06,-4.3033
1.4982e-06,-4.4144
1.4983e-06,-4.1633
1.4984e-06,-4.3397
1.4985e-06,-4.441
1.4986e-06,-4.6574
1.4987e-06,-4.4723
1.4988e-06,-4.5091
1.4989e-06,-4.4289
1.499e-06,-4.4699
1.4991e-06,-4.6426
1.4992e-06,-4.5431
1.4993e-06,-4.5453
1.4994e-06,-4.5779
1.4995e-06,-4.4432
1.4996e-06,-4.5221
1.4997e-06,-4.4677
1.4998e-06,-4.5826
1.4999e-06,-4.6005
1.5e-06,-4.805
1.5001e-06,-4.6315
1.5002e-06,-4.7453
1.5003e-06,-4.7589
1.5004e-06,-4.9233
1.5005e-06,-4.802
1.5006e-06,-4.6265
1.5007e-06,-4.8693
1.5008e-06,-4.7473
1.5009e-06,-4.6928
1.501e-06,-4.6333
1.5011e-06,-4.8785
1.5012e-06,-4.8835
1.5013e-06,-4.8392
1.5014e-06,-4.7343
1.5015e-06,-4.9326
1.5016e-06,-5.017
1.5017e-06,-4.9306
1.5018e-06,-5.1561
1.5019e-06,-4.9795
1.502e-06,-5.1228
1.5021e-06,-4.771
1.5022e-06,-5.1074
1.5023e-06,-5.0811
1.5024e-06,-4.8877
1.5025e-06,-4.9585
1.5026e-06,-5.204
1.5027e-06,-4.9977
1.5028e-06,-5.1731
1.5029e-06,-5.0705
1.503e-06,-5.1007
1.5031e-06,-4.9447
1.5032e-06,-5.1545
1.5033e-06,-5.1664
1.5034e-06,-5.0755
1.5035e-06,-4.929
1.5036e-06,-5.244
1.5037e-06,-5.2186
1.5038e-06,-5.4263
1.5039e-06,-5.4746
1.504e-06,-5.3412
1.5041e-06,-5.1939
1.5042e-06,-5.1338
1.5043e-06,-5.3277
1.5044e-06,-5.3839
1.5045e-06,-5.2559
1.5046e-06,-5.3359
1.5047e-06,-5.332
1.5048e-06,-5.3768
1.5049e-06,-5.2677
1.505e-06,-5.369
1.5051e-06,-5.3316
1.5052e-06,-5.3388
1.5053e-06,-5.3834
1.5054e-06,-5.4695
1.5055e-06,-5.6661
1.5056e-06,-5.4524
1.5057e-06,-5.6038
1.5058e-06,-5.5741
1.5059e-06,-5.4198
1.506e-06,-5.5813
1.5061e-06,-5.5752
1.5062e-06,-5.6412
1.5063e-06,-5.6668
1.5064e-06,-5.72
1.5065e-06,-5.5351
1.5066e-06,-5.6293
1.5067e-06,-5.4645
1.5068e-06,-5.7897
1.5069e-06,-5.6918
1.507e-06,-5.6368
1.5071e-06,-5.7331
1.5072e-06,-5.7725
1.5073e-06,-5.7013
1.5074e-06,-5.854
1.5075e-06,-5.9054
1.5076e-06,-5.7042
1.5077e-06,-6.0363
1.5078e-06,-5.7915
1.5079e-06,-5.7988
1.508e-06,-5.8612
1.5081e-06,-5.9466
1.5082e-06,-5.7792
1.5083e-06,-5.8481
1.5084e-06,-5.8567
1.5085e-06,-6.0209
1.5086e-06,-5.8573
1.5087e-06,-5.9336
1.5088e-06,-5.8709
1.5089e-06,-5.9796
1.509e-06,-6.0481
1.5091e-06,-6.1162
1.5092e-06,-5.9863
1.5093e-06,-6.0797
1.5094e-06,-6.0993
1.5095e-06,-5.8795
1.5096e-06,-6.1303
1.5097e-06,-6.0615
1.5098e-06,-6.1316
1.5099e-06,-6.1568
1.51e-06,-6.1492
1.5101e-06,-6.0948
1.5102e-06,-6.1215
1.5103e-06,-6.013
1.5104e-06,-6.2386
1.5105e-06,-6.1309
1.5106e-06,-6.3083
1.5107e-06,-6.3728
1.5108e-06,-6.3801
1.5109e-06,-6.3472
1.511e-06,-6.3243
1.5111e-06,-6.258
1.5112e-06,-6.131
1.5113e-06,-6.5713
1.5114e-06,-6.3367
1.5115e-06,-6.2746
1.5116e-06,-6.2454
1.5117e-06,-6.4432
1.5118e-06,-6.3824
1.5119e-06,-6.6311
1.512e-06,-6.3989
1.5121e-06,-6.4614
1.5122e-06,-6.3276
1.5123e-06,-6.2208
1.5124e-06,-6.4384
1.5125e-06,-6.3906
1.5126e-06,-6.4263
1.5127e-06,-6.3479
1.5128e-06,-6.3134
1.5129e-06,-6.5999
1.513e-06,-6.3734
1.5131e-06,-6.5055
1.5132e-06,-6.5308
1.5133e-06,-6.2096
1.5134e-06,-6.3998
1.5135e-06,-6.5136
1.5136e-06,-6.6437
1.5137e-06,-6.7586
1.5138e-06,-6.6992
1.5139e-06,-6.6048
1.514e-06,-6.8065
1.5141e-06,-6.7168
1.5142e-06,-6.5683
1.5143e-06,-6.5769
1.5144e-06,-6.5842
1.5145e-06,-6.6986
1.5146e-06,-6.6257
1.5147e-06,-6.7694
1.5148e-06,-6.5078
1.5149e-06,-6.7125
1.515e-06,-6.9532
1.5151e-06,-6.8665
1.5152e-06,-6.7454
1.5153e-06,-6.8227
1.5154e-06,-6.8257
1.5155e-06,-6.8034
1.5156e-06,-6.765
1.5157e-06,-6.6363
1.5158e-06,-6.8803
1.5159e-06,-6.7174
1.516e-06,-6.8264
1.5161e-06,-6.7996
1.5162e-06,-6.8003
1.5163e-06,-7.06
1.5164e-06,-7.0033
1.5165e-06,-7.0505
1.5166e-06,-6.9911
1.5167e-06,-7.0019
1.5168e-06,-6.963
1.5169e-06,-6.8266
1.517e-06,-7.0744
1.5171e-06,-6.8627
1.5172e-06,-7.105
1.5173e-06,-6.8574
1.5174e-06,-7.0637
1.5175e-06,-6.8321
1.5176e-06,-6.8081
1.5177e-06,-6.8277
1.5178e-06,-6.8909
1.5179e-06,-6.8468
1.518e-06,-7.0982
1.5181e-06,-7.0262
1.5182e-06,-6.9096
1.5183e-06,-7.067
1.5184e-06,-7.1662
1.5185e-06,-7.0989
1.5186e-06,-7.2591
1.5187e-06,-6.9553
1.5188e-06,-7.1077
1.5189e-06,-7.084
1.519e-06,-7.3034
1.5191e-06,-7.155
1.5192e-06,-6.9454
1.5193e-06,-7.156
1.5194e-06,-7.1204
1.5195e-06,-7.0198
1.5196e-06,-7.1028
1.5197e-06,-7.1506
1.5198e-06,-6.9513
1.5199e-06,-7.0129
1.52e-06,-7.0526
1.5201e-06,-7.2641
1.5202e-06,-7.0059
1.5203e-06,-7.0808
1.5204e-06,-7.2815
1.5205e-06,-7.0878
1.5206e-06,-7.1299
1.5207e-06,-7.1051
1.5208e-06,-7.1104
1.5209e-06,-7.0911
1.521e-06,-7.2342
1.5211e-06,-7.2902
1.5212e-06,-7.2088
1.5213e-06,-7.2839
1.5214e-06,-7.2651
1.5215e-06,-7.2041
1.5216e-06,-7.345
1.5217e-06,-7.0922
1.5218e-06,-7.3239
1.5219e-06,-7.1127
1.522e-06,-7.2273
1.5221e-06,-7.277
1.5222e-06,-7.2668
1.5223e-06,-7.1366
1.5224e-06,-7.3087
1.5225e-06,-7.1262
1.5226e-06,-7.259
1.5227e-06,-7.2337
1.5228e-06,-7.4332
1.5229e-06,-7.2908
1.523e-06,-7.1743
1.5231e-06,-7.4234
1.5232e-06,-7.2784
1.5233e-06,-7.235
1.5234e-06,-7.3438
1.5235e-06,-7.1185
1.5236e-06,-7.011
1.5237e-06,-7.2779
1.5238e-06,-7.1773
1.5239e-06,-7.3837
1.524e-06,-7.2838
1.5241e-06,-7.4605
1.5242e-06,-7.5196
1.5243e-06,-7.4129
1.5244e-06,-7.3925
1.5245e-06,-7.3698
1.5246e-06,-7.3644
1.5247e-06,-7.332
1.5248e-06,-7.4135
1.5249e-06,-7.2937
1.525e-06,-7.2988
1.5251e-06,-7.2423
1.5252e-06,-7.5621
1.5253e-06,-7.2989
1.5254e-06,-7.5102
1.5255e-06,-7.3906
1.5256e-06,-7.2721
1.5257e-06,-7.2359
1.5258e-06,-7.4086
1.5259e-06,-7.3907
1.526e-06,-7.3868
1.5261e-06,-7.3427
1.5262e-06,-7.4921
1.5263e-06,-7.4343
1.5264e-06,-7.5456
1.5265e-06,-7.4649
1.5266e-06,-7.4464
1.5267e-06,-7.4291
1.5268e-06,-7.3068
1.5269e-06,-7.3219
1.527e-06,-7.3573
1.5271e-06,-7.4172
1.5272e-06,-7.3443
1.5273e-06,-7.3801
1.5274e-06,-7.3568
1.5275e-06,-7.3156
1.5276e-06,-7.5027
1.5277e-06,-7.3262
1.5278e-06,-7.3934
1.5279e-06,-7.2515
1.528e-06,-7.2529
1.5281e-06,-7.4054
1.5282e-06,-7.2457
1.5283e-06,-7.2063
1.5284e-06,-7.2404
1.5285e-06,-7.3683
1.5286e-06,-7.3312
1.5287e-06,-7.3643
1.5288e-06,-7.4167
1.5289e-06,-7.428
1.529e-06,-7.3375
1.5291e-06,-7.2831
1.5292e-06,-7.3955
1.5293e-06,-7.4964
1.5294e-06,-7.425
1.5295e-06,-7.1536
1.5296e-06,-7.3273
1.5297e-06,-7.1538
1.5298e-06,-7.3628
1.5299e-06,-7.389
1.53e-06,-7.1492
1.5301e-06,-7.4269
1.5302e-06,-7.324
1.5303e-06,-7.0309
1.5304e-06,-7.3724
1.5305e-06,-7.2055
1.5306e-06,-7.2798
1.5307e-06,-7.1941
1.5308e-06,-7.2765
1.5309e-06,-7.3625
1.531e-06,-7.257
1.5311e-06,-7.128
1.5312e-06,-7.2524
1.5313e-06,-7.4189
1.5314e-06,-7.3291
1.5315e-06,-7.1946
1.5316e-06,-7.3722
1.5317e-06,-7.327
1.5318e-06,-7.1327
1.5319e-06,-7.3958
1.532e-06,-7.2414
1.5321e-06,-7.1237
1.5322e-06,-7.2392
1.5323e-06,-7.1055
1.5324e-06,-7.123
1.5325e-06,-7.223
1.5326e-06,-7.0771
1.5327e-06,-7.2012
1.5328e-06,-7.0904
1.5329e-06,-7.1502
1.533e-06,-7.3421
1.5331e-06,-7.2466
1.5332e-06,-7.2553
1.5333e-06,-7.2012
1.5334e-06,-7.2973
1.5335e-06,-7.3517
1.5336e-06,-7.0445
1.5337e-06,-7.2261
1.5338e-06,-7.1731
1.5339e-06,-6.9918
1.534e-06,-7.1655
1.5341e-06,-7.0298
1.5342e-06,-7.0739
1.5343e-06,-7.0721
1.5344e-06,-7.1416
1.5345e-06,-6.9168
1.5346e-06,-7.2744
1.5347e-06,-7.0637
1.5348e-06,-7.1085
1.5349e-06,-6.9689
1.535e-06,-6.9238
1.5351e-06,-7.0756
1.5352e-06,-7.0841
1.5353e-06,-6.8781
1.5354e-06,-7.098
1.5355e-06,-6.9979
1.5356e-06,-6.8237
1.5357e-06,-6.9366
1.5358e-06,-7.0095
1.5359e-06,-6.9422
1.536e-06,-6.8308
1.5361e-06,-6.8928
1.5362e-06,-6.988
1.5363e-06,-6.7846
1.5364e-06,-6.9031
1.5365e-06,-6.851
1.5366e-06,-6.8368
1.5367e-06,-6.9652
1.5368e-06,-6.7829
1.5369e-06,-6.882
1.537e-06,-6.8971
1.5371e-06,-6.8204
1.5372e-06,-6.925
1.5373e-06,-6.7838
1.5374e-06,-6.8193
1.5375e-06,-6.9791
1.5376e-06,-6.9055
1.5377e-06,-6.985
1.5378e-06,-6.8
1.5379e-06,-6.8475
1.538e-06,-6.7972
1.5381e-06,-6.7769
1.5382e-06,-6.7132
1.5383e-06,-6.6388
1.5384e-06,-6.8644
1.5385e-06,-6.5628
1.5386e-06,-6.5312
1.5387e-06,-6.7346
1.5388e-06,-6.6749
1.5389e-06,-6.8187
1.539e-06,-6.6983
1.5391e-06,-6.5726
1.5392e-06,-6.8186
1.5393e-06,-6.6708
1.5394e-06,-6.5601
1.5395e-06,-6.7135
1.5396e-06,-6.7293
1.5397e-06,-6.4371
1.5398e-06,-6.6687
1.5399e-06,-6.4732
1.54e-06,-6.4204
1.5401e-06,-6.5654
1.5402e-06,-6.8048
1.5403e-06,-6.4791
1.5404e-06,-6.4688
1.5405e-06,-6.5687
1.5406e-06,-6.5045
1.5407e-06,-6.8491
1.5408e-06,-6.2357
1.5409e-06,-6.5931
1.541e-06,-6.467
1.5411e-06,-6.332
1.5412e-06,-6.4838
1.5413e-06,-6.5186
1.5414e-06,-6.3738
1.5415e-06,-6.1436
1.5416e-06,-6.4412
1.5417e-06,-6.4626
1.5418e-06,-6.3829
1.5419e-06,-6.2223
1.542e-06,-6.1651
1.5421e-06,-6.1952
1.5422e-06,-6.3114
1.5423e-06,-6.3549
1.5424e-06,-6.3205
1.5425e-06,-6.5763
1.5426e-06,-6.4981
1.5427e-06,-6.3964
1.5428e-06,-6.3288
1.5429e-06,-6.3291
1.543e-06,-6.1285
1.5431e-06,-6.1385
1.5432e-06,-6.0826
1.5433e-06,-6.2071
1.5434e-06,-6.2866
1.5435e-06,-6.1984
1.5436e-06,-6.4134
1.5437e-06,-6.0931
1.5438e-06,-6.2204
1.5439e-06,-6.0483
1.544e-06,-6.2216
1.5441e-06,-6.2491
1.5442e-06,-6.1205
1.5443e-06,-6.158
1.5444e-06,-6.1646
1.5445e-06,-6.2144
1.5446e-06,-5.9453
1.5447e-06,-6.1029
1.5448e-06,-6.0332
1.5449e-06,-6.1756
1.545e-06,-6.0413
1.5451e-06,-5.9455
1.5452e-06,-5.7232
1.5453e-06,-5.9433
1.5454e-06,-6.1147
1.5455e-06,-6.1005
1.5456e-06,-5.8875
1.5457e-06,-5.966
1.5458e-06,-5.9935
1.5459e-06,-5.9737
1.546e-06,-5.8315
1.5461e-06,-6.1313
1.5462e-06,-5.7938
1.5463e-06,-5.8459
1.5464e-06,-5.8562
1.5465e-06,-5.8047
1.5466e-06,-5.7773
1.5467e-06,-5.8223
1.5468e-06,-5.932
1.5469e-06,-5.6957
1.547e-06,-5.7672
1.5471e-06,-5.6414
1.5472e-06,-5.8574
1.5473e-06,-5.8278
1.5474e-06,-5.64
1.5475e-06,-5.61
1.5476e-06,-5.5625
1.5477e-06,-5.8025
1.5478e-06,-5.5879
1.5479e-06,-5.6208
1.548e-06,-5.5279
1.5481e-06,-5.7317
1.5482e-06,-5.7118
1.5483e-06,-5.6248
1.5484e-06,-5.6878
1.5485e-06,-5.5385
1.5486e-06,-5.7519
1.5487e-06,-5.7074
1.5488e-06,-5.5515
1.5489e-06,-5.548
1.549e-06,-5.5248
1.5491e-06,-5.7584
1.5492e-06,-5.4743
1.5493e-06,-5.6547
1.5494e-06,-5.4095
1.5495e-06,-5.4021
1.5496e-06,-5.5438
1.5497e-06,-5.3377
1.5498e-06,-5.5861
1.5499e-06,-5.4083
1.55e-06,-5.3488
1.5501e-06,-5.3719
1.5502e-06,-5.2239
1.5503e-06,-5.3787
1.5504e-06,-5.3243
1.5505e-06,-5.3064
1.5506e-06,-5.1125
1.5507e-06,-5.2894
1.5508e-06,-5.5805
1.5509e-06,-5.4392
1.551e-06,-5.3497
1.5511e-06,-5.3995
1.5512e-06,-5.1441
1.5513e-06,-5.0626
1.5514e-06,-5.0743
1.5515e-06,-5.1668
1.5516e-06,-5.2868
1.5517e-06,-5.328
1.5518e-06,-4.9338
1.5519e-06,-5.0763
1.552e-06,-5.053
1.5521e-06,-5.0614
1.5522e-06,-5.0119
1.5523e-06,-5.1788
1.5524e-06,-5.2814
1.5525e-06,-5.2101
1.5526e-06,-5.0228
1.5527e-06,-5.0777
1.5528e-06,-5.0636
1.5529e-06,-5.0334
1.553e-06,-5.0619
1.5531e-06,-5.0771
1.5532e-06,-4.9451
1.5533e-06,-4.8369
1.5534e-06,-4.8763
1.5535e-06,-4.8643
1.5536e-06,-5.0781
1.5537e-06,-4.7327
1.5538e-06,-4.8937
1.5539e-06,-5.0439
1.554e-06,-4.8901
1.5541e-06,-4.8065
1.5542e-06,-4.8857
1.5543e-06,-4.6642
1.5544e-06,-4.7276
1.5545e-06,-4.9325
1.5546e-06,-4.7968
1.5547e-06,-4.7925
1.5548e-06,-4.5986
1.5549e-06,-4.9117
1.555e-06,-4.6503
1.5551e-06,-4.7365
1.5552e-06,-4.7912
1.5553e-06,-4.7726
1.5554e-06,-4.6847
1.5555e-06,-4.5108
1.5556e-06,-4.9329
1.5557e-06,-4.6847
1.5558e-06,-4.5875
1.5559e-06,-4.6164
1.556e-06,-4.5208
1.5561e-06,-4.4655
1.5562e-06,-4.5814
1.5563e-06,-4.6414
1.5564e-06,-4.3526
1.5565e-06,-4.6117
1.5566e-06,-4.4341
1.5567e-06,-4.4565
1.5568e-06,-4.5794
1.5569e-06,-4.5852
1.557e-06,-4.308
1.5571e-06,-4.3644
1.5572e-06,-4.5677
1.5573e-06,-4.4818
1.5574e-06,-4.4015
1.5575e-06,-4.4613
1.5576e-06,-4.4519
1.5577e-06,-4.2859
1.5578e-06,-4.4029
1.5579e-06,-4.2488
1.558e-06,-4.3837
1.5581e-06,-4.3814
1.5582e-06,-4.3426
1.5583e-06,-4.3671
1.5584e-06,-4.1495
1.5585e-06,-4.1367
1.5586e-06,-4.2871
1.5587e-06,-4.3907
1.5588e-06,-4.1926
1.5589e-06,-4.3119
1.559e-06,-4.4114
1.5591e-06,-4.0595
1.5592e-06,-4.2421
1.5593e-06,-4.1617
1.5594e-06,-4.1961
1.5595e-06,-4.1719
1.5596e-06,-4.1549
1.5597e-06,-3.9498
1.5598e-06,-4.1434
1.5599e-06,-4.0981
1.56e-06,-3.8775
1.5601e-06,-3.933
1.5602e-06,-4.1639
1.5603e-06,-4.0467
1.5604e-06,-3.9152
1.5605e-06,-3.9124
1.5606e-06,-4.177
1.5607e-06,-4.0758
1.5608e-06,-3.9123
1.5609e-06,-4.0556
1.561e-06,-3.9798
1.5611e-06,-3.8718
1.5612e-06,-3.8666
1.5613e-06,-3.9263
1.5614e-06,-3.8389
1.5615e-06,-3.7143
1.5616e-06,-3.8278
1.5617e-06,-3.913
1.5618e-06,-4.0758
1.5619e-06,-3.7922
1.562e-06,-3.8209
1.5621e-06,-3.5771
1.5622e-06,-3.6762
1.5623e-06,-3.9552
1.5624e-06,-3.7576
1.5625e-06,-3.7911
1.5626e-06,-3.8472
1.5627e-06,-3.8372
1.5628e-06,-3.6455
1.5629e-06,-3.7638
1.563e-06,-3.7314
1.5631e-06,-3.7256
1.5632e-06,-3.6641
1.5633e-06,-3.6631
1.5634e-06,-3.3727
1.5635e-06,-3.5358
1.5636e-06,-3.6937
1.5637e-06,-3.5073
1.5638e-06,-3.6199
1.5639e-06,-3.5712
1.564e-06,-3.5069
1.5641e-06,-3.4832
1.5642e-06,-3.4969
1.5643e-06,-3.6348
1.5644e-06,-3.5796
1.5645e-06,-3.5764
1.5646e-06,-3.5374
1.5647e-06,-3.5871
1.5648e-06,-3.5796
1.5649e-06,-3.388
1.565e-06,-3.5236
1.5651e-06,-3.3792
1.5652e-06,-3.3772
1.5653e-06,-3.4884
1.5654e-06,-3.3383
1.5655e-06,-3.2438
1.5656e-06,-3.4101
1.5657e-06,-3.3854
1.5658e-06,-3.3943
1.5659e-06,-3.5002
1.566e-06,-3.4476
1.5661e-06,-3.3618
1.5662e-06,-3.3094
1.5663e-06,-3.1934
1.5664e-06,-3.1805
1.5665e-06,-3.4197
1.5666e-06,-3.115
1.5667e-06,-3.114
1.5668e-06,-3.1239
1.5669e-06,-3.2813
1.567e-06,-3.2502
1.5671e-06,-3.0992
1.5672e-06,-3.2612
1.5673e-06,-3.0293
1.5674e-06,-3.1162
1.5675e-06,-3.0612
1.5676e-06,-3.2121
1.5677e-06,-3.0484
1.5678e-06,-3.35
1.5679e-06,-3.1002
1.568e-06,-3.0485
1.5681e-06,-3.1735
1.5682e-06,-3.0423
1.5683e-06,-3.1107
1.5684e-06,-2.9818
1.5685e-06,-2.9893
1.5686e-06,-3.1032
1.5687e-06,-3.0792
1.5688e-06,-3.0216
1.5689e-06,-3.1286
1.569e-06,-3.0175
1.5691e-06,-3.085
1.5692e-06,-3.0008
1.5693e-06,-2.9331
1.5694e-06,-2.9102
1.5695e-06,-3.0855
1.5696e-06,-2.9567
1.5697e-06,-3.069
1.5698e-06,-2.7797
1.5699e-06,-2.9867
1.57e-06,-2.7297
1.5701e-06,-2.8259
1.5702e-06,-2.6536
1.5703e-06,-2.8781
1.5704e-06,-2.6227
1.5705e-06,-2.8005
1.5706e-06,-2.7756
1.5707e-06,-2.6316
1.5708e-06,-2.7607
1.5709e-06,-2.5923
1.571e-06,-2.6527
1.5711e-06,-2.8275
1.5712e-06,-2.5982
1.5713e-06,-2.7623
1.5714e-06,-2.9556
1.5715e-06,-2.773
1.5716e-06,-2.6112
1.5717e-06,-2.8169
1.5718e-06,-2.7134
1.5719e-06,-2.7892
1.572e-06,-2.5229
1.5721e-06,-2.7401
1.5722e-06,-2.4747
1.5723e-06,-2.3838
1.5724e-06,-2.692
1.5725e-06,-2.5095
1.5726e-06,-2.4069
1.5727e-06,-2.4267
1.5728e-06,-2.6994
1.5729e-06,-2.4817
1.573e-06,-2.5422
1.5731e-06,-2.6446
1.5732e-06,-2.5666
1.5733e-06,-2.5826
1.5734e-06,-2.5339
1.5735e-06,-2.5864
1.5736e-06,-2.3761
1.5737e-06,-2.3907
1.5738e-06,-2.2495
1.5739e-06,-2.4296
1.574e-06,-2.362
1.5741e-06,-2.5041
1.5742e-06,-2.6204
1.5743e-06,-2.3639
1.5744e-06,-2.3562
1.5745e-06,-2.3328
1.5746e-06,-2.4169
1.5747e-06,-2.2941
1.5748e-06,-2.3732
1.5749e-06,-2.1497
1.575e-06,-2.4449
1.5751e-06,-2.3179
1.5752e-06,-2.207
1.5753e-06,-2.1918
1.5754e-06,-2.1935
1.5755e-06,-2.4112
1.5756e-06,-2.1374
1.5757e-06,-2.1922
1.5758e-06,-2.3347
1.5759e-06,-2.0139
1.576e-06,-2.0142
1.5761e-06,-2.3411
1.5762e-06,-2.2003
1.5763e-06,-2.2647
1.5764e-06,-2.1316
1.5765e-06,-2.1115
1.5766e-06,-2.1233
1.5767e-06,-2.2744
1.5768e-06,-2.1484
1.5769e-06,-2.2369
1.577e-06,-2.0393
1.5771e-06,-1.8919
1.5772e-06,-2.0053
1.5773e-06,-1.9621
1.5774e-06,-2.0525
1.5775e-06,-1.8872
1.5776e-06,-1.984
1.5777e-06,-1.842
1.5778e-06,-1.8529
1.5779e-06,-1.7729
1.578e-06,-1.9032
1.5781e-06,-1.9413
1.5782e-06,-1.871
1.5783e-06,-1.8091
1.5784e-06,-2.0094
1.5785e-06,-1.7584
1.5786e-06,-1.8991
1.5787e-06,-1.9368
1.5788e-06,-1.7506
1.5789e-06,-1.7537
1.579e-06,-1.9
1.5791e-06,-1.4891
1.5792e-06,-1.8098
1.5793e-06,-1.7956
1.5794e-06,-1.5689
1.5795e-06,-1.6733
1.5796e-06,-1.7481
1.5797e-06,-1.7879
1.5798e-06,-1.7289
1.5799e-06,-1.8598
1.58e-06,-1.824
1.5801e-06,-1.4318
1.5802e-06,-1.8442
1.5803e-06,-1.7309
1.5804e-06,-1.624
1.5805e-06,-1.7698
1.5806e-06,-1.8804
1.5807e-06,-1.6943
1.5808e-06,-1.6825
1.5809e-06,-1.6166
1.581e-06,-1.5615
1.5811e-06,-1.4927
1.5812e-06,-1.7589
1.5813e-06,-1.545
1.5814e-06,-1.7044
1.5815e-06,-1.671
1.5816e-06,-1.5188
1.5817e-06,-1.4218
1.5818e-06,-1.41
1.5819e-06,-1.7253
1.582e-06,-1.3792
1.5821e-06,-1.4234
1.5822e-06,-1.5704
1.5823e-06,-1.66
1.5824e-06,-1.4267
1.5825e-06,-1.6181
1.5826e-06,-1.5428
1.5827e-06,-1.5024
1.5828e-06,-1.3274
1.5829e-06,-1.3707
1.583e-06,-1.4804
1.5831e-06,-1.4064
1.5832e-06,-1.417
1.5833e-06,-1.6214
1.5834e-06,-1.5073
1.5835e-06,-1.4995
1.5836e-06,-1.4494
1.5837e-06,-1.4707
1.5838e-06,-1.2274
1.5839e-06,-1.3599
1.584e-06,-1.3487
1.5841e-06,-1.4386
1.5842e-06,-1.214
1.5843e-06,-1.3328
1.5844e-06,-1.3714
1.5845e-06,-1.2989
1.5846e-06,-1.4199
1.5847e-06,-1.1139
1.5848e-06,-1.1649
1.5849e-06,-1.1544
1.585e-06,-1.2471
1.5851e-06,-1.2584
1.5852e-06,-1.0313
1.5853e-06,-1.2584
1.5854e-06,-1.2302
1.5855e-06,-1.2116
1.5856e-06,-1.1207
1.5857e-06,-1.3131
1.5858e-06,-1.132
1.5859e-06,-1.3525
1.586e-06,-0.88529
1.5861e-06,-1.137
1.5862e-06,-1.1702
1.5863e-06,-1.0627
1.5864e-06,-1.0308
1.5865e-06,-1.1714
1.5866e-06,-1.1101
1.5867e-06,-0.99339
1.5868e-06,-1.1291
1.5869e-06,-0.85628
1.587e-06,-1.1209
1.5871e-06,-1.2233
1.5872e-06,-0.89404
1.5873e-06,-0.79946
1.5874e-06,-0.91761
1.5875e-06,-1.1304
1.5876e-06,-1.1525
1.5877e-06,-1.0796
1.5878e-06,-1.0434
1.5879e-06,-1.1035
1.588e-06,-0.81638
1.5881e-06,-0.93594
1.5882e-06,-1.0068
1.5883e-06,-0.7982
1.5884e-06,-0.80548
1.5885e-06,-1.09
1.5886e-06,-0.98693
1.5887e-06,-0.82385
1.5888e-06,-0.6768
1.5889e-06,-0.812
1.589e-06,-0.96829
1.5891e-06,-0.90043
1.5892e-06,-0.84561
1.5893e-06,-0.81866
1.5894e-06,-0.69506
1.5895e-06,-0.93488
1.5896e-06,-0.75896
1.5897e-06,-0.65674
1.5898e-06,-0.61154
1.5899e-06,-0.65931
1.59e-06,-0.68825
1.5901e-06,-0.85481
1.5902e-06,-0.71208
1.5903e-06,-0.77286
1.5904e-06,-0.72973
1.5905e-06,-0.74225
1.5906e-06,-0.62983
1.5907e-06,-0.54271
1.5908e-06,-0.79112
1.5909e-06,-0.76875
1.591e-06,-0.71211
1.5911e-06,-0.58761
1.5912e-06,-0.77949
1.5913e-06,-0.67905
1.5914e-06,-0.65558
1.5915e-06,-0.67976
1.5916e-06,-0.60435
1.5917e-06,-0.70242
1.5918e-06,-0.59531
1.5919e-06,-0.48913
1.592e-06,-0.45189
1.5921e-06,-0.69193
1.5922e-06,-0.41439
1.5923e-06,-0.59217
1.5924e-06,-0.5712
1.5925e-06,-0.3405
1.5926e-06,-0.59388
1.5927e-06,-0.55773
1.5928e-06,-0.47722
1.5929e-06,-0.5719
1.593e-06,-0.70256
1.5931e-06,-0.3217
1.5932e-06,-0.37542
1.5933e-06,-0.28176
1.5934e-06,-0.53023
1.5935e-06,-0.3501
1.5936e-06,-0.34335
1.5937e-06,-0.50737
1.5938e-06,-0.23348
1.5939e-06,-0.374
1.594e-06,-0.30084
1.5941e-06,-0.22006
1.5942e-06,-0.50643
1.5943e-06,-0.3259
1.5944e-06,-0.38906
1.5945e-06,-0.41336
1.5946e-06,-0.37589
1.5947e-06,-0.49654
1.5948e-06,-0.25469
1.5949e-06,-0.39081
1.595e-06,-0.35236
1.5951e-06,-0.36081
1.5952e-06,-0.38875
1.5953e-06,-0.40336
1.5954e-06,-0.14917
1.5955e-06,-0.18551
1.5956e-06,-0.24238
1.5957e-06,-0.21786
1.5958e-06,-0.36111
1.5959e-06,0.009359
1.596e-06,-0.30999
1.5961e-06,-0.33852
1.5962e-06,-0.057858
1.5963e-06,-0.14276
1.5964e-06,-0.47553
1.5965e-06,-0.10271
1.5966e-06,-0.06664
1.5967e-06,-0.26799
1.5968e-06,-0.16565
1.5969e-06,-0.3771
1.597e-06,-0.035077
1.5971e-06,-0.04382
1.5972e-06,-0.31972
1.5973e-06,-0.14658
1.5974e-06,0.02076
1.5975e-06,-0.0936
1.5976e-06,-0.26556
1.5977e-06,-0.20554
1.5978e-06,-0.027872
1.5979e-06,-0.16127
1.598e-06,-0.13056
1.5981e-06,-0.088298
1.5982e-06,-0.32901
1.5983e-06,-0.066944
1.5984e-06,0.048619
1.5985e-06,0.099692
1.5986e-06,-0.1768
1.5987e-06,0.14088
1.5988e-06,-0.15892
1.5989e-06,0.031421
1.599e-06,0.17306
1.5991e-06,-0.035323
1.5992e-06,0.17235
1.5993e-06,0.31532
1.5994e-06,0.090791
1.5995e-06,0.096295
1.5996e-06,-0.028556
1.5997e-06,0.11111
1.5998e-06,0.12227
1.5999e-06,0.043451
1.6e-06,-0.0095635
1.6001e-06,0.29452
1.6002e-06,-0.10761
1.6003e-06,-0.12897
1.6004e-06,0.0040582
1.6005e-06,0.42291
1.6006e-06,0.067326
1.6007e-06,0.21566
1.6008e-06,-0.088467
1.6009e-06,0.026259
1.601e-06,0.24087
1.6011e-06,-0.11779
1.6012e-06,0.33165
1.6013e-06,0.2617
1.6014e-06,0.25886
1.6015e-06,0.32182
1.6016e-06,0.44182
1.6017e-06,0.22091
1.6018e-06,0.23825
1.6019e-06,0.30954
1.602e-06,0.16675
1.6021e-06,0.16496
1.6022e-06,0.19491
1.6023e-06,0.29451
1.6024e-06,0.15748
1.6025e-06,0.33291
1.6026e-06,0.19711
1.6027e-06,0.14177
1.6028e-06,0.20479
1.6029e-06,0.42333
1.603e-06,0.22121
1.6031e-06,0.18304
1.6032e-06,0.42003
1.6033e-06,0.36677
1.6034e-06,0.19054
1.6035e-06,0.33753
1.6036e-06,0.33079
1.6037e-06,0.57828
1.6038e-06,0.37266
1.6039e-06,0.16996
1.604e-06,0.49585
1.6041e-06,0.52406
1.6042e-06,0.58618
1.6043e-06,0.45271
1.6044e-06,0.3873
1.6045e-06,0.29371
1.6046e-06,0.28378
1.6047e-06,0.41063
1.6048e-06,0.4249
1.6049e-06,0.49585
1.605e-06,0.68297
1.6051e-06,0.56447
1.6052e-06,0.67341
1.6053e-06,0.51133
1.6054e-06,0.55675
1.6055e-06,0.69279
1.6056e-06,0.53254
1.6057e-06,0.5458
1.6058e-06,0.546
1.6059e-06,0.61257
1.606e-06,0.49784
1.6061e-06,0.64719
1.6062e-06,0.5727
1.6063e-06,0.40417
1.6064e-06,0.46876
1.6065e-06,0.34275
1.6066e-06,0.62468
1.6067e-06,0.7393
1.6068e-06,0.7695
1.6069e-06,0.69151
1.607e-06,0.75449
1.6071e-06,0.56754
1.6072e-06,0.68185
1.6073e-06,0.67775
1.6074e-06,0.78101
1.6075e-06,0.59311
1.6076e-06,0.65597
1.6077e-06,0.66598
1.6078e-06,0.60003
1.6079e-06,0.64344
1.608e-06,0.70649
1.6081e-06,0.69854
1.6082e-06,0.52459
1.6083e-06,0.69728
1.6084e-06,0.69643
1.6085e-06,0.83997
1.6086e-06,0.72285
1.6087e-06,0.84127
1.6088e-06,0.60789
1.6089e-06,0.80401
1.609e-06,0.66921
1.6091e-06,0.89663
1.6092e-06,0.72375
1.6093e-06,0.63
1.6094e-06,0.75366
1.6095e-06,0.82107
1.6096e-06,0.79471
1.6097e-06,0.94701
1.6098e-06,0.70848
1.6099e-06,0.8437
1.61e-06,0.68296
1.6101e-06,0.69868
1.6102e-06,1.003
1.6103e-06,0.85529
1.6104e-06,0.65112
1.6105e-06,0.89974
1.6106e-06,0.94954
1.6107e-06,0.7687
1.6108e-06,0.8117
1.6109e-06,1.0768
1.611e-06,0.8102
1.6111e-06,0.5375
1.6112e-06,1.0432
1.6113e-06,0.9015
1.6114e-06,0.86629
1.6115e-06,0.90825
1.6116e-06,0.98787
1.6117e-06,0.83876
1.6118e-06,0.82871
1.6119e-06,0.83966
1.612e-06,1.1331
1.6121e-06,1.0626
1.6122e-06,1.0108
1.6123e-06,1.0442
1.6124e-06,1.0436
1.6125e-06,1.0658
1.6126e-06,0.89809
1.6127e-06,0.92838
1.6128e-06,0.89786
1.6129e-06,0.92266
1.613e-06,1.0677
1.6131e-06,1.0356
1.6132e-06,1.0955
1.6133e-06,1.0992
1.6134e-06,0.99313
1.6135e-06,1.0488
1.6136e-06,0.97372
1.6137e-06,1.0029
1.6138e-06,0.92503
1.6139e-06,0.98799
1.614e-06,1.0098
1.6141e-06,1.2159
1.6142e-06,0.96858
1.6143e-06,1.0584
1.6144e-06,1.1091
1.6145e-06,1.1867
1.6146e-06,1.1102
1.6147e-06,1.1952
1.6148e-06,1.1615
1.6149e-06,0.93005
1.615e-06,0.97316
1.6151e-06,1.1686
1.6152e-06,1.1498
1.6153e-06,1.1527
1.6154e-06,1.1901
1.6155e-06,1.1297
1.6156e-06,1.296
1.6157e-06,1.3013
1.6158e-06,1.1649
1.6159e-06,0.95921
1.616e-06,1.2224
1.6161e-06,1.1354
1.6162e-06,1.2918
1.6163e-06,1.1844
1.6164e-06,1.247
1.6165e-06,1.3409
1.6166e-06,1.3531
1.6167e-06,1.1637
1.6168e-06,1.2438
1.6169e-06,1.153
1.617e-06,1.5327
1.6171e-06,1.1583
1.6172e-06,1.2925
1.6173e-06,1.2169
1.6174e-06,1.4209
1.6175e-06,1.1686
1.6176e-06,1.5435
1.6177e-06,1.2074
1.6178e-06,1.1077
1.6179e-06,1.297
1.618e-06,1.3804
1.6181e-06,1.3234
1.6182e-06,1.4337
1.6183e-06,1.5705
1.6184e-06,1.2987
1.6185e-06,1.4824
1.6186e-06,1.3627
1.6187e-06,1.2224
1.6188e-06,1.7474
1.6189e-06,1.4058
1.619e-06,1.5651
1.6191e-06,1.566
1.6192e-06,1.4348
1.6193e-06,1.4474
1.6194e-06,1.4828
1.6195e-06,1.4223
1.6196e-06,1.4826
1.6197e-06,1.4775
1.6198e-06,1.523
1.6199e-06,1.3142
1.62e-06,1.4407
1.6201e-06,1.3669
1.6202e-06,1.4161
1.6203e-06,1.5617
1.6204e-06,1.7193
1.6205e-06,1.392
1.6206e-06,1.5976
1.6207e-06,1.4779
1.6208e-06,1.6541
1.6209e-06,1.667
1.621e-06,1.5042
1.6211e-06,1.5588
1.6212e-06,1.6405
1.6213e-06,1.5034
1.6214e-06,1.5141
1.6215e-06,1.4675
1.6216e-06,1.636
1.6217e-06,1.4701
1.6218e-06,1.6804
1.6219e-06,1.663
1.622e-06,1.5807
1.6221e-06,1.631
1.6222e-06,1.7698
1.6223e-06,1.3191
1.6224e-06,1.5868
1.6225e-06,1.7994
1.6226e-06,1.638
1.6227e-06,1.8468
1.6228e-06,1.3348
1.6229e-06,1.602
1.623e-06,1.6234
1.6231e-06,1.7654
1.6232e-06,1.7479
1.6233e-06,1.67
1.6234e-06,1.8647
1.6235e-06,1.8363
1.6236e-06,1.8171
1.6237e-06,1.7943
1.6238e-06,1.7251
1.6239e-06,1.9603
1.624e-06,1.5304
1.6241e-06,1.7349
1.6242e-06,1.6789
1.6243e-06,1.9758
1.6244e-06,1.9415
1.6245e-06,1.9598
1.6246e-06,1.7215
1.6247e-06,1.7436
1.6248e-06,1.7803
1.6249e-06,1.516
1.625e-06,1.7804
1.6251e-06,1.8079
1.6252e-06,1.5965
1.6253e-06,1.8443
1.6254e-06,1.9814
1.6255e-06,1.8008
1.6256e-06,1.7613
1.6257e-06,1.9515
1.6258e-06,1.9553
1.6259e-06,1.787
1.626e-06,1.9176
1.6261e-06,1.6954
1.6262e-06,2.0171
1.6263e-06,1.9805
1.6264e-06,1.9065
1.6265e-06,1.9571
1.6266e-06,1.9717
1.6267e-06,1.8943
1.6268e-06,1.9765
1.6269e-06,1.8756
1.627e-06,2.0436
1.6271e-06,1.8107
1.6272e-06,1.9744
1.6273e-06,2.082
1.6274e-06,1.878
1.6275e-06,1.9336
1.6276e-06,2.2334
1.6277e-06,1.929
1.6278e-06,1.9035
1.6279e-06,1.978
1.628e-06,2.0116
1.6281e-06,1.9941
1.6282e-06,2.2327
1.6283e-06,2.0101
1.6284e-06,2.0327
1.6285e-06,1.7373
1.6286e-06,1.8735
1.6287e-06,2.1223
1.6288e-06,1.8123
1.6289e-06,2.1518
1.629e-06,1.7923
1.6291e-06,1.9526
1.6292e-06,2.0224
1.6293e-06,1.9592
1.6294e-06,2.0785
1.6295e-06,2.1026
1.6296e-06,2.0622
1.6297e-06,2.0152
1.6298e-06,1.9896
1.6299e-06,1.9378
1.63e-06,2.2263
1.6301e-06,2.3274
1.6302e-06,2.1243
1.6303e-06,2.3317
1.6304e-06,2.0522
1.6305e-06,1.9652
1.6306e-06,1.9241
1.6307e-06,2.1189
1.6308e-06,2.1411
1.6309e-06,2.2623
1.631e-06,1.8998
1.6311e-06,2.2314
1.6312e-06,2.1672
1.6313e-06,2.2583
1.6314e-06,2.12
1.6315e-06,2.1412
1.6316e-06,2.0955
1.6317e-06,2.082
1.6318e-06,2.1594
1.6319e-06,2.307
1.632e-06,2.0356
1.6321e-06,2.4245
1.6322e-06,2.2229
1.6323e-06,2.3915
1.6324e-06,2.0999
1.6325e-06,2.1355
1.6326e-06,2.0068
1.6327e-06,2.3861
1.6328e-06,2.4077
1.6329e-06,2.3829
1.633e-06,2.5008
1.6331e-06,2.1207
1.6332e-06,2.1612
1.6333e-06,2.1214
1.6334e-06,2.4346
1.6335e-06,2.3325
1.6336e-06,2.5386
1.6337e-06,2.5077
1.6338e-06,2.3844
1.6339e-06,2.2524
1.634e-06,2.4316
1.6341e-06,2.2411
1.6342e-06,2.2552
1.6343e-06,2.4511
1.6344e-06,2.363
1.6345e-06,2.4203
1.6346e-06,2.3535
1.6347e-06,2.3277
1.6348e-06,2.3778
1.6349e-06,2.0814
1.635e-06,2.3763
1.6351e-06,2.1726
1.6352e-06,2.2884
1.6353e-06,2.3729
1.6354e-06,2.522
1.6355e-06,2.4142
1.6356e-06,2.3996
1.6357e-06,2.2038
1.6358e-06,2.1042
1.6359e-06,2.3623
1.636e-06,2.3172
1.6361e-06,2.1966
1.6362e-06,2.3828
1.6363e-06,2.3525
1.6364e-06,2.3964
1.6365e-06,2.4708
1.6366e-06,2.3894
1.6367e-06,2.3495
1.6368e-06,2.4485
1.6369e-06,2.5862
1.637e-06,2.3759
1.6371e-06,2.2741
1.6372e-06,2.6196
1.6373e-06,2.4309
1.6374e-06,2.504
1.6375e-06,2.3788
1.6376e-06,2.5925
1.6377e-06,2.5558
1.6378e-06,2.5917
1.6379e-06,2.5016
1.638e-06,2.7715
1.6381e-06,2.5246
1.6382e-06,2.3613
1.6383e-06,2.7144
1.6384e-06,2.5446
1.6385e-06,2.6178
1.6386e-06,2.7442
1.6387e-06,2.6067
1.6388e-06,2.6263
1.6389e-06,2.5273
1.639e-06,2.6147
1.6391e-06,2.5557
1.6392e-06,2.5148
1.6393e-06,2.6334
1.6394e-06,2.5463
1.6395e-06,2.6024
1.6396e-06,2.5274
1.6397e-06,2.5544
1.6398e-06,2.4459
1.6399e-06,2.7019
1.64e-06,2.7954
1.6401e-06,2.5318
1.6402e-06,2.7232
1.6403e-06,2.9577
1.6404e-06,2.7631
1.6405e-06,2.7037
1.6406e-06,2.3727
1.6407e-06,2.7283
1.6408e-06,2.6195
1.6409e-06,2.7461
1.641e-06,2.9171
1.6411e-06,2.61
1.6412e-06,2.5184
1.6413e-06,2.6561
1.6414e-06,2.6294
1.6415e-06,2.5991
1.6416e-06,2.7664
1.6417e-06,2.744
1.6418e-06,2.8661
1.6419e-06,2.8616
1.642e-06,2.8257
1.6421e-06,2.6904
1.6422e-06,3.0303
1.6423e-06,2.7349
1.6424e-06,2.8881
1.6425e-06,2.9371
1.6426e-06,2.5075
1.6427e-06,2.8606
1.6428e-06,2.7116
1.6429e-06,2.5947
1.643e-06,2.7605
1.6431e-06,2.6303
1.6432e-06,2.5694
1.6433e-06,2.7952
1.6434e-06,2.5661
1.6435e-06,2.8023
1.6436e-06,2.8401
1.6437e-06,2.8827
1.6438e-06,2.7815
1.6439e-06,2.6435
1.644e-06,2.9915
1.6441e-06,2.7467
1.6442e-06,2.8251
1.6443e-06,2.7506
1.6444e-06,2.7608
1.6445e-06,2.7592
1.6446e-06,2.8902
1.6447e-06,2.8501
1.6448e-06,2.7663
1.6449e-06,2.5722
1.645e-06,3.0214
1.6451e-06,2.7559
1.6452e-06,2.7918
1.6453e-06,2.9654
1.6454e-06,2.7522
1.6455e-06,2.8657
1.6456e-06,2.9162
1.6457e-06,2.7293
1.6458e-06,3.2364
1.6459e-06,2.7732
1.646e-06,2.862
1.6461e-06,2.8565
1.6462e-06,2.9121
1.6463e-06,2.504
1.6464e-06,2.5773
1.6465e-06,2.7347
1.6466e-06,2.9955
1.6467e-06,3.1032
1.6468e-06,2.847
1.6469e-06,2.9622
1.647e-06,3.1488
1.6471e-06,3.0138
1.6472e-06,2.977
1.6473e-06,3.4342
1.6474e-06,2.804
1.6475e-06,2.9783
1.6476e-06,3.1884
1.6477e-06,2.9241
1.6478e-06,3.3759
1.6479e-06,2.8045
1.648e-06,2.8117
1.6481e-06,2.8965
1.6482e-06,3.0072
1.6483e-06,2.8853
1.6484e-06,3.2153
1.6485e-06,3.107
1.6486e-06,3.0651
1.6487e-06,2.8279
1.6488e-06,2.9289
1.6489e-06,3.1599
1.649e-06,2.9924
1.6491e-06,3.1159
1.6492e-06,3.024
1.6493e-06,3.0798
1.6494e-06,3.1193
1.6495e-06,3.1212
1.6496e-06,2.9408
1.6497e-06,3.2277
1.6498e-06,2.8527
1.6499e-06,3.3101
1.65e-06,3.278
