1.35e-06,8.2594
1.3501e-06,8.3246
1.3502e-06,8.2975
1.3503e-06,8.33
1.3504e-06,8.2628
1.3505e-06,8.2826
1.3506e-06,8.2182
1.3507e-06,8.2864
1.3508e-06,8.3294
1.3509e-06,8.2688
1.351e-06,8.3618
1.3511e-06,8.2297
1.3512e-06,8.3586
1.3513e-06,8.2997
1.3514e-06,8.4625
1.3515e-06,8.3603
1.3516e-06,8.2434
1.3517e-06,8.1877
1.3518e-06,8.2357
1.3519e-06,8.2487
1.352e-06,8.2526
1.3521e-06,8.35
1.3522e-06,8.3255
1.3523e-06,8.2156
1.3524e-06,8.2227
1.3525e-06,8.2286
1.3526e-06,8.1699
1.3527e-06,8.0815
1.3528e-06,8.0351
1.3529e-06,8.1803
1.353e-06,8.2901
1.3531e-06,8.1543
1.3532e-06,8.0869
1.3533e-06,8.1855
1.3534e-06,8.0972
1.3535e-06,8.2461
1.3536e-06,8.3212
1.3537e-06,8.1083
1.3538e-06,8.1463
1.3539e-06,8.1363
1.354e-06,8.1838
1.3541e-06,8.1453
1.3542e-06,8.1021
1.3543e-06,8.097
1.3544e-06,8.2447
1.3545e-06,8.0739
1.3546e-06,8.0946
1.3547e-06,8.1937
1.3548e-06,8.0568
1.3549e-06,8.0122
1.355e-06,8.0175
1.3551e-06,8.0336
1.3552e-06,8.0422
1.3553e-06,7.9952
1.3554e-06,8.0006
1.3555e-06,8.0433
1.3556e-06,8.0442
1.3557e-06,8.0399
1.3558e-06,8.0623
1.3559e-06,8.0511
1.356e-06,8.0626
1.3561e-06,8.06
1.3562e-06,8.0488
1.3563e-06,8.163
1.3564e-06,7.9441
1.3565e-06,8.1235
1.3566e-06,7.9852
1.3567e-06,8.0927
1.3568e-06,8.1246
1.3569e-06,7.9594
1.357e-06,8.0368
1.3571e-06,7.9731
1.3572e-06,7.8661
1.3573e-06,8.0551
1.3574e-06,8.0379
1.3575e-06,8.0218
1.3576e-06,7.9441
1.3577e-06,7.9605
1.3578e-06,7.9293
1.3579e-06,8.0241
1.358e-06,7.953
1.3581e-06,7.922
1.3582e-06,8.0107
1.3583e-06,7.9741
1.3584e-06,7.8648
1.3585e-06,7.9871
1.3586e-06,7.8196
1.3587e-06,7.837
1.3588e-06,8.0649
1.3589e-06,7.9566
1.359e-06,7.8518
1.3591e-06,8.0051
1.3592e-06,7.9108
1.3593e-06,7.9228
1.3594e-06,7.9075
1.3595e-06,7.8005
1.3596e-06,7.8002
1.3597e-06,7.8933
1.3598e-06,7.7904
1.3599e-06,7.9663
1.36e-06,7.9016
1.3601e-06,7.9203
1.3602e-06,7.8612
1.3603e-06,7.701
1.3604e-06,7.7676
1.3605e-06,7.779
1.3606e-06,7.7923
1.3607e-06,7.8312
1.3608e-06,7.8069
1.3609e-06,7.8118
1.361e-06,7.7178
1.3611e-06,7.8045
1.3612e-06,7.7135
1.3613e-06,7.8462
1.3614e-06,7.786
1.3615e-06,7.789
1.3616e-06,7.7364
1.3617e-06,7.7555
1.3618e-06,7.7256
1.3619e-06,7.697
1.362e-06,7.7265
1.3621e-06,7.8501
1.3622e-06,7.6911
1.3623e-06,7.5603
1.3624e-06,7.6539
1.3625e-06,7.6509
1.3626e-06,7.6098
1.3627e-06,7.7171
1.3628e-06,7.6883
1.3629e-06,7.6632
1.363e-06,7.6902
1.3631e-06,7.7834
1.3632e-06,7.7361
1.3633e-06,7.7826
1.3634e-06,7.7334
1.3635e-06,7.8086
1.3636e-06,7.7886
1.3637e-06,7.8255
1.3638e-06,7.7208
1.3639e-06,7.702
1.364e-06,7.6825
1.3641e-06,7.6758
1.3642e-06,7.7878
1.3643e-06,7.7174
1.3644e-06,7.5599
1.3645e-06,7.6939
1.3646e-06,7.5345
1.3647e-06,7.593
1.3648e-06,7.5141
1.3649e-06,7.642
1.365e-06,7.7328
1.3651e-06,7.6026
1.3652e-06,7.7
1.3653e-06,7.4829
1.3654e-06,7.4697
1.3655e-06,7.6312
1.3656e-06,7.512
1.3657e-06,7.5117
1.3658e-06,7.3781
1.3659e-06,7.5266
1.366e-06,7.6659
1.3661e-06,7.6104
1.3662e-06,7.5073
1.3663e-06,7.5687
1.3664e-06,7.7025
1.3665e-06,7.6714
1.3666e-06,7.6153
1.3667e-06,7.4925
1.3668e-06,7.5275
1.3669e-06,7.5951
1.367e-06,7.5588
1.3671e-06,7.4354
1.3672e-06,7.585
1.3673e-06,7.5126
1.3674e-06,7.551
1.3675e-06,7.342
1.3676e-06,7.4926
1.3677e-06,7.5578
1.3678e-06,7.4333
1.3679e-06,7.5006
1.368e-06,7.4714
1.3681e-06,7.4711
1.3682e-06,7.5753
1.3683e-06,7.5123
1.3684e-06,7.5011
1.3685e-06,7.4424
1.3686e-06,7.438
1.3687e-06,7.398
1.3688e-06,7.4689
1.3689e-06,7.4392
1.369e-06,7.3536
1.3691e-06,7.4014
1.3692e-06,7.3109
1.3693e-06,7.464
1.3694e-06,7.3377
1.3695e-06,7.4486
1.3696e-06,7.3675
1.3697e-06,7.3768
1.3698e-06,7.4452
1.3699e-06,7.3378
1.37e-06,7.4332
1.3701e-06,7.3308
1.3702e-06,7.4391
1.3703e-06,7.4914
1.3704e-06,7.3256
1.3705e-06,7.4445
1.3706e-06,7.4477
1.3707e-06,7.3606
1.3708e-06,7.3583
1.3709e-06,7.2895
1.371e-06,7.1784
1.3711e-06,7.3363
1.3712e-06,7.2217
1.3713e-06,7.3331
1.3714e-06,7.2401
1.3715e-06,7.4162
1.3716e-06,7.3991
1.3717e-06,7.33
1.3718e-06,7.3922
1.3719e-06,7.4413
1.372e-06,7.2856
1.3721e-06,7.3897
1.3722e-06,7.1681
1.3723e-06,7.1844
1.3724e-06,7.2055
1.3725e-06,7.2265
1.3726e-06,7.2606
1.3727e-06,7.2152
1.3728e-06,7.3416
1.3729e-06,7.258
1.373e-06,7.2025
1.3731e-06,7.2023
1.3732e-06,7.2061
1.3733e-06,7.1327
1.3734e-06,7.3356
1.3735e-06,7.1948
1.3736e-06,7.1905
1.3737e-06,7.1884
1.3738e-06,7.3063
1.3739e-06,7.2593
1.374e-06,7.255
1.3741e-06,7.2049
1.3742e-06,7.2088
1.3743e-06,7.1035
1.3744e-06,7.2057
1.3745e-06,7.2121
1.3746e-06,7.1651
1.3747e-06,7.1591
1.3748e-06,7.1352
1.3749e-06,7.1702
1.375e-06,7.1062
1.3751e-06,7.1204
1.3752e-06,7.1346
1.3753e-06,7.232
1.3754e-06,7.1403
1.3755e-06,7.0994
1.3756e-06,7.0388
1.3757e-06,7.1681
1.3758e-06,7.3488
1.3759e-06,7.025
1.376e-06,7.0755
1.3761e-06,7.0988
1.3762e-06,7.1444
1.3763e-06,7.191
1.3764e-06,6.9503
1.3765e-06,7.1913
1.3766e-06,7.2235
1.3767e-06,7.0922
1.3768e-06,7.159
1.3769e-06,7.0181
1.377e-06,7.065
1.3771e-06,6.9349
1.3772e-06,7.0053
1.3773e-06,7.0562
1.3774e-06,7.0065
1.3775e-06,7.0151
1.3776e-06,6.8974
1.3777e-06,6.9775
1.3778e-06,7.0182
1.3779e-06,7.0006
1.378e-06,6.949
1.3781e-06,6.923
1.3782e-06,6.9801
1.3783e-06,7.001
1.3784e-06,6.9333
1.3785e-06,6.9749
1.3786e-06,6.9568
1.3787e-06,7.0236
1.3788e-06,6.8981
1.3789e-06,6.9653
1.379e-06,6.8969
1.3791e-06,6.9006
1.3792e-06,7.0021
1.3793e-06,6.9404
1.3794e-06,6.891
1.3795e-06,6.9016
1.3796e-06,7.0883
1.3797e-06,7.0379
1.3798e-06,6.8411
1.3799e-06,6.8598
1.38e-06,6.8734
1.3801e-06,6.9266
1.3802e-06,6.8991
1.3803e-06,6.9079
1.3804e-06,6.9331
1.3805e-06,6.825
1.3806e-06,6.9281
1.3807e-06,6.8945
1.3808e-06,6.9113
1.3809e-06,6.8216
1.381e-06,6.8735
1.3811e-06,6.8283
1.3812e-06,6.843
1.3813e-06,6.8484
1.3814e-06,6.8923
1.3815e-06,6.818
1.3816e-06,6.8562
1.3817e-06,6.8674
1.3818e-06,6.7661
1.3819e-06,6.7866
1.382e-06,6.8077
1.3821e-06,6.77
1.3822e-06,6.8428
1.3823e-06,6.7804
1.3824e-06,6.6373
1.3825e-06,6.6984
1.3826e-06,6.827
1.3827e-06,6.7952
1.3828e-06,6.7299
1.3829e-06,6.6655
1.383e-06,6.8517
1.3831e-06,6.6497
1.3832e-06,6.6841
1.3833e-06,6.713
1.3834e-06,6.7691
1.3835e-06,6.7234
1.3836e-06,6.7492
1.3837e-06,6.828
1.3838e-06,6.8352
1.3839e-06,6.5733
1.384e-06,6.6827
1.3841e-06,6.5822
1.3842e-06,6.6801
1.3843e-06,6.7399
1.3844e-06,6.666
1.3845e-06,6.6899
1.3846e-06,6.792
1.3847e-06,6.6548
1.3848e-06,6.6491
1.3849e-06,6.7389
1.385e-06,6.6367
1.3851e-06,6.6817
1.3852e-06,6.711
1.3853e-06,6.7198
1.3854e-06,6.7386
1.3855e-06,6.8365
1.3856e-06,6.6434
1.3857e-06,6.6789
1.3858e-06,6.5591
1.3859e-06,6.7789
1.386e-06,6.6201
1.3861e-06,6.7173
1.3862e-06,6.5859
1.3863e-06,6.4748
1.3864e-06,6.6481
1.3865e-06,6.6342
1.3866e-06,6.5103
1.3867e-06,6.7478
1.3868e-06,6.6114
1.3869e-06,6.658
1.387e-06,6.7106
1.3871e-06,6.5405
1.3872e-06,6.5485
1.3873e-06,6.7205
1.3874e-06,6.4673
1.3875e-06,6.6517
1.3876e-06,6.5915
1.3877e-06,6.5277
1.3878e-06,6.4787
1.3879e-06,6.545
1.388e-06,6.5634
1.3881e-06,6.4472
1.3882e-06,6.427
1.3883e-06,6.4749
1.3884e-06,6.4601
1.3885e-06,6.3876
1.3886e-06,6.408
1.3887e-06,6.416
1.3888e-06,6.6679
1.3889e-06,6.4519
1.389e-06,6.4318
1.3891e-06,6.4352
1.3892e-06,6.5306
1.3893e-06,6.6329
1.3894e-06,6.5677
1.3895e-06,6.4602
1.3896e-06,6.5401
1.3897e-06,6.4142
1.3898e-06,6.3942
1.3899e-06,6.4722
1.39e-06,6.3473
1.3901e-06,6.2892
1.3902e-06,6.4627
1.3903e-06,6.311
1.3904e-06,6.4806
1.3905e-06,6.2743
1.3906e-06,6.3443
1.3907e-06,6.4599
1.3908e-06,6.5528
1.3909e-06,6.2837
1.391e-06,6.2979
1.3911e-06,6.5519
1.3912e-06,6.2195
1.3913e-06,6.2211
1.3914e-06,6.1982
1.3915e-06,6.337
1.3916e-06,6.5601
1.3917e-06,6.3328
1.3918e-06,6.3835
1.3919e-06,6.2971
1.392e-06,6.4824
1.3921e-06,6.2767
1.3922e-06,6.3198
1.3923e-06,6.3022
1.3924e-06,6.2514
1.3925e-06,6.242
1.3926e-06,6.3139
1.3927e-06,6.2758
1.3928e-06,6.3497
1.3929e-06,6.3347
1.393e-06,6.288
1.3931e-06,6.2878
1.3932e-06,6.3563
1.3933e-06,6.4187
1.3934e-06,6.2747
1.3935e-06,6.3351
1.3936e-06,6.2531
1.3937e-06,6.3253
1.3938e-06,6.2598
1.3939e-06,6.1706
1.394e-06,6.2699
1.3941e-06,6.2334
1.3942e-06,6.2162
1.3943e-06,6.2462
1.3944e-06,6.1483
1.3945e-06,6.2883
1.3946e-06,6.3126
1.3947e-06,6.2046
1.3948e-06,6.2819
1.3949e-06,6.058
1.395e-06,6.1701
1.3951e-06,6.1723
1.3952e-06,6.2185
1.3953e-06,6.0982
1.3954e-06,6.0708
1.3955e-06,6.1612
1.3956e-06,6.1404
1.3957e-06,6.2024
1.3958e-06,6.1544
1.3959e-06,6.1838
1.396e-06,6.1529
1.3961e-06,6.2635
1.3962e-06,6.1418
1.3963e-06,6.023
1.3964e-06,6.084
1.3965e-06,5.9299
1.3966e-06,6.0262
1.3967e-06,5.9524
1.3968e-06,6.135
1.3969e-06,6.0237
1.397e-06,6.0806
1.3971e-06,5.9419
1.3972e-06,6.0166
1.3973e-06,6.1233
1.3974e-06,6.0291
1.3975e-06,5.9288
1.3976e-06,5.9725
1.3977e-06,6.0941
1.3978e-06,5.9633
1.3979e-06,5.993
1.398e-06,6.1231
1.3981e-06,5.9799
1.3982e-06,5.9336
1.3983e-06,6.0273
1.3984e-06,6.1354
1.3985e-06,5.9344
1.3986e-06,5.9516
1.3987e-06,5.9424
1.3988e-06,5.9533
1.3989e-06,5.984
1.399e-06,5.8695
1.3991e-06,5.9208
1.3992e-06,5.831
1.3993e-06,5.8979
1.3994e-06,5.8183
1.3995e-06,6.1568
1.3996e-06,5.8912
1.3997e-06,6.1033
1.3998e-06,5.9823
1.3999e-06,5.8321
1.4e-06,5.855
1.4001e-06,5.8676
1.4002e-06,5.9082
1.4003e-06,5.8007
1.4004e-06,5.8732
1.4005e-06,5.7782
1.4006e-06,5.8401
1.4007e-06,5.7462
1.4008e-06,5.8028
1.4009e-06,5.9118
1.401e-06,5.9234
1.4011e-06,5.7439
1.4012e-06,5.8611
1.4013e-06,5.8248
1.4014e-06,5.6539
1.4015e-06,5.7805
1.4016e-06,5.7554
1.4017e-06,5.8226
1.4018e-06,5.7846
1.4019e-06,5.8605
1.402e-06,5.754
1.4021e-06,5.7087
1.4022e-06,5.6306
1.4023e-06,5.8213
1.4024e-06,5.7543
1.4025e-06,5.9034
1.4026e-06,5.7792
1.4027e-06,5.6797
1.4028e-06,5.7541
1.4029e-06,5.854
1.403e-06,5.7861
1.4031e-06,5.7656
1.4032e-06,5.7623
1.4033e-06,5.7788
1.4034e-06,5.7807
1.4035e-06,5.6773
1.4036e-06,5.5282
1.4037e-06,5.6705
1.4038e-06,5.7791
1.4039e-06,5.6886
1.404e-06,5.781
1.4041e-06,5.7188
1.4042e-06,5.6344
1.4043e-06,5.598
1.4044e-06,5.692
1.4045e-06,5.691
1.4046e-06,5.4364
1.4047e-06,5.763
1.4048e-06,5.6899
1.4049e-06,5.5909
1.405e-06,5.5931
1.4051e-06,5.5154
1.4052e-06,5.4052
1.4053e-06,5.4932
1.4054e-06,5.5489
1.4055e-06,5.5366
1.4056e-06,5.489
1.4057e-06,5.5164
1.4058e-06,5.7258
1.4059e-06,5.5554
1.406e-06,5.4879
1.4061e-06,5.4197
1.4062e-06,5.5741
1.4063e-06,5.5229
1.4064e-06,5.457
1.4065e-06,5.5995
1.4066e-06,5.498
1.4067e-06,5.4096
1.4068e-06,5.5997
1.4069e-06,5.4065
1.407e-06,5.4705
1.4071e-06,5.3847
1.4072e-06,5.5098
1.4073e-06,5.3692
1.4074e-06,5.395
1.4075e-06,5.4377
1.4076e-06,5.4027
1.4077e-06,5.3658
1.4078e-06,5.3803
1.4079e-06,5.4466
1.408e-06,5.4794
1.4081e-06,5.4533
1.4082e-06,5.3335
1.4083e-06,5.2774
1.4084e-06,5.2477
1.4085e-06,5.3724
1.4086e-06,5.4366
1.4087e-06,5.2936
1.4088e-06,5.4332
1.4089e-06,5.443
1.409e-06,5.3461
1.4091e-06,5.1778
1.4092e-06,5.3812
1.4093e-06,5.2826
1.4094e-06,5.2359
1.4095e-06,5.3393
1.4096e-06,5.2813
1.4097e-06,5.4457
1.4098e-06,5.2725
1.4099e-06,5.1789
1.41e-06,5.1989
1.4101e-06,5.1969
1.4102e-06,5.5419
1.4103e-06,5.2447
1.4104e-06,5.2081
1.4105e-06,5.358
1.4106e-06,5.3227
1.4107e-06,5.1176
1.4108e-06,5.3487
1.4109e-06,5.3758
1.411e-06,5.2719
1.4111e-06,5.1168
1.4112e-06,5.2054
1.4113e-06,5.1539
1.4114e-06,5.2552
1.4115e-06,5.1175
1.4116e-06,5.0805
1.4117e-06,5.1801
1.4118e-06,5.2352
1.4119e-06,5.2387
1.412e-06,5.0965
1.4121e-06,5.1491
1.4122e-06,5.1364
1.4123e-06,5.1802
1.4124e-06,5.1928
1.4125e-06,4.9803
1.4126e-06,4.9776
1.4127e-06,4.8993
1.4128e-06,5.2284
1.4129e-06,5.1824
1.413e-06,4.9389
1.4131e-06,5.0346
1.4132e-06,5.1396
1.4133e-06,5.0557
1.4134e-06,5.1547
1.4135e-06,5.0501
1.4136e-06,5.0538
1.4137e-06,4.9676
1.4138e-06,4.912
1.4139e-06,4.9622
1.414e-06,5.0395
1.4141e-06,5.0948
1.4142e-06,4.884
1.4143e-06,5.0269
1.4144e-06,4.9879
1.4145e-06,4.9951
1.4146e-06,5.075
1.4147e-06,4.8622
1.4148e-06,4.8792
1.4149e-06,4.9925
1.415e-06,4.9863
1.4151e-06,5.0132
1.4152e-06,4.964
1.4153e-06,4.9129
1.4154e-06,4.9023
1.4155e-06,4.9442
1.4156e-06,4.896
1.4157e-06,4.9377
1.4158e-06,4.9244
1.4159e-06,4.8446
1.416e-06,4.9746
1.4161e-06,4.9193
1.4162e-06,5.0166
1.4163e-06,4.9216
1.4164e-06,4.7719
1.4165e-06,4.9195
1.4166e-06,4.7393
1.4167e-06,4.9452
1.4168e-06,4.7143
1.4169e-06,4.8273
1.417e-06,4.7981
1.4171e-06,4.8369
1.4172e-06,4.8678
1.4173e-06,4.879
1.4174e-06,4.8295
1.4175e-06,4.8569
1.4176e-06,4.9018
1.4177e-06,4.7899
1.4178e-06,4.6852
1.4179e-06,4.7415
1.418e-06,4.6811
1.4181e-06,4.8713
1.4182e-06,4.891
1.4183e-06,4.6725
1.4184e-06,4.7243
1.4185e-06,4.7486
1.4186e-06,4.7496
1.4187e-06,4.748
1.4188e-06,4.7677
1.4189e-06,4.6478
1.419e-06,4.767
1.4191e-06,4.6423
1.4192e-06,4.5779
1.4193e-06,4.5076
1.4194e-06,4.6703
1.4195e-06,4.5649
1.4196e-06,4.6487
1.4197e-06,4.5568
1.4198e-06,4.6961
1.4199e-06,4.5348
1.42e-06,4.6573
1.4201e-06,4.5065
1.4202e-06,4.7967
1.4203e-06,4.6313
1.4204e-06,4.4719
1.4205e-06,4.6014
1.4206e-06,4.4711
1.4207e-06,4.4448
1.4208e-06,4.4807
1.4209e-06,4.3769
1.421e-06,4.7114
1.4211e-06,4.5672
1.4212e-06,4.5656
1.4213e-06,4.4861
1.4214e-06,4.4188
1.4215e-06,4.4635
1.4216e-06,4.5641
1.4217e-06,4.5288
1.4218e-06,4.4918
1.4219e-06,4.4406
1.422e-06,4.5036
1.4221e-06,4.5346
1.4222e-06,4.4227
1.4223e-06,4.5163
1.4224e-06,4.4089
1.4225e-06,4.427
1.4226e-06,4.4323
1.4227e-06,4.3403
1.4228e-06,4.4025
1.4229e-06,4.3743
1.423e-06,4.2461
1.4231e-06,4.4118
1.4232e-06,4.3089
1.4233e-06,4.2035
1.4234e-06,4.4412
1.4235e-06,4.3547
1.4236e-06,4.4333
1.4237e-06,4.2554
1.4238e-06,4.349
1.4239e-06,4.4179
1.424e-06,4.4009
1.4241e-06,4.3879
1.4242e-06,4.412
1.4243e-06,4.3573
1.4244e-06,4.3268
1.4245e-06,4.3138
1.4246e-06,4.3713
1.4247e-06,4.196
1.4248e-06,4.2604
1.4249e-06,4.1824
1.425e-06,4.2458
1.4251e-06,4.2692
1.4252e-06,4.3019
1.4253e-06,4.3332
1.4254e-06,4.2724
1.4255e-06,4.2457
1.4256e-06,4.2605
1.4257e-06,4.2967
1.4258e-06,4.2985
1.4259e-06,4.3581
1.426e-06,4.3545
1.4261e-06,4.1311
1.4262e-06,4.2254
1.4263e-06,4.1824
1.4264e-06,4.0971
1.4265e-06,4.1311
1.4266e-06,4.1347
1.4267e-06,4.3044
1.4268e-06,4.1597
1.4269e-06,4.1959
1.427e-06,4.0371
1.4271e-06,4.3225
1.4272e-06,3.9485
1.4273e-06,4.1762
1.4274e-06,4.1333
1.4275e-06,4.0653
1.4276e-06,4.1202
1.4277e-06,3.9391
1.4278e-06,4.0423
1.4279e-06,4.0671
1.428e-06,4.0654
1.4281e-06,4.0681
1.4282e-06,3.9715
1.4283e-06,3.9903
1.4284e-06,4.0125
1.4285e-06,4.0375
1.4286e-06,3.9491
1.4287e-06,3.9187
1.4288e-06,3.9005
1.4289e-06,3.9963
1.429e-06,3.9551
1.4291e-06,3.9196
1.4292e-06,3.9679
1.4293e-06,3.9322
1.4294e-06,3.9215
1.4295e-06,4.0126
1.4296e-06,3.8034
1.4297e-06,3.8721
1.4298e-06,3.9266
1.4299e-06,3.7971
1.43e-06,4.0461
1.4301e-06,3.9213
1.4302e-06,3.8274
1.4303e-06,3.8811
1.4304e-06,3.9971
1.4305e-06,3.9203
1.4306e-06,3.9194
1.4307e-06,3.7875
1.4308e-06,3.9657
1.4309e-06,3.7764
1.431e-06,3.7881
1.4311e-06,3.8494
1.4312e-06,3.8462
1.4313e-06,3.6466
1.4314e-06,3.8339
1.4315e-06,3.9226
1.4316e-06,3.7772
1.4317e-06,3.9818
1.4318e-06,3.8327
1.4319e-06,3.6902
1.432e-06,3.8234
1.4321e-06,3.6763
1.4322e-06,3.7114
1.4323e-06,3.6891
1.4324e-06,3.7942
1.4325e-06,3.6904
1.4326e-06,3.7404
1.4327e-06,3.8547
1.4328e-06,3.8649
1.4329e-06,3.7456
1.433e-06,3.6438
1.4331e-06,3.6919
1.4332e-06,3.7427
1.4333e-06,3.6382
1.4334e-06,3.4959
1.4335e-06,3.5783
1.4336e-06,3.6203
1.4337e-06,3.6369
1.4338e-06,3.6082
1.4339e-06,3.6642
1.434e-06,3.6949
1.4341e-06,3.6676
1.4342e-06,3.6758
1.4343e-06,3.6953
1.4344e-06,3.6425
1.4345e-06,3.7117
1.4346e-06,3.5231
1.4347e-06,3.6902
1.4348e-06,3.43
1.4349e-06,3.7012
1.435e-06,3.6134
1.4351e-06,3.4611
1.4352e-06,3.6763
1.4353e-06,3.4883
1.4354e-06,3.4754
1.4355e-06,3.3559
1.4356e-06,3.2568
1.4357e-06,3.5143
1.4358e-06,3.4168
1.4359e-06,3.5093
1.436e-06,3.4168
1.4361e-06,3.4347
1.4362e-06,3.3998
1.4363e-06,3.4572
1.4364e-06,3.4637
1.4365e-06,3.4487
1.4366e-06,3.405
1.4367e-06,3.4266
1.4368e-06,3.2218
1.4369e-06,3.5365
1.437e-06,3.3288
1.4371e-06,3.3963
1.4372e-06,3.3778
1.4373e-06,3.2733
1.4374e-06,3.311
1.4375e-06,3.4092
1.4376e-06,3.4292
1.4377e-06,3.3107
1.4378e-06,3.2619
1.4379e-06,3.2625
1.438e-06,3.3641
1.4381e-06,3.3706
1.4382e-06,3.355
1.4383e-06,3.1808
1.4384e-06,3.3103
1.4385e-06,3.2643
1.4386e-06,3.3339
1.4387e-06,3.17
1.4388e-06,3.1349
1.4389e-06,3.0834
1.439e-06,3.2933
1.4391e-06,3.2763
1.4392e-06,3.22
1.4393e-06,3.259
1.4394e-06,3.1358
1.4395e-06,3.2854
1.4396e-06,3.0238
1.4397e-06,3.2294
1.4398e-06,3.2204
1.4399e-06,3.2359
1.44e-06,3.1073
1.4401e-06,3.2219
1.4402e-06,3.073
1.4403e-06,3.0171
1.4404e-06,2.9323
1.4405e-06,3.1091
1.4406e-06,3.1446
1.4407e-06,3.0646
1.4408e-06,3.1339
1.4409e-06,3.1622
1.441e-06,3.087
1.4411e-06,3.1443
1.4412e-06,2.967
1.4413e-06,3.0587
1.4414e-06,2.9685
1.4415e-06,2.9157
1.4416e-06,2.9683
1.4417e-06,2.9785
1.4418e-06,3.0938
1.4419e-06,2.8987
1.442e-06,3.0397
1.4421e-06,3.0385
1.4422e-06,2.8781
1.4423e-06,2.9489
1.4424e-06,3.0971
1.4425e-06,3.0053
1.4426e-06,2.8928
1.4427e-06,3.0456
1.4428e-06,3.0002
1.4429e-06,3.0827
1.443e-06,3.0116
1.4431e-06,2.9377
1.4432e-06,3.0053
1.4433e-06,2.8201
1.4434e-06,2.9008
1.4435e-06,3.047
1.4436e-06,2.8552
1.4437e-06,3.0072
1.4438e-06,2.9236
1.4439e-06,2.8496
1.444e-06,2.838
1.4441e-06,2.7158
1.4442e-06,2.7486
1.4443e-06,2.7828
1.4444e-06,2.7797
1.4445e-06,2.8719
1.4446e-06,2.686
1.4447e-06,2.8138
1.4448e-06,2.9547
1.4449e-06,2.9372
1.445e-06,2.9108
1.4451e-06,2.7162
1.4452e-06,2.4813
1.4453e-06,2.6789
1.4454e-06,2.8262
1.4455e-06,2.6846
1.4456e-06,2.6854
1.4457e-06,2.6212
1.4458e-06,2.5765
1.4459e-06,2.8707
1.446e-06,2.6332
1.4461e-06,2.6602
1.4462e-06,2.5871
1.4463e-06,2.5184
1.4464e-06,2.7421
1.4465e-06,2.7543
1.4466e-06,2.7814
1.4467e-06,2.8151
1.4468e-06,2.55
1.4469e-06,2.5015
1.447e-06,2.53
1.4471e-06,2.5591
1.4472e-06,2.6353
1.4473e-06,2.4485
1.4474e-06,2.5394
1.4475e-06,2.6089
1.4476e-06,2.4408
1.4477e-06,2.5577
1.4478e-06,2.3416
1.4479e-06,2.4637
1.448e-06,2.4338
1.4481e-06,2.5657
1.4482e-06,2.4281
1.4483e-06,2.5273
1.4484e-06,2.4195
1.4485e-06,2.476
1.4486e-06,2.4672
1.4487e-06,2.4321
1.4488e-06,2.5109
1.4489e-06,2.1745
1.449e-06,2.4108
1.4491e-06,2.2577
1.4492e-06,2.4299
1.4493e-06,2.4473
1.4494e-06,2.5299
1.4495e-06,2.3554
1.4496e-06,2.3517
1.4497e-06,2.3026
1.4498e-06,2.355
1.4499e-06,2.2575
1.45e-06,2.3619
1.4501e-06,2.3795
1.4502e-06,2.3654
1.4503e-06,2.3069
1.4504e-06,2.2179
1.4505e-06,2.3581
1.4506e-06,2.025
1.4507e-06,2.3126
1.4508e-06,2.4096
1.4509e-06,2.2028
1.451e-06,2.3021
1.4511e-06,2.1737
1.4512e-06,2.2848
1.4513e-06,2.2578
1.4514e-06,2.1878
1.4515e-06,2.1453
1.4516e-06,2.1594
1.4517e-06,2.1293
1.4518e-06,2.2
1.4519e-06,2.1081
1.452e-06,2.1137
1.4521e-06,2.1759
1.4522e-06,2.1557
1.4523e-06,2.0862
1.4524e-06,2.2604
1.4525e-06,2.1781
1.4526e-06,2.1872
1.4527e-06,2.1078
1.4528e-06,2.0645
1.4529e-06,1.9943
1.453e-06,2.2497
1.4531e-06,1.949
1.4532e-06,2.0575
1.4533e-06,2.2031
1.4534e-06,2.2246
1.4535e-06,1.9797
1.4536e-06,1.9387
1.4537e-06,1.8508
1.4538e-06,2.0247
1.4539e-06,1.9661
1.454e-06,2.0149
1.4541e-06,2.0119
1.4542e-06,1.936
1.4543e-06,1.8762
1.4544e-06,1.8583
1.4545e-06,1.9946
1.4546e-06,1.937
1.4547e-06,1.9943
1.4548e-06,1.7756
1.4549e-06,1.9284
1.455e-06,1.8962
1.4551e-06,1.8123
1.4552e-06,1.8319
1.4553e-06,1.7655
1.4554e-06,1.8507
1.4555e-06,1.9074
1.4556e-06,1.769
1.4557e-06,1.8401
1.4558e-06,1.8273
1.4559e-06,1.8232
1.456e-06,1.7418
1.4561e-06,1.7265
1.4562e-06,1.8069
1.4563e-06,1.7762
1.4564e-06,1.7416
1.4565e-06,1.8811
1.4566e-06,1.5641
1.4567e-06,1.7671
1.4568e-06,1.6392
1.4569e-06,1.6338
1.457e-06,1.6537
1.4571e-06,1.6587
1.4572e-06,1.6223
1.4573e-06,1.5668
1.4574e-06,1.4993
1.4575e-06,1.7089
1.4576e-06,1.5339
1.4577e-06,1.6374
1.4578e-06,1.7151
1.4579e-06,1.6162
1.458e-06,1.6284
1.4581e-06,1.6882
1.4582e-06,1.4798
1.4583e-06,1.4762
1.4584e-06,1.5526
1.4585e-06,1.5051
1.4586e-06,1.5904
1.4587e-06,1.5365
1.4588e-06,1.5574
1.4589e-06,1.4616
1.459e-06,1.36
1.4591e-06,1.5172
1.4592e-06,1.3962
1.4593e-06,1.612
1.4594e-06,1.5119
1.4595e-06,1.4182
1.4596e-06,1.4604
1.4597e-06,1.4929
1.4598e-06,1.5118
1.4599e-06,1.5185
1.46e-06,1.3849
1.4601e-06,1.403
1.4602e-06,1.3987
1.4603e-06,1.3522
1.4604e-06,1.3069
1.4605e-06,1.3205
1.4606e-06,1.4649
1.4607e-06,1.4477
1.4608e-06,1.3747
1.4609e-06,1.3451
1.461e-06,1.2634
1.4611e-06,1.1871
1.4612e-06,1.273
1.4613e-06,1.1524
1.4614e-06,1.2162
1.4615e-06,1.2722
1.4616e-06,1.3401
1.4617e-06,1.2262
1.4618e-06,1.1071
1.4619e-06,1.1362
1.462e-06,1.2349
1.4621e-06,1.1654
1.4622e-06,1.0879
1.4623e-06,1.2524
1.4624e-06,1.2755
1.4625e-06,1.2364
1.4626e-06,1.1933
1.4627e-06,1.2687
1.4628e-06,1.1936
1.4629e-06,1.2944
1.463e-06,1.0648
1.4631e-06,1.2007
1.4632e-06,1.0519
1.4633e-06,1.1578
1.4634e-06,1.1553
1.4635e-06,0.85761
1.4636e-06,1.2679
1.4637e-06,1.0518
1.4638e-06,0.97824
1.4639e-06,1.1437
1.464e-06,1.0915
1.4641e-06,0.98171
1.4642e-06,0.82652
1.4643e-06,0.95834
1.4644e-06,0.89535
1.4645e-06,0.87521
1.4646e-06,0.87048
1.4647e-06,1.12
1.4648e-06,0.93676
1.4649e-06,0.78086
1.465e-06,0.85629
1.4651e-06,0.72892
1.4652e-06,0.86553
1.4653e-06,0.89865
1.4654e-06,0.94864
1.4655e-06,0.82848
1.4656e-06,0.74176
1.4657e-06,0.84462
1.4658e-06,0.60349
1.4659e-06,0.74649
1.466e-06,0.92864
1.4661e-06,0.81047
1.4662e-06,0.73774
1.4663e-06,0.74864
1.4664e-06,0.8307
1.4665e-06,0.61346
1.4666e-06,0.70041
1.4667e-06,0.75155
1.4668e-06,0.80906
1.4669e-06,0.66229
1.467e-06,0.70882
1.4671e-06,0.79015
1.4672e-06,0.74504
1.4673e-06,0.6499
1.4674e-06,0.71173
1.4675e-06,0.55718
1.4676e-06,0.54515
1.4677e-06,0.56849
1.4678e-06,0.60475
1.4679e-06,0.55117
1.468e-06,0.63318
1.4681e-06,0.6106
1.4682e-06,0.71526
1.4683e-06,0.4845
1.4684e-06,0.37475
1.4685e-06,0.4616
1.4686e-06,0.53423
1.4687e-06,0.43954
1.4688e-06,0.52536
1.4689e-06,0.49165
1.469e-06,0.52604
1.4691e-06,0.4162
1.4692e-06,0.52339
1.4693e-06,0.41123
1.4694e-06,0.45094
1.4695e-06,0.45377
1.4696e-06,0.40562
1.4697e-06,0.29105
1.4698e-06,0.33958
1.4699e-06,0.50214
1.47e-06,0.1874
1.4701e-06,0.30307
1.4702e-06,0.29948
1.4703e-06,0.46914
1.4704e-06,0.34335
1.4705e-06,0.23779
1.4706e-06,0.20442
1.4707e-06,0.19985
1.4708e-06,0.3399
1.4709e-06,0.25149
1.471e-06,0.32395
1.4711e-06,0.21424
1.4712e-06,0.23672
1.4713e-06,0.22735
1.4714e-06,0.24012
1.4715e-06,0.30475
1.4716e-06,0.01069
1.4717e-06,0.21609
1.4718e-06,0.25421
1.4719e-06,0.18137
1.472e-06,0.29269
1.4721e-06,0.13322
1.4722e-06,0.21354
1.4723e-06,-0.042029
1.4724e-06,0.049694
1.4725e-06,0.094483
1.4726e-06,0.14343
1.4727e-06,0.067925
1.4728e-06,0.038662
1.4729e-06,-0.072446
1.473e-06,-0.050292
1.4731e-06,-0.02564
1.4732e-06,0.10905
1.4733e-06,-0.15432
1.4734e-06,0.0034742
1.4735e-06,-0.045027
1.4736e-06,-0.061958
1.4737e-06,0.049515
1.4738e-06,-0.060338
1.4739e-06,0.11223
1.474e-06,0.0023872
1.4741e-06,-0.055146
1.4742e-06,0.0092577
1.4743e-06,-0.3578
1.4744e-06,-0.13907
1.4745e-06,-0.30215
1.4746e-06,-0.061507
1.4747e-06,-0.324
1.4748e-06,-0.18684
1.4749e-06,-0.24253
1.475e-06,-0.25134
1.4751e-06,-0.15268
1.4752e-06,-0.1218
1.4753e-06,-0.24461
1.4754e-06,-0.24324
1.4755e-06,-0.30399
1.4756e-06,-0.30321
1.4757e-06,-0.20965
1.4758e-06,-0.32473
1.4759e-06,-0.34708
1.476e-06,-0.20431
1.4761e-06,-0.56592
1.4762e-06,-0.25486
1.4763e-06,-0.27709
1.4764e-06,-0.28137
1.4765e-06,-0.33485
1.4766e-06,-0.41549
1.4767e-06,-0.43778
1.4768e-06,-0.51895
1.4769e-06,-0.46672
1.477e-06,-0.4109
1.4771e-06,-0.54094
1.4772e-06,-0.39437
1.4773e-06,-0.53105
1.4774e-06,-0.4628
1.4775e-06,-0.5732
1.4776e-06,-0.43034
1.4777e-06,-0.40011
1.4778e-06,-0.60566
1.4779e-06,-0.51334
1.478e-06,-0.50777
1.4781e-06,-0.68751
1.4782e-06,-0.42448
1.4783e-06,-0.61035
1.4784e-06,-0.65444
1.4785e-06,-0.47958
1.4786e-06,-0.70115
1.4787e-06,-0.70452
1.4788e-06,-0.71525
1.4789e-06,-0.72935
1.479e-06,-0.76241
1.4791e-06,-0.63869
1.4792e-06,-0.78749
1.4793e-06,-0.72979
1.4794e-06,-0.82915
1.4795e-06,-0.87477
1.4796e-06,-0.71773
1.4797e-06,-0.74456
1.4798e-06,-0.57388
1.4799e-06,-0.8362
1.48e-06,-0.71073
1.4801e-06,-0.70981
1.4802e-06,-0.90863
1.4803e-06,-0.89195
1.4804e-06,-0.89673
1.4805e-06,-0.81219
1.4806e-06,-0.84782
1.4807e-06,-0.87399
1.4808e-06,-0.85585
1.4809e-06,-0.86377
1.481e-06,-1.0421
1.4811e-06,-0.98756
1.4812e-06,-1.1187
1.4813e-06,-0.89775
1.4814e-06,-0.86445
1.4815e-06,-0.94068
1.4816e-06,-0.89761
1.4817e-06,-1.0091
1.4818e-06,-1.0141
1.4819e-06,-0.98709
1.482e-06,-1.0577
1.4821e-06,-0.97451
1.4822e-06,-1.2236
1.4823e-06,-1.0073
1.4824e-06,-1.1774
1.4825e-06,-0.95099
1.4826e-06,-1.0101
1.4827e-06,-0.98208
1.4828e-06,-1.0373
1.4829e-06,-1.0881
1.483e-06,-1.1227
1.4831e-06,-1.2152
1.4832e-06,-1.2767
1.4833e-06,-1.3279
1.4834e-06,-1.2214
1.4835e-06,-1.1708
1.4836e-06,-1.0929
1.4837e-06,-1.2173
1.4838e-06,-1.3521
1.4839e-06,-1.2655
1.484e-06,-1.3462
1.4841e-06,-1.2903
1.4842e-06,-1.3836
1.4843e-06,-1.3345
1.4844e-06,-1.2835
1.4845e-06,-1.323
1.4846e-06,-1.2093
1.4847e-06,-1.2502
1.4848e-06,-1.3467
1.4849e-06,-1.6104
1.485e-06,-1.422
1.4851e-06,-1.3486
1.4852e-06,-1.3838
1.4853e-06,-1.3873
1.4854e-06,-1.5306
1.4855e-06,-1.3635
1.4856e-06,-1.364
1.4857e-06,-1.4124
1.4858e-06,-1.6417
1.4859e-06,-1.5987
1.486e-06,-1.3945
1.4861e-06,-1.5794
1.4862e-06,-1.6595
1.4863e-06,-1.4079
1.4864e-06,-1.6669
1.4865e-06,-1.6153
1.4866e-06,-1.5073
1.4867e-06,-1.7207
1.4868e-06,-1.7079
1.4869e-06,-1.7289
1.487e-06,-1.5742
1.4871e-06,-1.7075
1.4872e-06,-1.6071
1.4873e-06,-1.8056
1.4874e-06,-1.7195
1.4875e-06,-1.8548
1.4876e-06,-1.8072
1.4877e-06,-1.8931
1.4878e-06,-1.9183
1.4879e-06,-1.7582
1.488e-06,-1.9264
1.4881e-06,-1.8389
1.4882e-06,-1.8052
1.4883e-06,-1.8277
1.4884e-06,-1.9022
1.4885e-06,-1.8323
1.4886e-06,-2.011
1.4887e-06,-1.8347
1.4888e-06,-1.7547
1.4889e-06,-1.8977
1.489e-06,-1.9688
1.4891e-06,-2.1694
1.4892e-06,-2.0174
1.4893e-06,-1.985
1.4894e-06,-2.1645
1.4895e-06,-1.959
1.4896e-06,-1.9178
1.4897e-06,-1.9373
1.4898e-06,-2.1086
1.4899e-06,-2.1674
1.49e-06,-2.0555
1.4901e-06,-2.0811
1.4902e-06,-2.2375
1.4903e-06,-2.2706
1.4904e-06,-2.0811
1.4905e-06,-2.1179
1.4906e-06,-2.2107
1.4907e-06,-2.2165
1.4908e-06,-2.2693
1.4909e-06,-2.3932
1.491e-06,-2.2134
1.4911e-06,-2.2695
1.4912e-06,-2.1404
1.4913e-06,-2.1845
1.4914e-06,-2.332
1.4915e-06,-2.4089
1.4916e-06,-2.2361
1.4917e-06,-2.2565
1.4918e-06,-2.2861
1.4919e-06,-2.4795
1.492e-06,-2.4996
1.4921e-06,-2.5588
1.4922e-06,-2.4862
1.4923e-06,-2.4764
1.4924e-06,-2.3125
1.4925e-06,-2.4456
1.4926e-06,-2.5927
1.4927e-06,-2.5182
1.4928e-06,-2.5788
1.4929e-06,-2.5963
1.493e-06,-2.4594
1.4931e-06,-2.4998
1.4932e-06,-2.5509
1.4933e-06,-2.5415
1.4934e-06,-2.4771
1.4935e-06,-2.7264
1.4936e-06,-2.5718
1.4937e-06,-2.6989
1.4938e-06,-2.6554
1.4939e-06,-2.6895
1.494e-06,-2.6326
1.4941e-06,-2.5345
1.4942e-06,-2.844
1.4943e-06,-2.714
1.4944e-06,-2.7361
1.4945e-06,-2.8554
1.4946e-06,-2.6704
1.4947e-06,-2.6728
1.4948e-06,-2.7872
1.4949e-06,-2.7972
1.495e-06,-2.8434
1.4951e-06,-2.8513
1.4952e-06,-2.8181
1.4953e-06,-2.8893
1.4954e-06,-2.936
1.4955e-06,-2.7608
1.4956e-06,-2.9591
1.4957e-06,-2.919
1.4958e-06,-2.8481
1.4959e-06,-2.9875
1.496e-06,-3.0005
1.4961e-06,-3.0589
1.4962e-06,-2.993
1.4963e-06,-3.1201
1.4964e-06,-2.8729
1.4965e-06,-3.2813
1.4966e-06,-3.1751
1.4967e-06,-3.0651
1.4968e-06,-3.0488
1.4969e-06,-3.049
1.497e-06,-3.1532
1.4971e-06,-3.0357
1.4972e-06,-3.2072
1.4973e-06,-3.2952
1.4974e-06,-3.2078
1.4975e-06,-3.1976
1.4976e-06,-3.2541
1.4977e-06,-3.1865
1.4978e-06,-3.1981
1.4979e-06,-3.2582
1.498e-06,-3.32
1.4981e-06,-3.1878
1.4982e-06,-3.2629
1.4983e-06,-3.1855
1.4984e-06,-3.3148
1.4985e-06,-3.2734
1.4986e-06,-3.5006
1.4987e-06,-3.4165
1.4988e-06,-3.3825
1.4989e-06,-3.3705
1.499e-06,-3.4695
1.4991e-06,-3.6438
1.4992e-06,-3.5254
1.4993e-06,-3.5381
1.4994e-06,-3.5413
1.4995e-06,-3.543
1.4996e-06,-3.6604
1.4997e-06,-3.3279
1.4998e-06,-3.617
1.4999e-06,-3.5289
1.5e-06,-3.829
1.5001e-06,-3.6492
1.5002e-06,-3.6157
1.5003e-06,-3.7177
1.5004e-06,-3.7582
1.5005e-06,-3.7479
1.5006e-06,-3.5602
1.5007e-06,-3.7745
1.5008e-06,-3.7321
1.5009e-06,-3.5049
1.501e-06,-3.6616
1.5011e-06,-3.7543
1.5012e-06,-3.89
1.5013e-06,-3.7098
1.5014e-06,-3.7367
1.5015e-06,-3.9783
1.5016e-06,-3.8457
1.5017e-06,-3.8845
1.5018e-06,-3.8786
1.5019e-06,-3.9168
1.502e-06,-3.9793
1.5021e-06,-3.9233
1.5022e-06,-4.0324
1.5023e-06,-4.1561
1.5024e-06,-4.0377
1.5025e-06,-4.1196
1.5026e-06,-4.2185
1.5027e-06,-3.9582
1.5028e-06,-4.0318
1.5029e-06,-4.0683
1.503e-06,-4.1625
1.5031e-06,-4.0182
1.5032e-06,-4.021
1.5033e-06,-4.1151
1.5034e-06,-3.9975
1.5035e-06,-4.011
1.5036e-06,-4.3338
1.5037e-06,-4.2393
1.5038e-06,-4.4307
1.5039e-06,-4.3943
1.504e-06,-4.4695
1.5041e-06,-4.3452
1.5042e-06,-4.2915
1.5043e-06,-4.3899
1.5044e-06,-4.39
1.5045e-06,-4.312
1.5046e-06,-4.3627
1.5047e-06,-4.4331
1.5048e-06,-4.3391
1.5049e-06,-4.245
1.505e-06,-4.3671
1.5051e-06,-4.5357
1.5052e-06,-4.351
1.5053e-06,-4.443
1.5054e-06,-4.575
1.5055e-06,-4.886
1.5056e-06,-4.6062
1.5057e-06,-4.7031
1.5058e-06,-4.4731
1.5059e-06,-4.5641
1.506e-06,-4.6818
1.5061e-06,-4.7185
1.5062e-06,-4.6037
1.5063e-06,-4.7972
1.5064e-06,-4.8402
1.5065e-06,-4.6707
1.5066e-06,-4.7666
1.5067e-06,-4.7658
1.5068e-06,-4.9034
1.5069e-06,-4.8194
1.507e-06,-4.7196
1.5071e-06,-4.9506
1.5072e-06,-4.7818
1.5073e-06,-4.8327
1.5074e-06,-4.817
1.5075e-06,-5.0698
1.5076e-06,-4.9369
1.5077e-06,-5.1159
1.5078e-06,-5.0792
1.5079e-06,-5.0915
1.508e-06,-4.7932
1.5081e-06,-5.0238
1.5082e-06,-5.1535
1.5083e-06,-5.1315
1.5084e-06,-5.1133
1.5085e-06,-5.0575
1.5086e-06,-5.2201
1.5087e-06,-5.0955
1.5088e-06,-4.9605
1.5089e-06,-5.3658
1.509e-06,-5.1787
1.5091e-06,-5.3621
1.5092e-06,-5.1472
1.5093e-06,-5.3837
1.5094e-06,-5.314
1.5095e-06,-5.2042
1.5096e-06,-5.2117
1.5097e-06,-5.4195
1.5098e-06,-5.4086
1.5099e-06,-5.6268
1.51e-06,-5.5664
1.5101e-06,-5.4181
1.5102e-06,-5.341
1.5103e-06,-5.4501
1.5104e-06,-5.5303
1.5105e-06,-5.5904
1.5106e-06,-5.5932
1.5107e-06,-5.5339
1.5108e-06,-5.6095
1.5109e-06,-5.7174
1.511e-06,-5.5996
1.5111e-06,-5.5045
1.5112e-06,-5.6161
1.5113e-06,-5.9594
1.5114e-06,-5.8485
1.5115e-06,-5.6454
1.5116e-06,-5.7431
1.5117e-06,-5.8285
1.5118e-06,-5.7982
1.5119e-06,-5.8731
1.512e-06,-5.8248
1.5121e-06,-5.9186
1.5122e-06,-5.9513
1.5123e-06,-5.6426
1.5124e-06,-5.758
1.5125e-06,-5.9433
1.5126e-06,-5.912
1.5127e-06,-5.9776
1.5128e-06,-5.9458
1.5129e-06,-6.0591
1.513e-06,-5.9299
1.5131e-06,-5.8601
1.5132e-06,-6.018
1.5133e-06,-5.8409
1.5134e-06,-5.9484
1.5135e-06,-6.0631
1.5136e-06,-6.2429
1.5137e-06,-6.3005
1.5138e-06,-6.2865
1.5139e-06,-6.0694
1.514e-06,-6.2903
1.5141e-06,-6.2648
1.5142e-06,-6.1776
1.5143e-06,-6.1493
1.5144e-06,-6.2314
1.5145e-06,-6.3332
1.5146e-06,-6.348
1.5147e-06,-6.3341
1.5148e-06,-6.1544
1.5149e-06,-6.3703
1.515e-06,-6.5806
1.5151e-06,-6.6127
1.5152e-06,-6.5134
1.5153e-06,-6.4964
1.5154e-06,-6.4823
1.5155e-06,-6.6394
1.5156e-06,-6.5093
1.5157e-06,-6.4736
1.5158e-06,-6.5694
1.5159e-06,-6.3629
1.516e-06,-6.6026
1.5161e-06,-6.6488
1.5162e-06,-6.5394
1.5163e-06,-6.8286
1.5164e-06,-6.7138
1.5165e-06,-6.7354
1.5166e-06,-6.5999
1.5167e-06,-6.6931
1.5168e-06,-6.8312
1.5169e-06,-6.9939
1.517e-06,-6.9566
1.5171e-06,-6.9302
1.5172e-06,-7.0815
1.5173e-06,-6.6748
1.5174e-06,-6.9471
1.5175e-06,-6.9727
1.5176e-06,-6.9519
1.5177e-06,-6.879
1.5178e-06,-6.7818
1.5179e-06,-6.8588
1.518e-06,-7.2166
1.5181e-06,-7.045
1.5182e-06,-7.1795
1.5183e-06,-7.0303
1.5184e-06,-7.1166
1.5185e-06,-7.3179
1.5186e-06,-7.4764
1.5187e-06,-7.2537
1.5188e-06,-7.3192
1.5189e-06,-7.3273
1.519e-06,-7.2442
1.5191e-06,-7.4695
1.5192e-06,-7.2095
1.5193e-06,-7.3652
1.5194e-06,-7.4348
1.5195e-06,-7.3254
1.5196e-06,-7.3905
1.5197e-06,-7.5815
1.5198e-06,-7.3463
1.5199e-06,-7.4024
1.52e-06,-7.4217
1.5201e-06,-7.638
1.5202e-06,-7.5082
1.5203e-06,-7.4987
1.5204e-06,-7.6717
1.5205e-06,-7.4668
1.5206e-06,-7.5705
1.5207e-06,-7.69
1.5208e-06,-7.6739
1.5209e-06,-7.6616
1.521e-06,-7.8283
1.5211e-06,-7.8819
1.5212e-06,-7.6883
1.5213e-06,-7.9598
1.5214e-06,-7.8851
1.5215e-06,-7.7569
1.5216e-06,-7.7952
1.5217e-06,-7.8818
1.5218e-06,-7.9549
1.5219e-06,-7.8675
1.522e-06,-8.0799
1.5221e-06,-8.1123
1.5222e-06,-8.2089
1.5223e-06,-8.0572
1.5224e-06,-8.1056
1.5225e-06,-8.0744
1.5226e-06,-8.262
1.5227e-06,-8.3268
1.5228e-06,-8.3222
1.5229e-06,-8.2196
1.523e-06,-8.161
1.5231e-06,-8.3289
1.5232e-06,-8.373
1.5233e-06,-8.341
1.5234e-06,-8.4137
1.5235e-06,-8.2662
1.5236e-06,-8.2633
1.5237e-06,-8.4972
1.5238e-06,-8.2521
1.5239e-06,-8.4916
1.524e-06,-8.5673
1.5241e-06,-8.5134
1.5242e-06,-8.6393
1.5243e-06,-8.6782
1.5244e-06,-8.5963
1.5245e-06,-8.5016
1.5246e-06,-8.643
1.5247e-06,-8.7993
1.5248e-06,-8.6099
1.5249e-06,-8.6116
1.525e-06,-8.7573
1.5251e-06,-8.6447
1.5252e-06,-8.9529
1.5253e-06,-8.878
1.5254e-06,-8.9733
1.5255e-06,-8.8254
1.5256e-06,-8.8927
1.5257e-06,-8.9165
1.5258e-06,-8.9623
1.5259e-06,-9.0628
1.526e-06,-8.9623
1.5261e-06,-8.9757
1.5262e-06,-9.0134
1.5263e-06,-8.975
1.5264e-06,-9.1438
1.5265e-06,-9.2593
1.5266e-06,-9.1793
1.5267e-06,-9.2987
1.5268e-06,-9.1845
1.5269e-06,-9.1162
1.527e-06,-9.2355
1.5271e-06,-9.1639
1.5272e-06,-9.4506
1.5273e-06,-9.3155
1.5274e-06,-9.3934
1.5275e-06,-9.3228
1.5276e-06,-9.3857
1.5277e-06,-9.4648
1.5278e-06,-9.6164
1.5279e-06,-9.4309
1.528e-06,-9.5084
1.5281e-06,-9.5893
1.5282e-06,-9.5065
1.5283e-06,-9.5607
1.5284e-06,-9.6147
1.5285e-06,-9.6795
1.5286e-06,-9.7192
1.5287e-06,-9.7886
1.5288e-06,-9.6753
1.5289e-06,-9.7874
1.529e-06,-9.8657
1.5291e-06,-9.6672
1.5292e-06,-9.8325
1.5293e-06,-9.9759
1.5294e-06,-9.9555
1.5295e-06,-9.7934
1.5296e-06,-9.8242
1.5297e-06,-9.7893
1.5298e-06,-9.9311
1.5299e-06,-10.15
1.53e-06,-9.8729
1.5301e-06,-10.322
1.5302e-06,-10.268
1.5303e-06,-9.9911
1.5304e-06,-10.284
1.5305e-06,-10.363
1.5306e-06,-10.404
1.5307e-06,-10.386
1.5308e-06,-10.495
1.5309e-06,-10.382
1.531e-06,-10.266
1.5311e-06,-10.443
1.5312e-06,-10.338
1.5313e-06,-10.73
1.5314e-06,-10.567
1.5315e-06,-10.67
1.5316e-06,-10.636
1.5317e-06,-10.693
1.5318e-06,-10.671
1.5319e-06,-10.644
1.532e-06,-10.683
1.5321e-06,-10.634
1.5322e-06,-10.836
1.5323e-06,-10.783
1.5324e-06,-10.871
1.5325e-06,-10.9
1.5326e-06,-10.598
1.5327e-06,-10.789
1.5328e-06,-10.772
1.5329e-06,-10.843
1.533e-06,-11.004
1.5331e-06,-11.033
1.5332e-06,-10.917
1.5333e-06,-11.158
1.5334e-06,-11.187
1.5335e-06,-11.127
1.5336e-06,-11.157
1.5337e-06,-11.215
1.5338e-06,-11.231
1.5339e-06,-11.289
1.534e-06,-11.375
1.5341e-06,-11.255
1.5342e-06,-11.341
1.5343e-06,-11.434
1.5344e-06,-11.554
1.5345e-06,-11.42
1.5346e-06,-11.61
1.5347e-06,-11.568
1.5348e-06,-11.515
1.5349e-06,-11.639
1.535e-06,-11.481
1.5351e-06,-11.596
1.5352e-06,-11.596
1.5353e-06,-11.63
1.5354e-06,-11.761
1.5355e-06,-11.777
1.5356e-06,-11.528
1.5357e-06,-11.88
1.5358e-06,-11.786
1.5359e-06,-11.808
1.536e-06,-11.906
1.5361e-06,-11.856
1.5362e-06,-11.952
1.5363e-06,-12.142
1.5364e-06,-12
1.5365e-06,-12.007
1.5366e-06,-12.078
1.5367e-06,-12.142
1.5368e-06,-12.1
1.5369e-06,-12.169
1.537e-06,-12.003
1.5371e-06,-12.157
1.5372e-06,-12.381
1.5373e-06,-12.212
1.5374e-06,-12.26
1.5375e-06,-12.446
1.5376e-06,-12.375
1.5377e-06,-12.439
1.5378e-06,-12.43
1.5379e-06,-12.481
1.538e-06,-12.556
1.5381e-06,-12.626
1.5382e-06,-12.695
1.5383e-06,-12.471
1.5384e-06,-12.729
1.5385e-06,-12.611
1.5386e-06,-12.869
1.5387e-06,-12.816
1.5388e-06,-12.666
1.5389e-06,-12.801
1.539e-06,-12.966
1.5391e-06,-12.701
1.5392e-06,-13.013
1.5393e-06,-12.89
1.5394e-06,-12.856
1.5395e-06,-13.086
1.5396e-06,-13.057
1.5397e-06,-12.858
1.5398e-06,-13.017
1.5399e-06,-13.104
1.54e-06,-12.918
1.5401e-06,-13.182
1.5402e-06,-13.238
1.5403e-06,-13.27
1.5404e-06,-13.334
1.5405e-06,-13.239
1.5406e-06,-13.225
1.5407e-06,-13.372
1.5408e-06,-13.234
1.5409e-06,-13.516
1.541e-06,-13.368
1.5411e-06,-13.334
1.5412e-06,-13.654
1.5413e-06,-13.449
1.5414e-06,-13.515
1.5415e-06,-13.468
1.5416e-06,-13.766
1.5417e-06,-13.558
1.5418e-06,-13.728
1.5419e-06,-13.584
1.542e-06,-13.746
1.5421e-06,-13.891
1.5422e-06,-13.811
1.5423e-06,-13.91
1.5424e-06,-13.895
1.5425e-06,-14.017
1.5426e-06,-13.963
1.5427e-06,-14.169
1.5428e-06,-14.077
1.5429e-06,-14.161
1.543e-06,-14.044
1.5431e-06,-13.969
1.5432e-06,-14.108
1.5433e-06,-14.233
1.5434e-06,-14.342
1.5435e-06,-14.229
1.5436e-06,-14.393
1.5437e-06,-14.179
1.5438e-06,-14.344
1.5439e-06,-14.247
1.544e-06,-14.337
1.5441e-06,-14.399
1.5442e-06,-14.635
1.5443e-06,-14.313
1.5444e-06,-14.561
1.5445e-06,-14.629
1.5446e-06,-14.287
1.5447e-06,-14.575
1.5448e-06,-14.649
1.5449e-06,-14.614
1.545e-06,-14.694
1.5451e-06,-14.543
1.5452e-06,-14.679
1.5453e-06,-14.736
1.5454e-06,-14.84
1.5455e-06,-14.865
1.5456e-06,-14.768
1.5457e-06,-14.83
1.5458e-06,-15
1.5459e-06,-14.878
1.546e-06,-14.662
1.5461e-06,-15.104
1.5462e-06,-14.673
1.5463e-06,-15.006
1.5464e-06,-15.014
1.5465e-06,-15.061
1.5466e-06,-14.9
1.5467e-06,-14.851
1.5468e-06,-15.195
1.5469e-06,-14.866
1.547e-06,-14.892
1.5471e-06,-15.024
1.5472e-06,-15.033
1.5473e-06,-15.096
1.5474e-06,-15.1
1.5475e-06,-15.275
1.5476e-06,-15.238
1.5477e-06,-15.253
1.5478e-06,-15.015
1.5479e-06,-15.337
1.548e-06,-15.246
1.5481e-06,-15.324
1.5482e-06,-15.246
1.5483e-06,-15.345
1.5484e-06,-15.304
1.5485e-06,-15.204
1.5486e-06,-15.298
1.5487e-06,-15.415
1.5488e-06,-15.286
1.5489e-06,-15.599
1.549e-06,-15.186
1.5491e-06,-15.562
1.5492e-06,-15.267
1.5493e-06,-15.375
1.5494e-06,-15.429
1.5495e-06,-15.325
1.5496e-06,-15.421
1.5497e-06,-15.359
1.5498e-06,-15.508
1.5499e-06,-15.476
1.55e-06,-15.548
1.5501e-06,-15.445
1.5502e-06,-15.416
1.5503e-06,-15.359
1.5504e-06,-15.444
1.5505e-06,-15.81
1.5506e-06,-15.648
1.5507e-06,-15.655
1.5508e-06,-15.903
1.5509e-06,-15.57
1.551e-06,-15.702
1.5511e-06,-15.56
1.5512e-06,-15.569
1.5513e-06,-15.605
1.5514e-06,-15.418
1.5515e-06,-15.615
1.5516e-06,-15.637
1.5517e-06,-15.732
1.5518e-06,-15.612
1.5519e-06,-15.636
1.552e-06,-15.507
1.5521e-06,-15.548
1.5522e-06,-15.636
1.5523e-06,-15.744
1.5524e-06,-15.722
1.5525e-06,-15.782
1.5526e-06,-15.843
1.5527e-06,-15.635
1.5528e-06,-15.694
1.5529e-06,-15.596
1.553e-06,-15.745
1.5531e-06,-15.695
1.5532e-06,-15.579
1.5533e-06,-15.592
1.5534e-06,-15.753
1.5535e-06,-15.455
1.5536e-06,-15.926
1.5537e-06,-15.623
1.5538e-06,-15.516
1.5539e-06,-15.796
1.554e-06,-15.682
1.5541e-06,-15.592
1.5542e-06,-15.868
1.5543e-06,-15.734
1.5544e-06,-15.692
1.5545e-06,-15.871
1.5546e-06,-15.533
1.5547e-06,-15.64
1.5548e-06,-15.492
1.5549e-06,-15.86
1.555e-06,-15.56
1.5551e-06,-15.587
1.5552e-06,-15.568
1.5553e-06,-15.563
1.5554e-06,-15.396
1.5555e-06,-15.643
1.5556e-06,-15.703
1.5557e-06,-15.677
1.5558e-06,-15.732
1.5559e-06,-15.605
1.556e-06,-15.393
1.5561e-06,-15.37
1.5562e-06,-15.407
1.5563e-06,-15.614
1.5564e-06,-15.242
1.5565e-06,-15.445
1.5566e-06,-15.34
1.5567e-06,-15.389
1.5568e-06,-15.593
1.5569e-06,-15.327
1.557e-06,-15.323
1.5571e-06,-15.227
1.5572e-06,-15.263
1.5573e-06,-15.381
1.5574e-06,-15.21
1.5575e-06,-15.221
1.5576e-06,-15.181
1.5577e-06,-15.268
1.5578e-06,-15.309
1.5579e-06,-15.326
1.558e-06,-15.154
1.5581e-06,-14.961
1.5582e-06,-15.173
1.5583e-06,-14.936
1.5584e-06,-15.12
1.5585e-06,-15.022
1.5586e-06,-14.861
1.5587e-06,-15.207
1.5588e-06,-14.954
1.5589e-06,-14.913
1.559e-06,-15.177
1.5591e-06,-14.812
1.5592e-06,-14.884
1.5593e-06,-14.81
1.5594e-06,-14.865
1.5595e-06,-14.775
1.5596e-06,-14.901
1.5597e-06,-14.729
1.5598e-06,-14.963
1.5599e-06,-14.559
1.56e-06,-14.548
1.5601e-06,-14.496
1.5602e-06,-14.791
1.5603e-06,-14.65
1.5604e-06,-14.395
1.5605e-06,-14.418
1.5606e-06,-14.575
1.5607e-06,-14.695
1.5608e-06,-14.485
1.5609e-06,-14.6
1.561e-06,-14.535
1.5611e-06,-14.417
1.5612e-06,-14.175
1.5613e-06,-14.457
1.5614e-06,-14.387
1.5615e-06,-14.427
1.5616e-06,-14.429
1.5617e-06,-14.395
1.5618e-06,-14.372
1.5619e-06,-14.256
1.562e-06,-14.298
1.5621e-06,-13.924
1.5622e-06,-14.191
1.5623e-06,-14.184
1.5624e-06,-14.166
1.5625e-06,-13.975
1.5626e-06,-13.933
1.5627e-06,-14.024
1.5628e-06,-13.851
1.5629e-06,-13.939
1.563e-06,-14.055
1.5631e-06,-13.933
1.5632e-06,-13.934
1.5633e-06,-14.008
1.5634e-06,-13.636
1.5635e-06,-13.844
1.5636e-06,-13.729
1.5637e-06,-13.646
1.5638e-06,-13.782
1.5639e-06,-13.745
1.564e-06,-13.597
1.5641e-06,-13.575
1.5642e-06,-13.685
1.5643e-06,-13.661
1.5644e-06,-13.859
1.5645e-06,-13.78
1.5646e-06,-13.665
1.5647e-06,-13.466
1.5648e-06,-13.432
1.5649e-06,-13.419
1.565e-06,-13.417
1.5651e-06,-13.195
1.5652e-06,-13.449
1.5653e-06,-13.59
1.5654e-06,-13.468
1.5655e-06,-13.179
1.5656e-06,-13.36
1.5657e-06,-13.363
1.5658e-06,-13.417
1.5659e-06,-13.169
1.566e-06,-13.218
1.5661e-06,-13.046
1.5662e-06,-13.057
1.5663e-06,-12.972
1.5664e-06,-12.816
1.5665e-06,-13.132
1.5666e-06,-13.076
1.5667e-06,-12.597
1.5668e-06,-12.824
1.5669e-06,-13.033
1.567e-06,-13.026
1.5671e-06,-12.772
1.5672e-06,-12.857
1.5673e-06,-12.877
1.5674e-06,-12.76
1.5675e-06,-12.751
1.5676e-06,-12.919
1.5677e-06,-12.682
1.5678e-06,-12.643
1.5679e-06,-12.635
1.568e-06,-12.587
1.5681e-06,-12.624
1.5682e-06,-12.495
1.5683e-06,-12.615
1.5684e-06,-12.437
1.5685e-06,-12.443
1.5686e-06,-12.471
1.5687e-06,-12.463
1.5688e-06,-12.561
1.5689e-06,-12.46
1.569e-06,-12.318
1.5691e-06,-12.414
1.5692e-06,-12.196
1.5693e-06,-12.143
1.5694e-06,-12.307
1.5695e-06,-12.373
1.5696e-06,-12.129
1.5697e-06,-12.207
1.5698e-06,-11.931
1.5699e-06,-12.064
1.57e-06,-12.088
1.5701e-06,-11.968
1.5702e-06,-11.909
1.5703e-06,-12.061
1.5704e-06,-11.754
1.5705e-06,-12.219
1.5706e-06,-11.925
1.5707e-06,-11.796
1.5708e-06,-11.875
1.5709e-06,-11.66
1.571e-06,-11.736
1.5711e-06,-12.053
1.5712e-06,-11.555
1.5713e-06,-11.751
1.5714e-06,-12.034
1.5715e-06,-11.54
1.5716e-06,-11.735
1.5717e-06,-11.633
1.5718e-06,-11.655
1.5719e-06,-11.59
1.572e-06,-11.451
1.5721e-06,-11.5
1.5722e-06,-11.538
1.5723e-06,-11.214
1.5724e-06,-11.441
1.5725e-06,-11.426
1.5726e-06,-11.308
1.5727e-06,-11.298
1.5728e-06,-11.476
1.5729e-06,-11.277
1.573e-06,-11.309
1.5731e-06,-11.302
1.5732e-06,-11.336
1.5733e-06,-11.176
1.5734e-06,-11.336
1.5735e-06,-11.174
1.5736e-06,-11.178
1.5737e-06,-11.005
1.5738e-06,-10.83
1.5739e-06,-11
1.574e-06,-10.915
1.5741e-06,-10.898
1.5742e-06,-11.147
1.5743e-06,-10.859
1.5744e-06,-10.961
1.5745e-06,-10.771
1.5746e-06,-10.771
1.5747e-06,-10.957
1.5748e-06,-10.85
1.5749e-06,-10.771
1.575e-06,-10.652
1.5751e-06,-10.679
1.5752e-06,-10.574
1.5753e-06,-10.636
1.5754e-06,-10.751
1.5755e-06,-10.762
1.5756e-06,-10.311
1.5757e-06,-10.602
1.5758e-06,-10.661
1.5759e-06,-10.332
1.576e-06,-10.376
1.5761e-06,-10.576
1.5762e-06,-10.246
1.5763e-06,-10.443
1.5764e-06,-10.473
1.5765e-06,-10.489
1.5766e-06,-10.308
1.5767e-06,-10.504
1.5768e-06,-10.228
1.5769e-06,-10.379
1.577e-06,-10.335
1.5771e-06,-10.142
1.5772e-06,-10.27
1.5773e-06,-9.9607
1.5774e-06,-10.157
1.5775e-06,-10.024
1.5776e-06,-10.052
1.5777e-06,-10.091
1.5778e-06,-10.084
1.5779e-06,-9.8443
1.578e-06,-9.9451
1.5781e-06,-9.9437
1.5782e-06,-9.8627
1.5783e-06,-9.8497
1.5784e-06,-9.8025
1.5785e-06,-9.9283
1.5786e-06,-9.9223
1.5787e-06,-9.8186
1.5788e-06,-9.8633
1.5789e-06,-9.7558
1.579e-06,-9.8485
1.5791e-06,-9.6061
1.5792e-06,-9.727
1.5793e-06,-9.7169
1.5794e-06,-9.514
1.5795e-06,-9.7079
1.5796e-06,-9.5667
1.5797e-06,-9.7565
1.5798e-06,-9.6637
1.5799e-06,-9.6735
1.58e-06,-9.5819
1.5801e-06,-9.4244
1.5802e-06,-9.4085
1.5803e-06,-9.4782
1.5804e-06,-9.1649
1.5805e-06,-9.4099
1.5806e-06,-9.5062
1.5807e-06,-9.4776
1.5808e-06,-9.3937
1.5809e-06,-9.3204
1.581e-06,-9.3827
1.5811e-06,-9.2883
1.5812e-06,-9.519
1.5813e-06,-9.2056
1.5814e-06,-9.3667
1.5815e-06,-9.2092
1.5816e-06,-9.0772
1.5817e-06,-9.0075
1.5818e-06,-9.0532
1.5819e-06,-9.2598
1.582e-06,-8.9652
1.5821e-06,-8.9379
1.5822e-06,-9.0419
1.5823e-06,-9.1406
1.5824e-06,-8.8924
1.5825e-06,-9.0527
1.5826e-06,-9.1019
1.5827e-06,-8.9548
1.5828e-06,-8.7139
1.5829e-06,-8.9105
1.583e-06,-8.7355
1.5831e-06,-8.7588
1.5832e-06,-9.032
1.5833e-06,-8.92
1.5834e-06,-8.977
1.5835e-06,-8.7468
1.5836e-06,-8.5774
1.5837e-06,-8.6469
1.5838e-06,-8.6959
1.5839e-06,-8.5698
1.584e-06,-8.8353
1.5841e-06,-8.845
1.5842e-06,-8.4622
1.5843e-06,-8.626
1.5844e-06,-8.584
1.5845e-06,-8.5311
1.5846e-06,-8.6529
1.5847e-06,-8.5456
1.5848e-06,-8.4591
1.5849e-06,-8.5224
1.585e-06,-8.4508
1.5851e-06,-8.561
1.5852e-06,-8.3804
1.5853e-06,-8.4084
1.5854e-06,-8.3474
1.5855e-06,-8.2886
1.5856e-06,-8.3245
1.5857e-06,-8.4626
1.5858e-06,-8.2357
1.5859e-06,-8.2258
1.586e-06,-8.0668
1.5861e-06,-8.2065
1.5862e-06,-8.2455
1.5863e-06,-8.3544
1.5864e-06,-8.2153
1.5865e-06,-8.2974
1.5866e-06,-8.0603
1.5867e-06,-8.0254
1.5868e-06,-8.0525
1.5869e-06,-7.9131
1.587e-06,-7.9788
1.5871e-06,-8.0871
1.5872e-06,-7.9173
1.5873e-06,-7.8409
1.5874e-06,-7.9444
1.5875e-06,-8.0589
1.5876e-06,-7.9427
1.5877e-06,-7.9295
1.5878e-06,-8.1035
1.5879e-06,-7.9364
1.588e-06,-7.6845
1.5881e-06,-7.8783
1.5882e-06,-7.8874
1.5883e-06,-7.7402
1.5884e-06,-7.7084
1.5885e-06,-7.7565
1.5886e-06,-7.7179
1.5887e-06,-7.597
1.5888e-06,-7.5354
1.5889e-06,-7.527
1.589e-06,-7.7013
1.5891e-06,-7.6607
1.5892e-06,-7.6199
1.5893e-06,-7.534
1.5894e-06,-7.5782
1.5895e-06,-7.7828
1.5896e-06,-7.5176
1.5897e-06,-7.6005
1.5898e-06,-7.4041
1.5899e-06,-7.3062
1.59e-06,-7.2875
1.5901e-06,-7.512
1.5902e-06,-7.2881
1.5903e-06,-7.4277
1.5904e-06,-7.4062
1.5905e-06,-7.3169
1.5906e-06,-7.4568
1.5907e-06,-7.1678
1.5908e-06,-7.4214
1.5909e-06,-7.4204
1.591e-06,-7.3535
1.5911e-06,-7.2579
1.5912e-06,-7.377
1.5913e-06,-7.1341
1.5914e-06,-7.1553
1.5915e-06,-7.1683
1.5916e-06,-6.9696
1.5917e-06,-7.2219
1.5918e-06,-7.1677
1.5919e-06,-7.1113
1.592e-06,-6.8756
1.5921e-06,-7.2639
1.5922e-06,-7.0674
1.5923e-06,-7.0722
1.5924e-06,-6.9586
1.5925e-06,-6.961
1.5926e-06,-7.0197
1.5927e-06,-6.8438
1.5928e-06,-6.8004
1.5929e-06,-7.0959
1.593e-06,-6.9686
1.5931e-06,-6.8997
1.5932e-06,-6.8913
1.5933e-06,-6.9676
1.5934e-06,-6.9718
1.5935e-06,-6.679
1.5936e-06,-6.8263
1.5937e-06,-6.7791
1.5938e-06,-6.8319
1.5939e-06,-6.8664
1.594e-06,-6.8875
1.5941e-06,-6.6207
1.5942e-06,-6.8434
1.5943e-06,-6.6817
1.5944e-06,-6.7184
1.5945e-06,-6.7969
1.5946e-06,-6.7023
1.5947e-06,-6.6077
1.5948e-06,-6.6263
1.5949e-06,-6.5267
1.595e-06,-6.6159
1.5951e-06,-6.6776
1.5952e-06,-6.6426
1.5953e-06,-6.4998
1.5954e-06,-6.4419
1.5955e-06,-6.5454
1.5956e-06,-6.5363
1.5957e-06,-6.496
1.5958e-06,-6.5902
1.5959e-06,-6.3143
1.596e-06,-6.5191
1.5961e-06,-6.4579
1.5962e-06,-6.439
1.5963e-06,-6.301
1.5964e-06,-6.3901
1.5965e-06,-6.2318
1.5966e-06,-6.2052
1.5967e-06,-6.4906
1.5968e-06,-6.2923
1.5969e-06,-6.546
1.597e-06,-6.0112
1.5971e-06,-6.0899
1.5972e-06,-6.2252
1.5973e-06,-6.3308
1.5974e-06,-6.006
1.5975e-06,-5.914
1.5976e-06,-6.3457
1.5977e-06,-6.2937
1.5978e-06,-6.1639
1.5979e-06,-6.1676
1.598e-06,-6.2996
1.5981e-06,-6.1075
1.5982e-06,-6.3113
1.5983e-06,-6.1708
1.5984e-06,-5.9595
1.5985e-06,-6.0967
1.5986e-06,-6.2399
1.5987e-06,-5.9874
1.5988e-06,-6.2683
1.5989e-06,-6.0239
1.599e-06,-6.0905
1.5991e-06,-5.889
1.5992e-06,-5.9891
1.5993e-06,-5.8484
1.5994e-06,-5.9668
1.5995e-06,-5.7649
1.5996e-06,-5.8503
1.5997e-06,-5.74
1.5998e-06,-5.8582
1.5999e-06,-5.7581
1.6e-06,-5.9027
1.6001e-06,-5.7309
1.6002e-06,-6.0336
1.6003e-06,-6.0158
1.6004e-06,-5.813
1.6005e-06,-5.5687
1.6006e-06,-5.6249
1.6007e-06,-5.705
1.6008e-06,-6.008
1.6009e-06,-5.8906
1.601e-06,-5.7658
1.6011e-06,-5.918
1.6012e-06,-5.5164
1.6013e-06,-5.4779
1.6014e-06,-5.4452
1.6015e-06,-5.4587
1.6016e-06,-5.5031
1.6017e-06,-5.625
1.6018e-06,-5.4685
1.6019e-06,-5.5523
1.602e-06,-5.5988
1.6021e-06,-5.5632
1.6022e-06,-5.4628
1.6023e-06,-5.3247
1.6024e-06,-5.5743
1.6025e-06,-5.5074
1.6026e-06,-5.3965
1.6027e-06,-5.4213
1.6028e-06,-5.5282
1.6029e-06,-5.3815
1.603e-06,-5.6135
1.6031e-06,-5.4893
1.6032e-06,-5.3692
1.6033e-06,-5.4739
1.6034e-06,-5.416
1.6035e-06,-5.2086
1.6036e-06,-5.4216
1.6037e-06,-5.2012
1.6038e-06,-5.4887
1.6039e-06,-5.6801
1.604e-06,-5.277
1.6041e-06,-5.1957
1.6042e-06,-5.3451
1.6043e-06,-5.208
1.6044e-06,-5.31
1.6045e-06,-5.3291
1.6046e-06,-5.2261
1.6047e-06,-5.2083
1.6048e-06,-5.2877
1.6049e-06,-5.1456
1.605e-06,-4.7846
1.6051e-06,-5.0429
1.6052e-06,-4.8962
1.6053e-06,-5.0132
1.6054e-06,-5.0288
1.6055e-06,-5.103
1.6056e-06,-5.0016
1.6057e-06,-4.9496
1.6058e-06,-5.1564
1.6059e-06,-4.9221
1.606e-06,-4.9547
1.6061e-06,-5.0297
1.6062e-06,-4.8411
1.6063e-06,-5.1175
1.6064e-06,-5.0525
1.6065e-06,-4.9552
1.6066e-06,-4.8408
1.6067e-06,-4.6761
1.6068e-06,-4.7335
1.6069e-06,-4.9139
1.607e-06,-4.7407
1.6071e-06,-5.1551
1.6072e-06,-4.7612
1.6073e-06,-4.7053
1.6074e-06,-4.8732
1.6075e-06,-4.7857
1.6076e-06,-4.9112
1.6077e-06,-4.7086
1.6078e-06,-4.7884
1.6079e-06,-4.78
1.608e-06,-4.8304
1.6081e-06,-4.8144
1.6082e-06,-4.8238
1.6083e-06,-4.834
1.6084e-06,-4.7943
1.6085e-06,-4.6782
1.6086e-06,-4.7215
1.6087e-06,-4.5068
1.6088e-06,-4.6196
1.6089e-06,-4.8064
1.609e-06,-4.5833
1.6091e-06,-4.3933
1.6092e-06,-4.7341
1.6093e-06,-4.6255
1.6094e-06,-4.5597
1.6095e-06,-4.4811
1.6096e-06,-4.4309
1.6097e-06,-4.5261
1.6098e-06,-4.6011
1.6099e-06,-4.5138
1.61e-06,-4.5312
1.6101e-06,-4.7151
1.6102e-06,-4.2305
1.6103e-06,-4.4111
1.6104e-06,-4.5519
1.6105e-06,-4.4302
1.6106e-06,-4.455
1.6107e-06,-4.3576
1.6108e-06,-4.2946
1.6109e-06,-4.2867
1.611e-06,-4.5225
1.6111e-06,-4.5969
1.6112e-06,-4.3255
1.6113e-06,-4.3298
1.6114e-06,-4.4685
1.6115e-06,-4.5858
1.6116e-06,-4.5022
1.6117e-06,-4.5474
1.6118e-06,-4.4348
1.6119e-06,-4.3941
1.612e-06,-4.3499
1.6121e-06,-4.2339
1.6122e-06,-4.3006
1.6123e-06,-4.3266
1.6124e-06,-4.0665
1.6125e-06,-4.2594
1.6126e-06,-4.1998
1.6127e-06,-4.2408
1.6128e-06,-4.2028
1.6129e-06,-4.2706
1.613e-06,-4.3028
1.6131e-06,-4.0286
1.6132e-06,-3.9842
1.6133e-06,-4.0842
1.6134e-06,-4.1013
1.6135e-06,-4.0283
1.6136e-06,-4.0452
1.6137e-06,-3.9456
1.6138e-06,-4.1675
1.6139e-06,-3.9685
1.614e-06,-4.1044
1.6141e-06,-4.056
1.6142e-06,-4.2285
1.6143e-06,-4.1536
1.6144e-06,-4
1.6145e-06,-3.9986
1.6146e-06,-3.8582
1.6147e-06,-3.781
1.6148e-06,-3.6338
1.6149e-06,-4.0316
1.615e-06,-3.9489
1.6151e-06,-3.9648
1.6152e-06,-3.8698
1.6153e-06,-4.0404
1.6154e-06,-3.9164
1.6155e-06,-3.8705
1.6156e-06,-3.7532
1.6157e-06,-3.7654
1.6158e-06,-3.8854
1.6159e-06,-3.8702
1.616e-06,-3.8164
1.6161e-06,-3.875
1.6162e-06,-3.8617
1.6163e-06,-3.7275
1.6164e-06,-3.8688
1.6165e-06,-3.6956
1.6166e-06,-3.7704
1.6167e-06,-3.582
1.6168e-06,-3.8202
1.6169e-06,-3.7179
1.617e-06,-3.586
1.6171e-06,-3.6029
1.6172e-06,-3.6901
1.6173e-06,-3.5573
1.6174e-06,-3.749
1.6175e-06,-3.8782
1.6176e-06,-3.5373
1.6177e-06,-3.8526
1.6178e-06,-3.904
1.6179e-06,-3.6252
1.618e-06,-3.481
1.6181e-06,-3.6778
1.6182e-06,-3.6082
1.6183e-06,-3.4101
1.6184e-06,-3.5015
1.6185e-06,-3.5495
1.6186e-06,-3.6236
1.6187e-06,-3.5369
1.6188e-06,-3.3681
1.6189e-06,-3.5799
1.619e-06,-3.2016
1.6191e-06,-3.4606
1.6192e-06,-3.3689
1.6193e-06,-3.5114
1.6194e-06,-3.2855
1.6195e-06,-3.5594
1.6196e-06,-3.4302
1.6197e-06,-3.3765
1.6198e-06,-3.4983
1.6199e-06,-3.6743
1.62e-06,-3.3434
1.6201e-06,-3.4569
1.6202e-06,-3.4536
1.6203e-06,-3.5282
1.6204e-06,-3.1567
1.6205e-06,-3.3957
1.6206e-06,-3.3921
1.6207e-06,-3.4081
1.6208e-06,-3.1723
1.6209e-06,-3.1254
1.621e-06,-3.3199
1.6211e-06,-3.3877
1.6212e-06,-3.2298
1.6213e-06,-3.4653
1.6214e-06,-3.2631
1.6215e-06,-3.2194
1.6216e-06,-3.1594
1.6217e-06,-3.2376
1.6218e-06,-3.2276
1.6219e-06,-3.414
1.622e-06,-3.3312
1.6221e-06,-3.218
1.6222e-06,-3.1567
1.6223e-06,-3.322
1.6224e-06,-3.1114
1.6225e-06,-2.9291
1.6226e-06,-3.1522
1.6227e-06,-3.0919
1.6228e-06,-3.168
1.6229e-06,-3.1606
1.623e-06,-3.0172
1.6231e-06,-2.9862
1.6232e-06,-3.0185
1.6233e-06,-3.0231
1.6234e-06,-3.1349
1.6235e-06,-2.937
1.6236e-06,-3.0576
1.6237e-06,-3.1272
1.6238e-06,-3.0915
1.6239e-06,-2.8252
1.624e-06,-3.3186
1.6241e-06,-3.0056
1.6242e-06,-3.1357
1.6243e-06,-2.8837
1.6244e-06,-2.8333
1.6245e-06,-2.8974
1.6246e-06,-2.9742
1.6247e-06,-2.9427
1.6248e-06,-2.9019
1.6249e-06,-2.8101
1.625e-06,-2.8141
1.6251e-06,-3.0795
1.6252e-06,-3.0263
1.6253e-06,-2.7406
1.6254e-06,-2.8481
1.6255e-06,-2.8821
1.6256e-06,-2.5489
1.6257e-06,-2.6452
1.6258e-06,-2.8314
1.6259e-06,-2.7536
1.626e-06,-2.8726
1.6261e-06,-2.9569
1.6262e-06,-2.7108
1.6263e-06,-2.6681
1.6264e-06,-2.7227
1.6265e-06,-2.6915
1.6266e-06,-2.7824
1.6267e-06,-2.5393
1.6268e-06,-2.4335
1.6269e-06,-2.8094
1.627e-06,-2.4269
1.6271e-06,-2.6745
1.6272e-06,-2.9151
1.6273e-06,-2.4134
1.6274e-06,-2.7476
1.6275e-06,-2.7736
1.6276e-06,-2.5868
1.6277e-06,-2.7885
1.6278e-06,-2.7606
1.6279e-06,-2.5302
1.628e-06,-2.4523
1.6281e-06,-2.5881
1.6282e-06,-2.321
1.6283e-06,-2.5123
1.6284e-06,-2.4712
1.6285e-06,-2.794
1.6286e-06,-2.7619
1.6287e-06,-2.454
1.6288e-06,-2.5878
1.6289e-06,-2.4082
1.629e-06,-2.8027
1.6291e-06,-2.4838
1.6292e-06,-2.4311
1.6293e-06,-2.5939
1.6294e-06,-2.325
1.6295e-06,-2.4657
1.6296e-06,-2.5654
1.6297e-06,-2.6217
1.6298e-06,-2.4151
1.6299e-06,-2.5323
1.63e-06,-2.3325
1.6301e-06,-2.3353
1.6302e-06,-2.363
1.6303e-06,-2.253
1.6304e-06,-2.4355
1.6305e-06,-2.3798
1.6306e-06,-2.7344
1.6307e-06,-2.2931
1.6308e-06,-2.4631
1.6309e-06,-2.521
1.631e-06,-2.4574
1.6311e-06,-2.1853
1.6312e-06,-2.3316
1.6313e-06,-2.1918
1.6314e-06,-2.2165
1.6315e-06,-2.0908
1.6316e-06,-2.4532
1.6317e-06,-2.1328
1.6318e-06,-2.0995
1.6319e-06,-2.3311
1.632e-06,-2.319
1.6321e-06,-2.3074
1.6322e-06,-2.1989
1.6323e-06,-2.0458
1.6324e-06,-2.2912
1.6325e-06,-2.3596
1.6326e-06,-2.3551
1.6327e-06,-2.1917
1.6328e-06,-2.2245
1.6329e-06,-2.2603
1.633e-06,-1.9834
1.6331e-06,-2.3219
1.6332e-06,-2.1816
1.6333e-06,-2.0736
1.6334e-06,-2.0299
1.6335e-06,-2.0265
1.6336e-06,-2.069
1.6337e-06,-1.9663
1.6338e-06,-2.0575
1.6339e-06,-2.1315
1.634e-06,-1.9999
1.6341e-06,-2.0224
1.6342e-06,-2.1314
1.6343e-06,-2.1031
1.6344e-06,-1.9133
1.6345e-06,-1.9348
1.6346e-06,-1.9362
1.6347e-06,-2.0974
1.6348e-06,-1.9028
1.6349e-06,-2.0772
1.635e-06,-1.9518
1.6351e-06,-2.0008
1.6352e-06,-1.8837
1.6353e-06,-1.8736
1.6354e-06,-1.8186
1.6355e-06,-2.0415
1.6356e-06,-2.0091
1.6357e-06,-2.2457
1.6358e-06,-2.1273
1.6359e-06,-1.8687
1.636e-06,-1.811
1.6361e-06,-2.1937
1.6362e-06,-1.9205
1.6363e-06,-2.0173
1.6364e-06,-1.8564
1.6365e-06,-1.7291
1.6366e-06,-1.9519
1.6367e-06,-1.8138
1.6368e-06,-1.6843
1.6369e-06,-1.7621
1.637e-06,-2.0497
1.6371e-06,-1.8575
1.6372e-06,-1.7567
1.6373e-06,-1.846
1.6374e-06,-1.8082
1.6375e-06,-1.8804
1.6376e-06,-2.0188
1.6377e-06,-1.8726
1.6378e-06,-1.8013
1.6379e-06,-1.7324
1.638e-06,-1.512
1.6381e-06,-1.6529
1.6382e-06,-1.9152
1.6383e-06,-1.6229
1.6384e-06,-1.6753
1.6385e-06,-1.6514
1.6386e-06,-1.526
1.6387e-06,-1.7843
1.6388e-06,-1.7328
1.6389e-06,-1.4612
1.639e-06,-1.5411
1.6391e-06,-1.728
1.6392e-06,-1.6557
1.6393e-06,-1.7261
1.6394e-06,-1.805
1.6395e-06,-1.4193
1.6396e-06,-1.5536
1.6397e-06,-1.49
1.6398e-06,-1.7003
1.6399e-06,-1.7021
1.64e-06,-1.6582
1.6401e-06,-1.6332
1.6402e-06,-1.5505
1.6403e-06,-1.2896
1.6404e-06,-1.3257
1.6405e-06,-1.6026
1.6406e-06,-1.46
1.6407e-06,-1.5275
1.6408e-06,-1.5284
1.6409e-06,-1.5006
1.641e-06,-1.4006
1.6411e-06,-1.5032
1.6412e-06,-1.5479
1.6413e-06,-1.6134
1.6414e-06,-1.5238
1.6415e-06,-1.4702
1.6416e-06,-1.4499
1.6417e-06,-1.3936
1.6418e-06,-1.2189
1.6419e-06,-1.226
1.642e-06,-1.4488
1.6421e-06,-1.4942
1.6422e-06,-1.419
1.6423e-06,-1.2737
1.6424e-06,-1.4298
1.6425e-06,-1.3049
1.6426e-06,-1.4478
1.6427e-06,-1.2843
1.6428e-06,-1.2511
1.6429e-06,-1.3247
1.643e-06,-1.4556
1.6431e-06,-1.4474
1.6432e-06,-1.5115
1.6433e-06,-1.4648
1.6434e-06,-1.5556
1.6435e-06,-1.3186
1.6436e-06,-1.2597
1.6437e-06,-1.3235
1.6438e-06,-1.3157
1.6439e-06,-1.2534
1.644e-06,-1.1778
1.6441e-06,-1.3673
1.6442e-06,-1.2619
1.6443e-06,-1.1766
1.6444e-06,-1.3735
1.6445e-06,-1.123
1.6446e-06,-1.1487
1.6447e-06,-1.289
1.6448e-06,-1.187
1.6449e-06,-1.5743
1.645e-06,-1.3402
1.6451e-06,-1.1887
1.6452e-06,-1.4644
1.6453e-06,-1.0421
1.6454e-06,-1.0455
1.6455e-06,-1.133
1.6456e-06,-1.3748
1.6457e-06,-1.3985
1.6458e-06,-1.054
1.6459e-06,-1.362
1.646e-06,-1.2043
1.6461e-06,-1.3043
1.6462e-06,-1.2979
1.6463e-06,-1.3598
1.6464e-06,-1.2216
1.6465e-06,-1.1439
1.6466e-06,-0.95205
1.6467e-06,-1.256
1.6468e-06,-1.1094
1.6469e-06,-1.2018
1.647e-06,-1.0571
1.6471e-06,-1.0992
1.6472e-06,-0.93646
1.6473e-06,-0.82842
1.6474e-06,-1.1197
1.6475e-06,-0.94272
1.6476e-06,-1.0912
1.6477e-06,-1.0509
1.6478e-06,-0.83409
1.6479e-06,-0.87513
1.648e-06,-0.96351
1.6481e-06,-1.249
1.6482e-06,-1.0214
1.6483e-06,-1.1728
1.6484e-06,-0.68425
1.6485e-06,-0.8549
1.6486e-06,-0.98668
1.6487e-06,-1.1271
1.6488e-06,-0.98372
1.6489e-06,-0.82961
1.649e-06,-0.82802
1.6491e-06,-0.85088
1.6492e-06,-0.96517
1.6493e-06,-0.94041
1.6494e-06,-0.49022
1.6495e-06,-0.72963
1.6496e-06,-0.98811
1.6497e-06,-1.0365
1.6498e-06,-1.0529
1.6499e-06,-0.71383
1.65e-06,-0.67184
