1.35e-06,7.8706
1.3501e-06,8.0872
1.3502e-06,8.013
1.3503e-06,7.9647
1.3504e-06,7.9518
1.3505e-06,7.8739
1.3506e-06,7.9986
1.3507e-06,7.9623
1.3508e-06,7.9913
1.3509e-06,7.849
1.351e-06,8.0339
1.3511e-06,8.0232
1.3512e-06,7.8761
1.3513e-06,7.9527
1.3514e-06,8.0175
1.3515e-06,7.9592
1.3516e-06,8.0293
1.3517e-06,7.8478
1.3518e-06,7.9329
1.3519e-06,7.9067
1.352e-06,7.8762
1.3521e-06,8.0081
1.3522e-06,7.8933
1.3523e-06,7.9634
1.3524e-06,7.8616
1.3525e-06,7.9282
1.3526e-06,7.8747
1.3527e-06,7.8542
1.3528e-06,7.7696
1.3529e-06,7.9899
1.353e-06,7.9641
1.3531e-06,7.8639
1.3532e-06,7.8075
1.3533e-06,7.8164
1.3534e-06,7.7894
1.3535e-06,7.9042
1.3536e-06,7.9565
1.3537e-06,7.7963
1.3538e-06,7.7333
1.3539e-06,7.8616
1.354e-06,7.9074
1.3541e-06,7.8648
1.3542e-06,7.7629
1.3543e-06,7.8953
1.3544e-06,7.767
1.3545e-06,7.7324
1.3546e-06,7.6521
1.3547e-06,7.8444
1.3548e-06,7.87
1.3549e-06,7.68
1.355e-06,7.7369
1.3551e-06,7.6925
1.3552e-06,7.6408
1.3553e-06,7.7389
1.3554e-06,7.6384
1.3555e-06,7.7372
1.3556e-06,7.7315
1.3557e-06,7.6519
1.3558e-06,7.6883
1.3559e-06,7.8039
1.356e-06,7.7074
1.3561e-06,7.748
1.3562e-06,7.6692
1.3563e-06,7.8099
1.3564e-06,7.5143
1.3565e-06,7.8593
1.3566e-06,7.7012
1.3567e-06,7.6703
1.3568e-06,7.7576
1.3569e-06,7.7482
1.357e-06,7.613
1.3571e-06,7.6816
1.3572e-06,7.6172
1.3573e-06,7.673
1.3574e-06,7.696
1.3575e-06,7.635
1.3576e-06,7.5807
1.3577e-06,7.5446
1.3578e-06,7.6092
1.3579e-06,7.6264
1.358e-06,7.5555
1.3581e-06,7.5583
1.3582e-06,7.6929
1.3583e-06,7.7083
1.3584e-06,7.5777
1.3585e-06,7.7072
1.3586e-06,7.5798
1.3587e-06,7.5814
1.3588e-06,7.6435
1.3589e-06,7.6605
1.359e-06,7.486
1.3591e-06,7.6308
1.3592e-06,7.6158
1.3593e-06,7.6426
1.3594e-06,7.5388
1.3595e-06,7.4349
1.3596e-06,7.4493
1.3597e-06,7.6008
1.3598e-06,7.3373
1.3599e-06,7.6886
1.36e-06,7.6103
1.3601e-06,7.4437
1.3602e-06,7.4942
1.3603e-06,7.452
1.3604e-06,7.5289
1.3605e-06,7.4265
1.3606e-06,7.4754
1.3607e-06,7.4667
1.3608e-06,7.4074
1.3609e-06,7.4333
1.361e-06,7.3895
1.3611e-06,7.4435
1.3612e-06,7.4315
1.3613e-06,7.385
1.3614e-06,7.361
1.3615e-06,7.4618
1.3616e-06,7.351
1.3617e-06,7.3959
1.3618e-06,7.3376
1.3619e-06,7.3885
1.362e-06,7.4061
1.3621e-06,7.4214
1.3622e-06,7.3447
1.3623e-06,7.3428
1.3624e-06,7.3221
1.3625e-06,7.3011
1.3626e-06,7.2937
1.3627e-06,7.3916
1.3628e-06,7.3787
1.3629e-06,7.4234
1.363e-06,7.3778
1.3631e-06,7.3248
1.3632e-06,7.2508
1.3633e-06,7.3289
1.3634e-06,7.3672
1.3635e-06,7.5158
1.3636e-06,7.3581
1.3637e-06,7.5304
1.3638e-06,7.4555
1.3639e-06,7.3556
1.364e-06,7.2385
1.3641e-06,7.3338
1.3642e-06,7.48
1.3643e-06,7.417
1.3644e-06,7.3335
1.3645e-06,7.1409
1.3646e-06,7.1455
1.3647e-06,7.1783
1.3648e-06,7.1979
1.3649e-06,7.2928
1.365e-06,7.2978
1.3651e-06,7.2651
1.3652e-06,7.3265
1.3653e-06,7.2043
1.3654e-06,7.2121
1.3655e-06,7.347
1.3656e-06,7.1064
1.3657e-06,7.1101
1.3658e-06,7.1716
1.3659e-06,7.2366
1.366e-06,7.2377
1.3661e-06,7.2993
1.3662e-06,7.2576
1.3663e-06,7.2054
1.3664e-06,7.3196
1.3665e-06,7.3169
1.3666e-06,7.25
1.3667e-06,7.1016
1.3668e-06,7.1595
1.3669e-06,7.2261
1.367e-06,7.2499
1.3671e-06,7.0714
1.3672e-06,7.2906
1.3673e-06,7.0283
1.3674e-06,7.0241
1.3675e-06,7.1011
1.3676e-06,7.193
1.3677e-06,7.2609
1.3678e-06,7.0565
1.3679e-06,7.1965
1.368e-06,7.1302
1.3681e-06,7.2094
1.3682e-06,7.067
1.3683e-06,7.1731
1.3684e-06,7.1412
1.3685e-06,7.1129
1.3686e-06,7.0709
1.3687e-06,7.029
1.3688e-06,7.0584
1.3689e-06,7.092
1.369e-06,7.0839
1.3691e-06,7.0981
1.3692e-06,7.0288
1.3693e-06,7.1023
1.3694e-06,6.9554
1.3695e-06,7.1024
1.3696e-06,7.1658
1.3697e-06,7.1259
1.3698e-06,7.1106
1.3699e-06,7.0314
1.37e-06,7.104
1.3701e-06,7.0486
1.3702e-06,7.0684
1.3703e-06,7.0307
1.3704e-06,7.0591
1.3705e-06,7.0387
1.3706e-06,7.1391
1.3707e-06,7.0755
1.3708e-06,6.9324
1.3709e-06,6.9833
1.371e-06,6.9344
1.3711e-06,7.0523
1.3712e-06,7.0002
1.3713e-06,7.0043
1.3714e-06,6.9323
1.3715e-06,7.0429
1.3716e-06,7.0389
1.3717e-06,6.9343
1.3718e-06,6.9908
1.3719e-06,7.137
1.372e-06,6.9881
1.3721e-06,6.9224
1.3722e-06,6.9256
1.3723e-06,6.8749
1.3724e-06,6.9017
1.3725e-06,6.9406
1.3726e-06,6.9856
1.3727e-06,6.7843
1.3728e-06,6.9189
1.3729e-06,6.8544
1.373e-06,6.7802
1.3731e-06,6.8422
1.3732e-06,6.8472
1.3733e-06,6.8487
1.3734e-06,6.9356
1.3735e-06,6.8823
1.3736e-06,6.9232
1.3737e-06,6.9463
1.3738e-06,6.9132
1.3739e-06,6.9679
1.374e-06,6.9643
1.3741e-06,6.7874
1.3742e-06,6.7533
1.3743e-06,6.8516
1.3744e-06,6.8873
1.3745e-06,6.7391
1.3746e-06,6.9396
1.3747e-06,6.7435
1.3748e-06,6.826
1.3749e-06,6.9207
1.375e-06,6.8628
1.3751e-06,6.8218
1.3752e-06,6.7407
1.3753e-06,6.883
1.3754e-06,6.7778
1.3755e-06,6.6881
1.3756e-06,6.7291
1.3757e-06,6.904
1.3758e-06,6.9081
1.3759e-06,6.6309
1.376e-06,6.7281
1.3761e-06,6.6708
1.3762e-06,6.8006
1.3763e-06,6.9362
1.3764e-06,6.6805
1.3765e-06,6.7703
1.3766e-06,6.8932
1.3767e-06,6.8786
1.3768e-06,6.7166
1.3769e-06,6.8078
1.377e-06,6.7677
1.3771e-06,6.7162
1.3772e-06,6.6884
1.3773e-06,6.72
1.3774e-06,6.7678
1.3775e-06,6.7195
1.3776e-06,6.5506
1.3777e-06,6.6161
1.3778e-06,6.6475
1.3779e-06,6.7743
1.378e-06,6.609
1.3781e-06,6.5637
1.3782e-06,6.5604
1.3783e-06,6.7045
1.3784e-06,6.6113
1.3785e-06,6.6374
1.3786e-06,6.6281
1.3787e-06,6.67
1.3788e-06,6.6215
1.3789e-06,6.5814
1.379e-06,6.513
1.3791e-06,6.6426
1.3792e-06,6.7389
1.3793e-06,6.6365
1.3794e-06,6.6739
1.3795e-06,6.6283
1.3796e-06,6.7222
1.3797e-06,6.5667
1.3798e-06,6.5816
1.3799e-06,6.5912
1.38e-06,6.6068
1.3801e-06,6.6256
1.3802e-06,6.5329
1.3803e-06,6.5218
1.3804e-06,6.5638
1.3805e-06,6.4379
1.3806e-06,6.6365
1.3807e-06,6.3794
1.3808e-06,6.4998
1.3809e-06,6.3961
1.381e-06,6.4756
1.3811e-06,6.5213
1.3812e-06,6.5442
1.3813e-06,6.6815
1.3814e-06,6.4538
1.3815e-06,6.559
1.3816e-06,6.4966
1.3817e-06,6.4139
1.3818e-06,6.5138
1.3819e-06,6.5361
1.382e-06,6.4511
1.3821e-06,6.3787
1.3822e-06,6.4931
1.3823e-06,6.4466
1.3824e-06,6.3111
1.3825e-06,6.4788
1.3826e-06,6.4469
1.3827e-06,6.4074
1.3828e-06,6.4056
1.3829e-06,6.3095
1.383e-06,6.5715
1.3831e-06,6.3397
1.3832e-06,6.4356
1.3833e-06,6.3356
1.3834e-06,6.3327
1.3835e-06,6.4635
1.3836e-06,6.4246
1.3837e-06,6.4678
1.3838e-06,6.3797
1.3839e-06,6.3252
1.384e-06,6.3802
1.3841e-06,6.2047
1.3842e-06,6.3253
1.3843e-06,6.402
1.3844e-06,6.3103
1.3845e-06,6.4027
1.3846e-06,6.483
1.3847e-06,6.3236
1.3848e-06,6.3432
1.3849e-06,6.2655
1.385e-06,6.2891
1.3851e-06,6.2508
1.3852e-06,6.4122
1.3853e-06,6.3115
1.3854e-06,6.4129
1.3855e-06,6.3139
1.3856e-06,6.3631
1.3857e-06,6.4137
1.3858e-06,6.1676
1.3859e-06,6.2505
1.386e-06,6.2918
1.3861e-06,6.3313
1.3862e-06,6.0985
1.3863e-06,6.1711
1.3864e-06,6.251
1.3865e-06,6.2578
1.3866e-06,6.1955
1.3867e-06,6.4092
1.3868e-06,6.1944
1.3869e-06,6.2876
1.387e-06,6.2944
1.3871e-06,6.0653
1.3872e-06,6.2562
1.3873e-06,6.3806
1.3874e-06,6.19
1.3875e-06,6.2141
1.3876e-06,6.2822
1.3877e-06,6.2433
1.3878e-06,6.033
1.3879e-06,6.24
1.388e-06,6.2436
1.3881e-06,6.1439
1.3882e-06,6.1401
1.3883e-06,6.1992
1.3884e-06,6.1323
1.3885e-06,6.1029
1.3886e-06,6.1234
1.3887e-06,6.1768
1.3888e-06,6.3103
1.3889e-06,6.0641
1.389e-06,6.0806
1.3891e-06,6.0226
1.3892e-06,6.1992
1.3893e-06,6.2924
1.3894e-06,6.1739
1.3895e-06,6.0329
1.3896e-06,6.176
1.3897e-06,6.1164
1.3898e-06,6.0508
1.3899e-06,6.0457
1.39e-06,5.9747
1.3901e-06,6.0017
1.3902e-06,6.0984
1.3903e-06,6.0915
1.3904e-06,6.0616
1.3905e-06,6.0827
1.3906e-06,6.0733
1.3907e-06,6.1423
1.3908e-06,6.2235
1.3909e-06,5.9895
1.391e-06,6.0321
1.3911e-06,6.1321
1.3912e-06,5.9056
1.3913e-06,5.9934
1.3914e-06,5.9486
1.3915e-06,5.9528
1.3916e-06,6.2179
1.3917e-06,5.9307
1.3918e-06,5.9871
1.3919e-06,5.9806
1.392e-06,6.1527
1.3921e-06,5.987
1.3922e-06,5.8925
1.3923e-06,5.928
1.3924e-06,5.8832
1.3925e-06,5.9728
1.3926e-06,5.9019
1.3927e-06,5.8927
1.3928e-06,5.9842
1.3929e-06,5.9164
1.393e-06,5.801
1.3931e-06,5.9109
1.3932e-06,5.9955
1.3933e-06,6.0943
1.3934e-06,5.9655
1.3935e-06,5.9304
1.3936e-06,5.7631
1.3937e-06,5.8782
1.3938e-06,5.8996
1.3939e-06,6.0314
1.394e-06,5.898
1.3941e-06,5.8116
1.3942e-06,5.8472
1.3943e-06,5.8742
1.3944e-06,5.8729
1.3945e-06,5.8419
1.3946e-06,5.816
1.3947e-06,5.8142
1.3948e-06,5.9046
1.3949e-06,5.7515
1.395e-06,5.8759
1.3951e-06,5.8195
1.3952e-06,5.7706
1.3953e-06,5.7776
1.3954e-06,5.7388
1.3955e-06,5.7371
1.3956e-06,5.8694
1.3957e-06,5.8097
1.3958e-06,5.8215
1.3959e-06,5.8134
1.396e-06,5.7322
1.3961e-06,5.8965
1.3962e-06,5.7214
1.3963e-06,5.7277
1.3964e-06,5.5896
1.3965e-06,5.5851
1.3966e-06,5.5481
1.3967e-06,5.7438
1.3968e-06,5.7756
1.3969e-06,5.6609
1.397e-06,5.6917
1.3971e-06,5.7387
1.3972e-06,5.5904
1.3973e-06,5.6832
1.3974e-06,5.6751
1.3975e-06,5.5848
1.3976e-06,5.6461
1.3977e-06,5.8317
1.3978e-06,5.6536
1.3979e-06,5.5663
1.398e-06,5.7042
1.3981e-06,5.7388
1.3982e-06,5.6589
1.3983e-06,5.7535
1.3984e-06,5.8148
1.3985e-06,5.6025
1.3986e-06,5.5603
1.3987e-06,5.4838
1.3988e-06,5.5911
1.3989e-06,5.5738
1.399e-06,5.6147
1.3991e-06,5.5345
1.3992e-06,5.5367
1.3993e-06,5.6104
1.3994e-06,5.5686
1.3995e-06,5.7037
1.3996e-06,5.4737
1.3997e-06,5.661
1.3998e-06,5.5036
1.3999e-06,5.5211
1.4e-06,5.4868
1.4001e-06,5.4156
1.4002e-06,5.6353
1.4003e-06,5.3384
1.4004e-06,5.5587
1.4005e-06,5.3683
1.4006e-06,5.4927
1.4007e-06,5.5215
1.4008e-06,5.4478
1.4009e-06,5.6009
1.401e-06,5.4239
1.4011e-06,5.4088
1.4012e-06,5.4488
1.4013e-06,5.4278
1.4014e-06,5.41
1.4015e-06,5.4421
1.4016e-06,5.558
1.4017e-06,5.4278
1.4018e-06,5.4818
1.4019e-06,5.4989
1.402e-06,5.3842
1.4021e-06,5.4873
1.4022e-06,5.4168
1.4023e-06,5.576
1.4024e-06,5.5031
1.4025e-06,5.4715
1.4026e-06,5.3501
1.4027e-06,5.3579
1.4028e-06,5.3729
1.4029e-06,5.4283
1.403e-06,5.3737
1.4031e-06,5.4496
1.4032e-06,5.4693
1.4033e-06,5.3633
1.4034e-06,5.4206
1.4035e-06,5.3187
1.4036e-06,5.1605
1.4037e-06,5.3114
1.4038e-06,5.4656
1.4039e-06,5.3819
1.404e-06,5.4758
1.4041e-06,5.3422
1.4042e-06,5.2028
1.4043e-06,5.2444
1.4044e-06,5.2605
1.4045e-06,5.3438
1.4046e-06,5.2401
1.4047e-06,5.234
1.4048e-06,5.2841
1.4049e-06,4.9975
1.405e-06,5.2421
1.4051e-06,5.1997
1.4052e-06,5.0953
1.4053e-06,5.2254
1.4054e-06,5.2366
1.4055e-06,5.2652
1.4056e-06,5.1229
1.4057e-06,5.201
1.4058e-06,5.3301
1.4059e-06,5.3028
1.406e-06,5.1799
1.4061e-06,5.1212
1.4062e-06,5.1246
1.4063e-06,5.0792
1.4064e-06,5.1568
1.4065e-06,5.215
1.4066e-06,5.2228
1.4067e-06,5.1871
1.4068e-06,5.2867
1.4069e-06,5.0845
1.407e-06,5.1417
1.4071e-06,5.2209
1.4072e-06,5.1379
1.4073e-06,5.1065
1.4074e-06,5.1923
1.4075e-06,5.0517
1.4076e-06,5.0248
1.4077e-06,5.1755
1.4078e-06,5.0185
1.4079e-06,5.1528
1.408e-06,5.1728
1.4081e-06,4.9501
1.4082e-06,5.0332
1.4083e-06,4.9662
1.4084e-06,5.051
1.4085e-06,5.1317
1.4086e-06,5.046
1.4087e-06,4.9958
1.4088e-06,4.962
1.4089e-06,5.0578
1.409e-06,4.9968
1.4091e-06,4.9437
1.4092e-06,5.1299
1.4093e-06,4.9012
1.4094e-06,4.8577
1.4095e-06,4.93
1.4096e-06,4.8388
1.4097e-06,5.0999
1.4098e-06,4.9911
1.4099e-06,4.8783
1.41e-06,4.8722
1.4101e-06,4.9017
1.4102e-06,5.0926
1.4103e-06,4.8411
1.4104e-06,5.0309
1.4105e-06,5.0311
1.4106e-06,5.0041
1.4107e-06,4.9033
1.4108e-06,4.9613
1.4109e-06,4.9505
1.411e-06,4.9071
1.4111e-06,4.7414
1.4112e-06,4.8211
1.4113e-06,4.9841
1.4114e-06,4.8769
1.4115e-06,4.8465
1.4116e-06,4.867
1.4117e-06,4.7289
1.4118e-06,4.9278
1.4119e-06,4.8908
1.412e-06,4.7845
1.4121e-06,4.8995
1.4122e-06,4.7211
1.4123e-06,4.7583
1.4124e-06,4.8953
1.4125e-06,4.7065
1.4126e-06,4.7686
1.4127e-06,4.672
1.4128e-06,4.8746
1.4129e-06,4.7013
1.413e-06,4.773
1.4131e-06,4.6626
1.4132e-06,4.831
1.4133e-06,4.8266
1.4134e-06,4.7255
1.4135e-06,4.6676
1.4136e-06,4.8151
1.4137e-06,4.6877
1.4138e-06,4.5945
1.4139e-06,4.6176
1.414e-06,4.6222
1.4141e-06,4.7879
1.4142e-06,4.5811
1.4143e-06,4.6363
1.4144e-06,4.6513
1.4145e-06,4.7895
1.4146e-06,4.7609
1.4147e-06,4.6607
1.4148e-06,4.6633
1.4149e-06,4.708
1.415e-06,4.6362
1.4151e-06,4.7277
1.4152e-06,4.7588
1.4153e-06,4.561
1.4154e-06,4.542
1.4155e-06,4.5605
1.4156e-06,4.5623
1.4157e-06,4.6166
1.4158e-06,4.6601
1.4159e-06,4.54
1.416e-06,4.7209
1.4161e-06,4.5869
1.4162e-06,4.5744
1.4163e-06,4.5515
1.4164e-06,4.4017
1.4165e-06,4.4618
1.4166e-06,4.416
1.4167e-06,4.5855
1.4168e-06,4.4359
1.4169e-06,4.587
1.417e-06,4.4796
1.4171e-06,4.5145
1.4172e-06,4.5867
1.4173e-06,4.5117
1.4174e-06,4.4515
1.4175e-06,4.5886
1.4176e-06,4.4785
1.4177e-06,4.5131
1.4178e-06,4.3342
1.4179e-06,4.2932
1.418e-06,4.4666
1.4181e-06,4.4608
1.4182e-06,4.4581
1.4183e-06,4.3766
1.4184e-06,4.3194
1.4185e-06,4.3615
1.4186e-06,4.4672
1.4187e-06,4.4274
1.4188e-06,4.4832
1.4189e-06,4.4182
1.419e-06,4.4562
1.4191e-06,4.3568
1.4192e-06,4.2327
1.4193e-06,4.2119
1.4194e-06,4.3693
1.4195e-06,4.2992
1.4196e-06,4.3156
1.4197e-06,4.2011
1.4198e-06,4.3581
1.4199e-06,4.2341
1.42e-06,4.4069
1.4201e-06,4.1613
1.4202e-06,4.3075
1.4203e-06,4.3624
1.4204e-06,4.1732
1.4205e-06,4.1794
1.4206e-06,4.1377
1.4207e-06,4.2077
1.4208e-06,4.1956
1.4209e-06,4.104
1.421e-06,4.2012
1.4211e-06,4.3216
1.4212e-06,4.2368
1.4213e-06,4.1388
1.4214e-06,4.1657
1.4215e-06,4.1092
1.4216e-06,4.2093
1.4217e-06,4.2815
1.4218e-06,4.2945
1.4219e-06,4.0585
1.422e-06,4.1148
1.4221e-06,4.0845
1.4222e-06,4.0464
1.4223e-06,4.1876
1.4224e-06,4.1674
1.4225e-06,4.1303
1.4226e-06,4.1019
1.4227e-06,3.9568
1.4228e-06,3.9737
1.4229e-06,4.0104
1.423e-06,3.9588
1.4231e-06,3.9674
1.4232e-06,3.9417
1.4233e-06,4.0128
1.4234e-06,4.0719
1.4235e-06,3.939
1.4236e-06,4.2016
1.4237e-06,3.9304
1.4238e-06,4.0368
1.4239e-06,4.1667
1.424e-06,4.0393
1.4241e-06,4.0501
1.4242e-06,3.8932
1.4243e-06,3.9723
1.4244e-06,4.0111
1.4245e-06,4.0389
1.4246e-06,4.144
1.4247e-06,3.8584
1.4248e-06,3.9887
1.4249e-06,3.9243
1.425e-06,3.9356
1.4251e-06,3.9099
1.4252e-06,3.8035
1.4253e-06,3.93
1.4254e-06,4.0234
1.4255e-06,4.0625
1.4256e-06,3.9033
1.4257e-06,3.9113
1.4258e-06,3.8936
1.4259e-06,3.9388
1.426e-06,3.9635
1.4261e-06,3.8481
1.4262e-06,3.853
1.4263e-06,3.8579
1.4264e-06,3.7649
1.4265e-06,3.7671
1.4266e-06,3.7586
1.4267e-06,3.8831
1.4268e-06,3.7484
1.4269e-06,3.8566
1.427e-06,3.7551
1.4271e-06,3.8877
1.4272e-06,3.7718
1.4273e-06,3.8401
1.4274e-06,3.8169
1.4275e-06,3.8985
1.4276e-06,3.792
1.4277e-06,3.661
1.4278e-06,3.6361
1.4279e-06,3.7497
1.428e-06,3.7985
1.4281e-06,3.6841
1.4282e-06,3.6606
1.4283e-06,3.6746
1.4284e-06,3.6541
1.4285e-06,3.5611
1.4286e-06,3.7253
1.4287e-06,3.673
1.4288e-06,3.7132
1.4289e-06,3.6955
1.429e-06,3.6436
1.4291e-06,3.5163
1.4292e-06,3.694
1.4293e-06,3.5518
1.4294e-06,3.5547
1.4295e-06,3.6562
1.4296e-06,3.5193
1.4297e-06,3.5911
1.4298e-06,3.5746
1.4299e-06,3.4831
1.43e-06,3.6306
1.4301e-06,3.5962
1.4302e-06,3.5598
1.4303e-06,3.604
1.4304e-06,3.6601
1.4305e-06,3.6351
1.4306e-06,3.5931
1.4307e-06,3.559
1.4308e-06,3.6243
1.4309e-06,3.372
1.431e-06,3.3382
1.4311e-06,3.6359
1.4312e-06,3.4686
1.4313e-06,3.3771
1.4314e-06,3.4824
1.4315e-06,3.4947
1.4316e-06,3.4902
1.4317e-06,3.7008
1.4318e-06,3.5452
1.4319e-06,3.3787
1.432e-06,3.5165
1.4321e-06,3.3984
1.4322e-06,3.346
1.4323e-06,3.3297
1.4324e-06,3.3608
1.4325e-06,3.4469
1.4326e-06,3.3525
1.4327e-06,3.4016
1.4328e-06,3.4071
1.4329e-06,3.4052
1.433e-06,3.1591
1.4331e-06,3.3411
1.4332e-06,3.3385
1.4333e-06,3.3241
1.4334e-06,3.207
1.4335e-06,3.2263
1.4336e-06,3.1838
1.4337e-06,3.2159
1.4338e-06,3.2383
1.4339e-06,3.3833
1.434e-06,3.4328
1.4341e-06,3.2951
1.4342e-06,3.2803
1.4343e-06,3.1637
1.4344e-06,3.196
1.4345e-06,3.4498
1.4346e-06,3.2811
1.4347e-06,3.3386
1.4348e-06,3.3281
1.4349e-06,3.2839
1.435e-06,3.2412
1.4351e-06,3.1331
1.4352e-06,3.2305
1.4353e-06,3.1209
1.4354e-06,3.2166
1.4355e-06,3.0924
1.4356e-06,2.9542
1.4357e-06,3.2403
1.4358e-06,3.1382
1.4359e-06,3.2554
1.436e-06,3.074
1.4361e-06,3.1869
1.4362e-06,3.0403
1.4363e-06,2.9935
1.4364e-06,3.1258
1.4365e-06,3.0307
1.4366e-06,3.097
1.4367e-06,3.077
1.4368e-06,2.9889
1.4369e-06,3.1471
1.437e-06,3.1198
1.4371e-06,3.1601
1.4372e-06,3.1635
1.4373e-06,3.0886
1.4374e-06,3.024
1.4375e-06,2.8958
1.4376e-06,3.1471
1.4377e-06,3.0305
1.4378e-06,2.8994
1.4379e-06,3.0758
1.438e-06,2.9935
1.4381e-06,3.1622
1.4382e-06,3.082
1.4383e-06,2.9424
1.4384e-06,2.9257
1.4385e-06,2.975
1.4386e-06,3.105
1.4387e-06,2.9329
1.4388e-06,2.8381
1.4389e-06,2.8525
1.439e-06,2.9638
1.4391e-06,2.8487
1.4392e-06,2.9287
1.4393e-06,2.932
1.4394e-06,2.9496
1.4395e-06,2.9164
1.4396e-06,2.9683
1.4397e-06,2.9437
1.4398e-06,2.8435
1.4399e-06,2.9158
1.44e-06,2.9161
1.4401e-06,3.006
1.4402e-06,2.7776
1.4403e-06,2.9348
1.4404e-06,2.7514
1.4405e-06,2.7652
1.4406e-06,2.7456
1.4407e-06,2.7627
1.4408e-06,2.7782
1.4409e-06,2.8728
1.441e-06,2.8259
1.4411e-06,2.8627
1.4412e-06,2.681
1.4413e-06,2.8294
1.4414e-06,2.7184
1.4415e-06,2.6023
1.4416e-06,2.7308
1.4417e-06,2.7448
1.4418e-06,2.6382
1.4419e-06,2.6611
1.442e-06,2.7741
1.4421e-06,2.7102
1.4422e-06,2.5448
1.4423e-06,2.5699
1.4424e-06,2.8717
1.4425e-06,2.6805
1.4426e-06,2.6542
1.4427e-06,2.5854
1.4428e-06,2.6918
1.4429e-06,2.7674
1.443e-06,2.6629
1.4431e-06,2.6292
1.4432e-06,2.6868
1.4433e-06,2.5191
1.4434e-06,2.6485
1.4435e-06,2.6617
1.4436e-06,2.6574
1.4437e-06,2.5273
1.4438e-06,2.5853
1.4439e-06,2.4967
1.444e-06,2.4892
1.4441e-06,2.4557
1.4442e-06,2.4995
1.4443e-06,2.5272
1.4444e-06,2.4633
1.4445e-06,2.4953
1.4446e-06,2.5778
1.4447e-06,2.5534
1.4448e-06,2.6292
1.4449e-06,2.6228
1.445e-06,2.5928
1.4451e-06,2.4377
1.4452e-06,2.2752
1.4453e-06,2.4075
1.4454e-06,2.4643
1.4455e-06,2.3192
1.4456e-06,2.4213
1.4457e-06,2.4855
1.4458e-06,2.3133
1.4459e-06,2.5125
1.446e-06,2.3632
1.4461e-06,2.3188
1.4462e-06,2.3021
1.4463e-06,2.2734
1.4464e-06,2.3575
1.4465e-06,2.4065
1.4466e-06,2.1723
1.4467e-06,2.4411
1.4468e-06,2.188
1.4469e-06,2.2221
1.447e-06,2.3704
1.4471e-06,2.355
1.4472e-06,2.3466
1.4473e-06,2.2328
1.4474e-06,2.102
1.4475e-06,2.3042
1.4476e-06,2.2242
1.4477e-06,2.1907
1.4478e-06,2.0306
1.4479e-06,2.2484
1.448e-06,2.1999
1.4481e-06,2.2203
1.4482e-06,2.1534
1.4483e-06,2.1699
1.4484e-06,2.0307
1.4485e-06,2.0991
1.4486e-06,2.2062
1.4487e-06,2.2064
1.4488e-06,2.1862
1.4489e-06,2.0879
1.449e-06,2.1693
1.4491e-06,2.0218
1.4492e-06,2.0291
1.4493e-06,2.152
1.4494e-06,2.1454
1.4495e-06,1.9615
1.4496e-06,2.1423
1.4497e-06,1.9588
1.4498e-06,2.0067
1.4499e-06,1.9604
1.45e-06,2.0397
1.4501e-06,2.0745
1.4502e-06,2.0309
1.4503e-06,2.0152
1.4504e-06,1.8288
1.4505e-06,1.993
1.4506e-06,1.8692
1.4507e-06,1.9721
1.4508e-06,2.0368
1.4509e-06,1.8554
1.451e-06,1.9546
1.4511e-06,2.0215
1.4512e-06,1.8773
1.4513e-06,1.9495
1.4514e-06,2.0465
1.4515e-06,1.8422
1.4516e-06,1.8865
1.4517e-06,1.7687
1.4518e-06,1.9319
1.4519e-06,1.8592
1.452e-06,1.985
1.4521e-06,1.9863
1.4522e-06,1.8168
1.4523e-06,1.833
1.4524e-06,1.9397
1.4525e-06,1.8411
1.4526e-06,1.8005
1.4527e-06,1.739
1.4528e-06,1.7737
1.4529e-06,1.8156
1.453e-06,1.9602
1.4531e-06,1.7827
1.4532e-06,1.7089
1.4533e-06,1.768
1.4534e-06,1.9015
1.4535e-06,1.79
1.4536e-06,1.6859
1.4537e-06,1.577
1.4538e-06,1.771
1.4539e-06,1.7209
1.454e-06,1.6894
1.4541e-06,1.6754
1.4542e-06,1.5306
1.4543e-06,1.6892
1.4544e-06,1.5699
1.4545e-06,1.7128
1.4546e-06,1.5966
1.4547e-06,1.715
1.4548e-06,1.7575
1.4549e-06,1.6391
1.455e-06,1.5943
1.4551e-06,1.5455
1.4552e-06,1.3432
1.4553e-06,1.524
1.4554e-06,1.5831
1.4555e-06,1.6107
1.4556e-06,1.6149
1.4557e-06,1.4791
1.4558e-06,1.5472
1.4559e-06,1.5279
1.456e-06,1.6046
1.4561e-06,1.5986
1.4562e-06,1.5065
1.4563e-06,1.542
1.4564e-06,1.5686
1.4565e-06,1.4191
1.4566e-06,1.3872
1.4567e-06,1.4516
1.4568e-06,1.5054
1.4569e-06,1.5332
1.457e-06,1.3563
1.4571e-06,1.3901
1.4572e-06,1.3356
1.4573e-06,1.2008
1.4574e-06,1.2411
1.4575e-06,1.4681
1.4576e-06,1.3125
1.4577e-06,1.3574
1.4578e-06,1.5076
1.4579e-06,1.422
1.458e-06,1.3901
1.4581e-06,1.2908
1.4582e-06,1.146
1.4583e-06,1.2315
1.4584e-06,1.2716
1.4585e-06,1.1581
1.4586e-06,1.348
1.4587e-06,1.3539
1.4588e-06,1.2905
1.4589e-06,1.2779
1.459e-06,1.0578
1.4591e-06,1.2176
1.4592e-06,1.1746
1.4593e-06,1.3045
1.4594e-06,1.3451
1.4595e-06,1.2042
1.4596e-06,1.2278
1.4597e-06,1.1879
1.4598e-06,1.2261
1.4599e-06,1.3079
1.46e-06,1.1133
1.4601e-06,1.1605
1.4602e-06,1.1361
1.4603e-06,1.1887
1.4604e-06,1.0921
1.4605e-06,1.1242
1.4606e-06,1.0954
1.4607e-06,1.1666
1.4608e-06,1.2105
1.4609e-06,1.0667
1.461e-06,1.0606
1.4611e-06,1.0016
1.4612e-06,1.2364
1.4613e-06,0.96899
1.4614e-06,0.96322
1.4615e-06,1.1269
1.4616e-06,1.1934
1.4617e-06,1.1053
1.4618e-06,1.0432
1.4619e-06,0.9807
1.462e-06,1.0346
1.4621e-06,0.852
1.4622e-06,1.0142
1.4623e-06,0.92755
1.4624e-06,1.1939
1.4625e-06,1.0682
1.4626e-06,0.94391
1.4627e-06,0.90039
1.4628e-06,0.98871
1.4629e-06,0.89109
1.463e-06,0.86115
1.4631e-06,0.8647
1.4632e-06,0.82874
1.4633e-06,0.8615
1.4634e-06,0.82585
1.4635e-06,0.62226
1.4636e-06,0.85592
1.4637e-06,0.65171
1.4638e-06,0.7841
1.4639e-06,0.88189
1.464e-06,0.93563
1.4641e-06,0.76872
1.4642e-06,0.72308
1.4643e-06,0.76766
1.4644e-06,0.68256
1.4645e-06,0.63844
1.4646e-06,0.68129
1.4647e-06,0.88595
1.4648e-06,0.62265
1.4649e-06,0.62101
1.465e-06,0.73867
1.4651e-06,0.73208
1.4652e-06,0.72143
1.4653e-06,0.63239
1.4654e-06,0.76182
1.4655e-06,0.63718
1.4656e-06,0.6392
1.4657e-06,0.54256
1.4658e-06,0.57079
1.4659e-06,0.57121
1.466e-06,0.66196
1.4661e-06,0.63413
1.4662e-06,0.55911
1.4663e-06,0.50967
1.4664e-06,0.42995
1.4665e-06,0.44872
1.4666e-06,0.48743
1.4667e-06,0.34932
1.4668e-06,0.58955
1.4669e-06,0.42783
1.467e-06,0.52887
1.4671e-06,0.46822
1.4672e-06,0.59701
1.4673e-06,0.31187
1.4674e-06,0.48387
1.4675e-06,0.46759
1.4676e-06,0.45768
1.4677e-06,0.27609
1.4678e-06,0.46584
1.4679e-06,0.45218
1.468e-06,0.43442
1.4681e-06,0.36645
1.4682e-06,0.50693
1.4683e-06,0.28832
1.4684e-06,0.32666
1.4685e-06,0.3266
1.4686e-06,0.2424
1.4687e-06,0.11014
1.4688e-06,0.23889
1.4689e-06,0.35089
1.469e-06,0.32961
1.4691e-06,0.2683
1.4692e-06,0.2648
1.4693e-06,0.34775
1.4694e-06,0.19048
1.4695e-06,0.19304
1.4696e-06,0.21223
1.4697e-06,0.1414
1.4698e-06,0.16664
1.4699e-06,0.13008
1.47e-06,0.032077
1.4701e-06,0.16983
1.4702e-06,0.20983
1.4703e-06,0.15625
1.4704e-06,0.12804
1.4705e-06,0.18316
1.4706e-06,0.20267
1.4707e-06,0.069846
1.4708e-06,0.026455
1.4709e-06,0.056648
1.471e-06,0.056163
1.4711e-06,0.053044
1.4712e-06,0.08971
1.4713e-06,0.049273
1.4714e-06,0.039842
1.4715e-06,0.087469
1.4716e-06,-0.074916
1.4717e-06,0.02037
1.4718e-06,0.0283
1.4719e-06,0.016653
1.472e-06,0.058177
1.4721e-06,-0.074371
1.4722e-06,-0.075493
1.4723e-06,-0.19194
1.4724e-06,-0.06702
1.4725e-06,-0.010931
1.4726e-06,-0.17675
1.4727e-06,0.054494
1.4728e-06,-0.052628
1.4729e-06,-0.26715
1.473e-06,-0.25158
1.4731e-06,-0.17839
1.4732e-06,-0.033703
1.4733e-06,-0.26345
1.4734e-06,-0.27036
1.4735e-06,-0.17682
1.4736e-06,-0.25249
1.4737e-06,-0.065066
1.4738e-06,-0.21343
1.4739e-06,-0.26559
1.474e-06,-0.24549
1.4741e-06,-0.23684
1.4742e-06,-0.34136
1.4743e-06,-0.32607
1.4744e-06,-0.26493
1.4745e-06,-0.60841
1.4746e-06,-0.3012
1.4747e-06,-0.44319
1.4748e-06,-0.34811
1.4749e-06,-0.4796
1.475e-06,-0.42599
1.4751e-06,-0.41086
1.4752e-06,-0.27931
1.4753e-06,-0.36402
1.4754e-06,-0.22311
1.4755e-06,-0.49951
1.4756e-06,-0.34745
1.4757e-06,-0.35591
1.4758e-06,-0.57278
1.4759e-06,-0.32184
1.476e-06,-0.43473
1.4761e-06,-0.71277
1.4762e-06,-0.42588
1.4763e-06,-0.52642
1.4764e-06,-0.44636
1.4765e-06,-0.45662
1.4766e-06,-0.47879
1.4767e-06,-0.66432
1.4768e-06,-0.66575
1.4769e-06,-0.59213
1.477e-06,-0.63396
1.4771e-06,-0.73238
1.4772e-06,-0.61981
1.4773e-06,-0.6322
1.4774e-06,-0.56212
1.4775e-06,-0.61713
1.4776e-06,-0.57263
1.4777e-06,-0.53004
1.4778e-06,-0.69914
1.4779e-06,-0.70687
1.478e-06,-0.63526
1.4781e-06,-0.82703
1.4782e-06,-0.58778
1.4783e-06,-0.6873
1.4784e-06,-0.81327
1.4785e-06,-0.67503
1.4786e-06,-0.75316
1.4787e-06,-0.79394
1.4788e-06,-0.84906
1.4789e-06,-0.93947
1.479e-06,-1.0682
1.4791e-06,-0.85533
1.4792e-06,-0.7854
1.4793e-06,-0.93542
1.4794e-06,-0.88531
1.4795e-06,-0.94378
1.4796e-06,-0.94182
1.4797e-06,-0.99388
1.4798e-06,-0.85789
1.4799e-06,-0.88147
1.48e-06,-0.90575
1.4801e-06,-0.80729
1.4802e-06,-0.86352
1.4803e-06,-1.0984
1.4804e-06,-1.0576
1.4805e-06,-0.83005
1.4806e-06,-0.95092
1.4807e-06,-0.998
1.4808e-06,-1.1414
1.4809e-06,-1.0355
1.481e-06,-1.0815
1.4811e-06,-0.99841
1.4812e-06,-1.2047
1.4813e-06,-1.0458
1.4814e-06,-0.96915
1.4815e-06,-0.93596
1.4816e-06,-1.1995
1.4817e-06,-1.1484
1.4818e-06,-1.1428
1.4819e-06,-1.1421
1.482e-06,-1.2428
1.4821e-06,-1.2538
1.4822e-06,-1.2472
1.4823e-06,-1.1016
1.4824e-06,-1.257
1.4825e-06,-1.0694
1.4826e-06,-1.2508
1.4827e-06,-1.1662
1.4828e-06,-1.0609
1.4829e-06,-1.2134
1.483e-06,-1.308
1.4831e-06,-1.3646
1.4832e-06,-1.309
1.4833e-06,-1.3752
1.4834e-06,-1.2242
1.4835e-06,-1.221
1.4836e-06,-1.3476
1.4837e-06,-1.3793
1.4838e-06,-1.3455
1.4839e-06,-1.3151
1.484e-06,-1.3819
1.4841e-06,-1.4169
1.4842e-06,-1.4648
1.4843e-06,-1.5031
1.4844e-06,-1.5076
1.4845e-06,-1.4096
1.4846e-06,-1.5428
1.4847e-06,-1.3649
1.4848e-06,-1.5744
1.4849e-06,-1.7167
1.485e-06,-1.6186
1.4851e-06,-1.537
1.4852e-06,-1.5191
1.4853e-06,-1.6222
1.4854e-06,-1.6203
1.4855e-06,-1.5764
1.4856e-06,-1.5724
1.4857e-06,-1.4897
1.4858e-06,-1.6698
1.4859e-06,-1.6554
1.486e-06,-1.4987
1.4861e-06,-1.7296
1.4862e-06,-1.8865
1.4863e-06,-1.6192
1.4864e-06,-1.8632
1.4865e-06,-1.7797
1.4866e-06,-1.8259
1.4867e-06,-1.8701
1.4868e-06,-1.7744
1.4869e-06,-1.7638
1.487e-06,-1.8341
1.4871e-06,-1.8186
1.4872e-06,-1.7675
1.4873e-06,-1.8606
1.4874e-06,-1.7944
1.4875e-06,-1.9916
1.4876e-06,-1.8532
1.4877e-06,-1.8593
1.4878e-06,-2.0648
1.4879e-06,-1.9093
1.488e-06,-2.1792
1.4881e-06,-1.8717
1.4882e-06,-1.9052
1.4883e-06,-1.9345
1.4884e-06,-2.0316
1.4885e-06,-1.8834
1.4886e-06,-2.006
1.4887e-06,-2.0545
1.4888e-06,-1.8998
1.4889e-06,-2.0185
1.489e-06,-2.2344
1.4891e-06,-2.0431
1.4892e-06,-2.0996
1.4893e-06,-2.2361
1.4894e-06,-2.2102
1.4895e-06,-2.2158
1.4896e-06,-2.0927
1.4897e-06,-2.1092
1.4898e-06,-2.1534
1.4899e-06,-2.1191
1.49e-06,-2.193
1.4901e-06,-2.1713
1.4902e-06,-2.1158
1.4903e-06,-2.4173
1.4904e-06,-2.2027
1.4905e-06,-2.1215
1.4906e-06,-2.2196
1.4907e-06,-2.2939
1.4908e-06,-2.3014
1.4909e-06,-2.4392
1.491e-06,-2.3783
1.4911e-06,-2.2534
1.4912e-06,-2.233
1.4913e-06,-2.2957
1.4914e-06,-2.4862
1.4915e-06,-2.4613
1.4916e-06,-2.4899
1.4917e-06,-2.2863
1.4918e-06,-2.4599
1.4919e-06,-2.4133
1.492e-06,-2.447
1.4921e-06,-2.5708
1.4922e-06,-2.5321
1.4923e-06,-2.4916
1.4924e-06,-2.4669
1.4925e-06,-2.563
1.4926e-06,-2.4685
1.4927e-06,-2.6207
1.4928e-06,-2.7079
1.4929e-06,-2.4547
1.493e-06,-2.5433
1.4931e-06,-2.6443
1.4932e-06,-2.5759
1.4933e-06,-2.6832
1.4934e-06,-2.6251
1.4935e-06,-2.7343
1.4936e-06,-2.6972
1.4937e-06,-2.7434
1.4938e-06,-2.8384
1.4939e-06,-2.6663
1.494e-06,-2.6638
1.4941e-06,-2.6637
1.4942e-06,-2.7503
1.4943e-06,-2.7919
1.4944e-06,-2.7073
1.4945e-06,-2.8233
1.4946e-06,-2.7272
1.4947e-06,-2.7736
1.4948e-06,-2.9087
1.4949e-06,-2.765
1.495e-06,-2.9429
1.4951e-06,-2.9924
1.4952e-06,-2.9848
1.4953e-06,-2.8157
1.4954e-06,-2.9094
1.4955e-06,-2.7441
1.4956e-06,-2.9205
1.4957e-06,-2.9503
1.4958e-06,-2.9682
1.4959e-06,-3.1963
1.496e-06,-3.1668
1.4961e-06,-3.0731
1.4962e-06,-3.0226
1.4963e-06,-2.9457
1.4964e-06,-3.0095
1.4965e-06,-3.1932
1.4966e-06,-3.1901
1.4967e-06,-3.2144
1.4968e-06,-2.9537
1.4969e-06,-3.132
1.497e-06,-3.1488
1.4971e-06,-3.1373
1.4972e-06,-3.0898
1.4973e-06,-3.185
1.4974e-06,-3.1489
1.4975e-06,-3.1546
1.4976e-06,-3.3229
1.4977e-06,-3.1166
1.4978e-06,-3.1911
1.4979e-06,-3.4683
1.498e-06,-3.3389
1.4981e-06,-3.175
1.4982e-06,-3.2353
1.4983e-06,-3.1603
1.4984e-06,-3.3244
1.4985e-06,-3.2501
1.4986e-06,-3.4665
1.4987e-06,-3.354
1.4988e-06,-3.4048
1.4989e-06,-3.2924
1.499e-06,-3.4143
1.4991e-06,-3.5577
1.4992e-06,-3.3386
1.4993e-06,-3.4686
1.4994e-06,-3.5856
1.4995e-06,-3.4683
1.4996e-06,-3.568
1.4997e-06,-3.412
1.4998e-06,-3.5845
1.4999e-06,-3.5309
1.5e-06,-3.6204
1.5001e-06,-3.5754
1.5002e-06,-3.6255
1.5003e-06,-3.723
1.5004e-06,-3.816
1.5005e-06,-3.5769
1.5006e-06,-3.4522
1.5007e-06,-3.7519
1.5008e-06,-3.634
1.5009e-06,-3.5384
1.501e-06,-3.5908
1.5011e-06,-3.7531
1.5012e-06,-3.7641
1.5013e-06,-3.6145
1.5014e-06,-3.686
1.5015e-06,-3.8449
1.5016e-06,-3.6563
1.5017e-06,-3.8347
1.5018e-06,-3.9975
1.5019e-06,-3.9203
1.502e-06,-3.862
1.5021e-06,-3.7327
1.5022e-06,-4.0536
1.5023e-06,-4.0412
1.5024e-06,-3.7568
1.5025e-06,-3.9848
1.5026e-06,-4.0527
1.5027e-06,-3.8736
1.5028e-06,-3.9638
1.5029e-06,-4.0232
1.503e-06,-4.1325
1.5031e-06,-3.8529
1.5032e-06,-4.0331
1.5033e-06,-4.0713
1.5034e-06,-3.8347
1.5035e-06,-3.9628
1.5036e-06,-4.1051
1.5037e-06,-4.1411
1.5038e-06,-4.2769
1.5039e-06,-4.3372
1.504e-06,-4.2101
1.5041e-06,-4.1693
1.5042e-06,-4.1255
1.5043e-06,-4.2273
1.5044e-06,-4.1759
1.5045e-06,-4.1423
1.5046e-06,-4.322
1.5047e-06,-4.2033
1.5048e-06,-4.2511
1.5049e-06,-4.147
1.505e-06,-4.201
1.5051e-06,-4.2812
1.5052e-06,-4.2193
1.5053e-06,-4.2427
1.5054e-06,-4.4081
1.5055e-06,-4.5159
1.5056e-06,-4.3722
1.5057e-06,-4.5418
1.5058e-06,-4.4341
1.5059e-06,-4.3063
1.506e-06,-4.4436
1.5061e-06,-4.4642
1.5062e-06,-4.3798
1.5063e-06,-4.5222
1.5064e-06,-4.593
1.5065e-06,-4.5821
1.5066e-06,-4.515
1.5067e-06,-4.4887
1.5068e-06,-4.5634
1.5069e-06,-4.6064
1.507e-06,-4.6325
1.5071e-06,-4.5121
1.5072e-06,-4.6433
1.5073e-06,-4.564
1.5074e-06,-4.6734
1.5075e-06,-4.854
1.5076e-06,-4.6946
1.5077e-06,-4.8662
1.5078e-06,-4.723
1.5079e-06,-4.8221
1.508e-06,-4.7048
1.5081e-06,-4.749
1.5082e-06,-4.8035
1.5083e-06,-4.8865
1.5084e-06,-4.7652
1.5085e-06,-4.7834
1.5086e-06,-4.8696
1.5087e-06,-4.8105
1.5088e-06,-4.8144
1.5089e-06,-5.068
1.509e-06,-5.0656
1.5091e-06,-4.9762
1.5092e-06,-5.0957
1.5093e-06,-4.9768
1.5094e-06,-5.062
1.5095e-06,-5.0687
1.5096e-06,-4.9973
1.5097e-06,-4.9863
1.5098e-06,-4.9125
1.5099e-06,-5.1305
1.51e-06,-5.0775
1.5101e-06,-5.1159
1.5102e-06,-5.0566
1.5103e-06,-5.1665
1.5104e-06,-5.2094
1.5105e-06,-5.2846
1.5106e-06,-5.2817
1.5107e-06,-5.1855
1.5108e-06,-5.4622
1.5109e-06,-5.1614
1.511e-06,-5.423
1.5111e-06,-5.2608
1.5112e-06,-5.3635
1.5113e-06,-5.3801
1.5114e-06,-5.4058
1.5115e-06,-5.437
1.5116e-06,-5.4312
1.5117e-06,-5.4539
1.5118e-06,-5.3881
1.5119e-06,-5.5309
1.512e-06,-5.4688
1.5121e-06,-5.4579
1.5122e-06,-5.5933
1.5123e-06,-5.4755
1.5124e-06,-5.5089
1.5125e-06,-5.56
1.5126e-06,-5.4954
1.5127e-06,-5.4153
1.5128e-06,-5.4991
1.5129e-06,-5.6882
1.513e-06,-5.5093
1.5131e-06,-5.5392
1.5132e-06,-5.6504
1.5133e-06,-5.4235
1.5134e-06,-5.6711
1.5135e-06,-5.6577
1.5136e-06,-5.6941
1.5137e-06,-5.8377
1.5138e-06,-6.0854
1.5139e-06,-5.8469
1.514e-06,-5.9159
1.5141e-06,-5.8617
1.5142e-06,-5.7812
1.5143e-06,-5.7097
1.5144e-06,-5.7273
1.5145e-06,-5.9358
1.5146e-06,-5.9608
1.5147e-06,-5.9865
1.5148e-06,-5.7107
1.5149e-06,-6.0397
1.515e-06,-6.0694
1.5151e-06,-5.9624
1.5152e-06,-5.9964
1.5153e-06,-5.9588
1.5154e-06,-6.1931
1.5155e-06,-6.0892
1.5156e-06,-6.2406
1.5157e-06,-5.969
1.5158e-06,-6.031
1.5159e-06,-6.0838
1.516e-06,-6.2434
1.5161e-06,-6.172
1.5162e-06,-6.1627
1.5163e-06,-6.3541
1.5164e-06,-6.3114
1.5165e-06,-6.2961
1.5166e-06,-6.0861
1.5167e-06,-6.347
1.5168e-06,-6.3115
1.5169e-06,-6.3797
1.517e-06,-6.3714
1.5171e-06,-6.3067
1.5172e-06,-6.5732
1.5173e-06,-6.2358
1.5174e-06,-6.3937
1.5175e-06,-6.4032
1.5176e-06,-6.4357
1.5177e-06,-6.3744
1.5178e-06,-6.206
1.5179e-06,-6.4652
1.518e-06,-6.5835
1.5181e-06,-6.6014
1.5182e-06,-6.5756
1.5183e-06,-6.5649
1.5184e-06,-6.5307
1.5185e-06,-6.6491
1.5186e-06,-6.6402
1.5187e-06,-6.5884
1.5188e-06,-6.6754
1.5189e-06,-6.6729
1.519e-06,-6.7925
1.5191e-06,-6.6718
1.5192e-06,-6.7715
1.5193e-06,-6.9241
1.5194e-06,-6.8359
1.5195e-06,-6.7207
1.5196e-06,-6.8641
1.5197e-06,-7.0086
1.5198e-06,-6.7755
1.5199e-06,-6.8764
1.52e-06,-6.7959
1.5201e-06,-7.0584
1.5202e-06,-6.7714
1.5203e-06,-6.8059
1.5204e-06,-6.9333
1.5205e-06,-6.8528
1.5206e-06,-6.7537
1.5207e-06,-7.0176
1.5208e-06,-7.233
1.5209e-06,-6.8603
1.521e-06,-7.1775
1.5211e-06,-7.0712
1.5212e-06,-7.1917
1.5213e-06,-7.2246
1.5214e-06,-7.3581
1.5215e-06,-7.1288
1.5216e-06,-7.2806
1.5217e-06,-7.2622
1.5218e-06,-7.3641
1.5219e-06,-7.1482
1.522e-06,-7.2131
1.5221e-06,-7.3572
1.5222e-06,-7.3118
1.5223e-06,-7.3546
1.5224e-06,-7.3845
1.5225e-06,-7.2749
1.5226e-06,-7.4717
1.5227e-06,-7.3369
1.5228e-06,-7.5068
1.5229e-06,-7.4954
1.523e-06,-7.4771
1.5231e-06,-7.6941
1.5232e-06,-7.6025
1.5233e-06,-7.5105
1.5234e-06,-7.6661
1.5235e-06,-7.4112
1.5236e-06,-7.3816
1.5237e-06,-7.5113
1.5238e-06,-7.4226
1.5239e-06,-7.8026
1.524e-06,-7.6298
1.5241e-06,-7.8057
1.5242e-06,-7.7752
1.5243e-06,-7.9131
1.5244e-06,-7.8096
1.5245e-06,-7.8621
1.5246e-06,-7.9118
1.5247e-06,-7.8375
1.5248e-06,-7.7722
1.5249e-06,-7.9222
1.525e-06,-7.8675
1.5251e-06,-7.75
1.5252e-06,-8.03
1.5253e-06,-7.9361
1.5254e-06,-7.9716
1.5255e-06,-8.069
1.5256e-06,-8.0137
1.5257e-06,-8.036
1.5258e-06,-8.1307
1.5259e-06,-8.3129
1.526e-06,-8.137
1.5261e-06,-8.2783
1.5262e-06,-8.0658
1.5263e-06,-8.0844
1.5264e-06,-8.3268
1.5265e-06,-8.0853
1.5266e-06,-8.1365
1.5267e-06,-8.3297
1.5268e-06,-8.2223
1.5269e-06,-8.3066
1.527e-06,-8.2852
1.5271e-06,-8.2687
1.5272e-06,-8.4031
1.5273e-06,-8.4462
1.5274e-06,-8.3883
1.5275e-06,-8.2984
1.5276e-06,-8.5182
1.5277e-06,-8.2394
1.5278e-06,-8.4503
1.5279e-06,-8.4318
1.528e-06,-8.383
1.5281e-06,-8.4453
1.5282e-06,-8.5467
1.5283e-06,-8.4357
1.5284e-06,-8.4619
1.5285e-06,-8.5812
1.5286e-06,-8.7349
1.5287e-06,-8.6683
1.5288e-06,-8.5846
1.5289e-06,-8.7005
1.529e-06,-8.7291
1.5291e-06,-8.4589
1.5292e-06,-8.6791
1.5293e-06,-8.7534
1.5294e-06,-8.7751
1.5295e-06,-8.7271
1.5296e-06,-8.7186
1.5297e-06,-8.7063
1.5298e-06,-8.8837
1.5299e-06,-8.9366
1.53e-06,-8.5796
1.5301e-06,-9.1103
1.5302e-06,-9.0527
1.5303e-06,-8.8621
1.5304e-06,-9.0781
1.5305e-06,-9.0189
1.5306e-06,-9.2074
1.5307e-06,-9.1074
1.5308e-06,-9.0102
1.5309e-06,-9.142
1.531e-06,-9.0225
1.5311e-06,-9.1072
1.5312e-06,-9.1744
1.5313e-06,-9.4135
1.5314e-06,-9.2885
1.5315e-06,-9.2339
1.5316e-06,-9.2
1.5317e-06,-9.4972
1.5318e-06,-9.1858
1.5319e-06,-9.502
1.532e-06,-9.3952
1.5321e-06,-9.4096
1.5322e-06,-9.4958
1.5323e-06,-9.2849
1.5324e-06,-9.4834
1.5325e-06,-9.5541
1.5326e-06,-9.3338
1.5327e-06,-9.4577
1.5328e-06,-9.4438
1.5329e-06,-9.5917
1.533e-06,-9.552
1.5331e-06,-9.6376
1.5332e-06,-9.5313
1.5333e-06,-9.657
1.5334e-06,-9.7169
1.5335e-06,-9.6146
1.5336e-06,-9.6484
1.5337e-06,-9.7291
1.5338e-06,-9.6185
1.5339e-06,-9.6227
1.534e-06,-9.6971
1.5341e-06,-9.7766
1.5342e-06,-9.7338
1.5343e-06,-9.8271
1.5344e-06,-9.9293
1.5345e-06,-9.8024
1.5346e-06,-9.9589
1.5347e-06,-9.91
1.5348e-06,-9.9502
1.5349e-06,-9.8857
1.535e-06,-9.9381
1.5351e-06,-9.9849
1.5352e-06,-9.8726
1.5353e-06,-10.085
1.5354e-06,-10.137
1.5355e-06,-10.079
1.5356e-06,-9.9136
1.5357e-06,-10.205
1.5358e-06,-10.101
1.5359e-06,-10.122
1.536e-06,-10.334
1.5361e-06,-10.094
1.5362e-06,-10.221
1.5363e-06,-10.256
1.5364e-06,-10.238
1.5365e-06,-10.049
1.5366e-06,-10.242
1.5367e-06,-10.361
1.5368e-06,-10.232
1.5369e-06,-10.41
1.537e-06,-10.271
1.5371e-06,-10.353
1.5372e-06,-10.483
1.5373e-06,-10.348
1.5374e-06,-10.492
1.5375e-06,-10.502
1.5376e-06,-10.625
1.5377e-06,-10.523
1.5378e-06,-10.414
1.5379e-06,-10.563
1.538e-06,-10.632
1.5381e-06,-10.474
1.5382e-06,-10.838
1.5383e-06,-10.658
1.5384e-06,-10.64
1.5385e-06,-10.631
1.5386e-06,-10.778
1.5387e-06,-10.819
1.5388e-06,-10.675
1.5389e-06,-10.769
1.539e-06,-10.909
1.5391e-06,-10.833
1.5392e-06,-11.039
1.5393e-06,-10.748
1.5394e-06,-10.795
1.5395e-06,-10.988
1.5396e-06,-11.028
1.5397e-06,-10.688
1.5398e-06,-10.808
1.5399e-06,-10.767
1.54e-06,-10.912
1.5401e-06,-11.026
1.5402e-06,-11.019
1.5403e-06,-11.04
1.5404e-06,-11.191
1.5405e-06,-11.114
1.5406e-06,-11.049
1.5407e-06,-11.248
1.5408e-06,-11.053
1.5409e-06,-11.184
1.541e-06,-11.129
1.5411e-06,-11.054
1.5412e-06,-11.292
1.5413e-06,-11.318
1.5414e-06,-11.223
1.5415e-06,-11.311
1.5416e-06,-11.34
1.5417e-06,-11.371
1.5418e-06,-11.335
1.5419e-06,-11.202
1.542e-06,-11.274
1.5421e-06,-11.319
1.5422e-06,-11.308
1.5423e-06,-11.512
1.5424e-06,-11.59
1.5425e-06,-11.531
1.5426e-06,-11.544
1.5427e-06,-11.551
1.5428e-06,-11.568
1.5429e-06,-11.681
1.543e-06,-11.523
1.5431e-06,-11.489
1.5432e-06,-11.67
1.5433e-06,-11.627
1.5434e-06,-11.896
1.5435e-06,-11.627
1.5436e-06,-11.984
1.5437e-06,-11.623
1.5438e-06,-11.748
1.5439e-06,-11.633
1.544e-06,-11.823
1.5441e-06,-11.803
1.5442e-06,-11.795
1.5443e-06,-11.77
1.5444e-06,-11.804
1.5445e-06,-11.727
1.5446e-06,-11.745
1.5447e-06,-11.784
1.5448e-06,-11.94
1.5449e-06,-12.019
1.545e-06,-11.784
1.5451e-06,-11.749
1.5452e-06,-11.917
1.5453e-06,-11.937
1.5454e-06,-12.023
1.5455e-06,-11.995
1.5456e-06,-12.108
1.5457e-06,-12.241
1.5458e-06,-12.101
1.5459e-06,-12.117
1.546e-06,-11.958
1.5461e-06,-12.369
1.5462e-06,-11.757
1.5463e-06,-11.951
1.5464e-06,-12.26
1.5465e-06,-12.06
1.5466e-06,-12.153
1.5467e-06,-12.164
1.5468e-06,-12.223
1.5469e-06,-12.189
1.547e-06,-12.197
1.5471e-06,-12.009
1.5472e-06,-12.296
1.5473e-06,-12.291
1.5474e-06,-12.083
1.5475e-06,-12.356
1.5476e-06,-12.248
1.5477e-06,-12.352
1.5478e-06,-12.316
1.5479e-06,-12.357
1.548e-06,-12.381
1.5481e-06,-12.287
1.5482e-06,-12.315
1.5483e-06,-12.575
1.5484e-06,-12.563
1.5485e-06,-12.459
1.5486e-06,-12.471
1.5487e-06,-12.515
1.5488e-06,-12.379
1.5489e-06,-12.427
1.549e-06,-12.417
1.5491e-06,-12.491
1.5492e-06,-12.385
1.5493e-06,-12.644
1.5494e-06,-12.488
1.5495e-06,-12.415
1.5496e-06,-12.505
1.5497e-06,-12.334
1.5498e-06,-12.694
1.5499e-06,-12.412
1.55e-06,-12.487
1.5501e-06,-12.593
1.5502e-06,-12.529
1.5503e-06,-12.462
1.5504e-06,-12.534
1.5505e-06,-12.465
1.5506e-06,-12.646
1.5507e-06,-12.513
1.5508e-06,-12.697
1.5509e-06,-12.638
1.551e-06,-12.644
1.5511e-06,-12.823
1.5512e-06,-12.644
1.5513e-06,-12.519
1.5514e-06,-12.413
1.5515e-06,-12.554
1.5516e-06,-12.673
1.5517e-06,-12.707
1.5518e-06,-12.351
1.5519e-06,-12.594
1.552e-06,-12.6
1.5521e-06,-12.508
1.5522e-06,-12.783
1.5523e-06,-12.717
1.5524e-06,-12.814
1.5525e-06,-12.759
1.5526e-06,-12.745
1.5527e-06,-12.736
1.5528e-06,-12.761
1.5529e-06,-12.756
1.553e-06,-12.915
1.5531e-06,-12.745
1.5532e-06,-12.658
1.5533e-06,-12.612
1.5534e-06,-12.688
1.5535e-06,-12.684
1.5536e-06,-12.864
1.5537e-06,-12.458
1.5538e-06,-12.708
1.5539e-06,-12.81
1.554e-06,-12.809
1.5541e-06,-12.668
1.5542e-06,-13.098
1.5543e-06,-12.468
1.5544e-06,-12.859
1.5545e-06,-12.943
1.5546e-06,-12.529
1.5547e-06,-12.93
1.5548e-06,-12.418
1.5549e-06,-12.965
1.555e-06,-12.366
1.5551e-06,-13.039
1.5552e-06,-12.763
1.5553e-06,-12.881
1.5554e-06,-12.71
1.5555e-06,-12.667
1.5556e-06,-12.792
1.5557e-06,-12.775
1.5558e-06,-12.75
1.5559e-06,-12.909
1.556e-06,-12.678
1.5561e-06,-12.724
1.5562e-06,-12.537
1.5563e-06,-12.59
1.5564e-06,-12.667
1.5565e-06,-12.857
1.5566e-06,-12.774
1.5567e-06,-12.236
1.5568e-06,-13
1.5569e-06,-12.485
1.557e-06,-12.499
1.5571e-06,-13.387
1.5572e-06,-12.241
1.5573e-06,-12.723
1.5574e-06,-12.933
1.5575e-06,-12.619
1.5576e-06,-13.205
1.5577e-06,-12.418
1.5578e-06,-12.833
1.5579e-06,-12.668
1.558e-06,-12.42
1.5581e-06,-12.747
1.5582e-06,-13.029
1.5583e-06,-12.708
1.5584e-06,-12.489
1.5585e-06,-12.54
1.5586e-06,-12.581
1.5587e-06,-12.881
1.5588e-06,-12.596
1.5589e-06,-12.95
1.559e-06,-12.759
1.5591e-06,-12.611
1.5592e-06,-12.463
1.5593e-06,-12.61
1.5594e-06,-12.747
1.5595e-06,-12.579
1.5596e-06,-12.412
1.5597e-06,-12.524
1.5598e-06,-12.644
1.5599e-06,-12.548
1.56e-06,-12.435
1.5601e-06,-12.34
1.5602e-06,-12.662
1.5603e-06,-12.512
1.5604e-06,-12.446
1.5605e-06,-12.433
1.5606e-06,-12.335
1.5607e-06,-12.572
1.5608e-06,-12.16
1.5609e-06,-12.396
1.561e-06,-12.75
1.5611e-06,-12.509
1.5612e-06,-12.327
1.5613e-06,-12.417
1.5614e-06,-12.293
1.5615e-06,-12.369
1.5616e-06,-12.515
1.5617e-06,-12.326
1.5618e-06,-12.623
1.5619e-06,-12.223
1.562e-06,-12.378
1.5621e-06,-12.213
1.5622e-06,-12.261
1.5623e-06,-12.387
1.5624e-06,-12.354
1.5625e-06,-12.254
1.5626e-06,-12.227
1.5627e-06,-12.195
1.5628e-06,-12.115
1.5629e-06,-12.235
1.563e-06,-12.186
1.5631e-06,-12.115
1.5632e-06,-12.402
1.5633e-06,-12.117
1.5634e-06,-12.07
1.5635e-06,-12.278
1.5636e-06,-12.153
1.5637e-06,-12.075
1.5638e-06,-12.184
1.5639e-06,-12.159
1.564e-06,-12.13
1.5641e-06,-11.981
1.5642e-06,-12.103
1.5643e-06,-12.26
1.5644e-06,-11.916
1.5645e-06,-12.255
1.5646e-06,-11.965
1.5647e-06,-11.976
1.5648e-06,-12.063
1.5649e-06,-11.966
1.565e-06,-11.867
1.5651e-06,-11.978
1.5652e-06,-11.83
1.5653e-06,-11.89
1.5654e-06,-12.113
1.5655e-06,-11.871
1.5656e-06,-11.863
1.5657e-06,-11.963
1.5658e-06,-11.831
1.5659e-06,-11.928
1.566e-06,-11.904
1.5661e-06,-11.647
1.5662e-06,-11.755
1.5663e-06,-11.812
1.5664e-06,-11.717
1.5665e-06,-11.723
1.5666e-06,-11.812
1.5667e-06,-11.392
1.5668e-06,-11.688
1.5669e-06,-11.789
1.567e-06,-11.792
1.5671e-06,-11.497
1.5672e-06,-11.523
1.5673e-06,-11.561
1.5674e-06,-11.614
1.5675e-06,-11.452
1.5676e-06,-11.521
1.5677e-06,-11.534
1.5678e-06,-11.705
1.5679e-06,-11.595
1.568e-06,-11.521
1.5681e-06,-11.491
1.5682e-06,-11.599
1.5683e-06,-11.478
1.5684e-06,-11.365
1.5685e-06,-11.389
1.5686e-06,-11.602
1.5687e-06,-11.264
1.5688e-06,-11.442
1.5689e-06,-11.344
1.569e-06,-11.438
1.5691e-06,-11.445
1.5692e-06,-11.17
1.5693e-06,-11.272
1.5694e-06,-11.342
1.5695e-06,-11.442
1.5696e-06,-11.255
1.5697e-06,-11.219
1.5698e-06,-11.133
1.5699e-06,-11.201
1.57e-06,-11.032
1.5701e-06,-11.186
1.5702e-06,-11.064
1.5703e-06,-11.165
1.5704e-06,-11.002
1.5705e-06,-11.34
1.5706e-06,-11.139
1.5707e-06,-10.794
1.5708e-06,-11.138
1.5709e-06,-10.971
1.571e-06,-11.022
1.5711e-06,-11.116
1.5712e-06,-11.004
1.5713e-06,-10.893
1.5714e-06,-11.083
1.5715e-06,-11.035
1.5716e-06,-10.966
1.5717e-06,-11.101
1.5718e-06,-10.986
1.5719e-06,-10.945
1.572e-06,-10.803
1.5721e-06,-10.895
1.5722e-06,-10.821
1.5723e-06,-10.755
1.5724e-06,-10.782
1.5725e-06,-10.667
1.5726e-06,-10.65
1.5727e-06,-10.626
1.5728e-06,-10.905
1.5729e-06,-10.623
1.573e-06,-10.718
1.5731e-06,-10.67
1.5732e-06,-10.647
1.5733e-06,-10.705
1.5734e-06,-10.566
1.5735e-06,-10.655
1.5736e-06,-10.461
1.5737e-06,-10.57
1.5738e-06,-10.422
1.5739e-06,-10.614
1.574e-06,-10.582
1.5741e-06,-10.501
1.5742e-06,-10.384
1.5743e-06,-10.294
1.5744e-06,-10.475
1.5745e-06,-10.57
1.5746e-06,-10.274
1.5747e-06,-10.332
1.5748e-06,-10.502
1.5749e-06,-10.352
1.575e-06,-10.252
1.5751e-06,-10.354
1.5752e-06,-10.272
1.5753e-06,-10.302
1.5754e-06,-10.207
1.5755e-06,-10.303
1.5756e-06,-10.169
1.5757e-06,-10.313
1.5758e-06,-10.361
1.5759e-06,-10.091
1.576e-06,-10.037
1.5761e-06,-10.244
1.5762e-06,-10.114
1.5763e-06,-10.154
1.5764e-06,-10.082
1.5765e-06,-9.9059
1.5766e-06,-9.9592
1.5767e-06,-10.249
1.5768e-06,-10.039
1.5769e-06,-10.121
1.577e-06,-10.079
1.5771e-06,-10.048
1.5772e-06,-9.9185
1.5773e-06,-9.8749
1.5774e-06,-9.6991
1.5775e-06,-9.6999
1.5776e-06,-9.7914
1.5777e-06,-9.654
1.5778e-06,-9.5929
1.5779e-06,-9.8096
1.578e-06,-9.7698
1.5781e-06,-9.6521
1.5782e-06,-9.7446
1.5783e-06,-9.7274
1.5784e-06,-9.7921
1.5785e-06,-9.5856
1.5786e-06,-9.7738
1.5787e-06,-9.6352
1.5788e-06,-9.5264
1.5789e-06,-9.6078
1.579e-06,-9.7006
1.5791e-06,-9.3078
1.5792e-06,-9.5775
1.5793e-06,-9.5228
1.5794e-06,-9.5857
1.5795e-06,-9.2926
1.5796e-06,-9.5626
1.5797e-06,-9.4731
1.5798e-06,-9.6911
1.5799e-06,-9.4683
1.58e-06,-9.4818
1.5801e-06,-9.2854
1.5802e-06,-9.4692
1.5803e-06,-9.1741
1.5804e-06,-9.1087
1.5805e-06,-9.4066
1.5806e-06,-9.4
1.5807e-06,-9.6256
1.5808e-06,-9.3723
1.5809e-06,-9.1961
1.581e-06,-9.2234
1.5811e-06,-9.0922
1.5812e-06,-9.3681
1.5813e-06,-9.2476
1.5814e-06,-9.3997
1.5815e-06,-9.0374
1.5816e-06,-9.069
1.5817e-06,-8.9424
1.5818e-06,-9.1274
1.5819e-06,-9.2158
1.582e-06,-9.0652
1.5821e-06,-8.9961
1.5822e-06,-8.9337
1.5823e-06,-9.2203
1.5824e-06,-9.1256
1.5825e-06,-9.1478
1.5826e-06,-9.1222
1.5827e-06,-8.8757
1.5828e-06,-8.7384
1.5829e-06,-8.8718
1.583e-06,-8.8914
1.5831e-06,-8.9235
1.5832e-06,-8.8457
1.5833e-06,-8.6925
1.5834e-06,-8.8568
1.5835e-06,-8.9503
1.5836e-06,-8.7585
1.5837e-06,-8.7385
1.5838e-06,-8.5686
1.5839e-06,-8.6409
1.584e-06,-8.8763
1.5841e-06,-8.7991
1.5842e-06,-8.6055
1.5843e-06,-8.6616
1.5844e-06,-8.6633
1.5845e-06,-8.6791
1.5846e-06,-8.7777
1.5847e-06,-8.6827
1.5848e-06,-8.6313
1.5849e-06,-8.4262
1.585e-06,-8.5776
1.5851e-06,-8.4288
1.5852e-06,-8.4642
1.5853e-06,-8.5314
1.5854e-06,-8.34
1.5855e-06,-8.4447
1.5856e-06,-8.4421
1.5857e-06,-8.5445
1.5858e-06,-8.4234
1.5859e-06,-8.4021
1.586e-06,-8.2959
1.5861e-06,-8.2878
1.5862e-06,-8.4038
1.5863e-06,-8.5063
1.5864e-06,-8.2058
1.5865e-06,-8.3091
1.5866e-06,-8.3158
1.5867e-06,-8.2328
1.5868e-06,-8.2409
1.5869e-06,-8.2604
1.587e-06,-8.2465
1.5871e-06,-8.309
1.5872e-06,-8.0517
1.5873e-06,-7.8647
1.5874e-06,-8.118
1.5875e-06,-8.1551
1.5876e-06,-8.1113
1.5877e-06,-8.1143
1.5878e-06,-8.0939
1.5879e-06,-8.0455
1.588e-06,-7.8677
1.5881e-06,-8.0137
1.5882e-06,-8.0521
1.5883e-06,-7.9703
1.5884e-06,-7.9535
1.5885e-06,-7.9642
1.5886e-06,-7.7898
1.5887e-06,-7.925
1.5888e-06,-7.9426
1.5889e-06,-7.7726
1.589e-06,-8.068
1.5891e-06,-7.9259
1.5892e-06,-8.0193
1.5893e-06,-7.9447
1.5894e-06,-7.6409
1.5895e-06,-7.9576
1.5896e-06,-7.7936
1.5897e-06,-7.6356
1.5898e-06,-7.5479
1.5899e-06,-7.8148
1.59e-06,-7.3597
1.5901e-06,-7.8025
1.5902e-06,-7.5631
1.5903e-06,-7.6106
1.5904e-06,-7.7394
1.5905e-06,-7.5676
1.5906e-06,-7.6282
1.5907e-06,-7.4268
1.5908e-06,-7.792
1.5909e-06,-7.752
1.591e-06,-7.6267
1.5911e-06,-7.5256
1.5912e-06,-7.5725
1.5913e-06,-7.5451
1.5914e-06,-7.5824
1.5915e-06,-7.7061
1.5916e-06,-7.5877
1.5917e-06,-7.5055
1.5918e-06,-7.3827
1.5919e-06,-7.4424
1.592e-06,-7.3498
1.5921e-06,-7.5282
1.5922e-06,-7.4243
1.5923e-06,-7.4523
1.5924e-06,-7.3266
1.5925e-06,-7.3138
1.5926e-06,-7.4259
1.5927e-06,-7.3244
1.5928e-06,-7.2471
1.5929e-06,-7.217
1.593e-06,-7.2827
1.5931e-06,-7.2586
1.5932e-06,-7.1705
1.5933e-06,-7.2505
1.5934e-06,-7.2252
1.5935e-06,-7.0998
1.5936e-06,-7.2608
1.5937e-06,-7.2743
1.5938e-06,-7.1284
1.5939e-06,-7.1557
1.594e-06,-7.1911
1.5941e-06,-7.0677
1.5942e-06,-7.1695
1.5943e-06,-6.7708
1.5944e-06,-7.2675
1.5945e-06,-7.1498
1.5946e-06,-7.0301
1.5947e-06,-7.0575
1.5948e-06,-6.9056
1.5949e-06,-6.8437
1.595e-06,-7.1493
1.5951e-06,-6.9187
1.5952e-06,-6.8661
1.5953e-06,-6.9198
1.5954e-06,-6.7751
1.5955e-06,-6.9987
1.5956e-06,-6.798
1.5957e-06,-6.876
1.5958e-06,-6.8932
1.5959e-06,-6.6051
1.596e-06,-6.7351
1.5961e-06,-6.7064
1.5962e-06,-6.8142
1.5963e-06,-6.6241
1.5964e-06,-6.9734
1.5965e-06,-6.585
1.5966e-06,-6.6313
1.5967e-06,-6.8025
1.5968e-06,-6.5775
1.5969e-06,-6.7028
1.597e-06,-6.5152
1.5971e-06,-6.7201
1.5972e-06,-6.5767
1.5973e-06,-6.5729
1.5974e-06,-6.5253
1.5975e-06,-6.4283
1.5976e-06,-6.775
1.5977e-06,-6.5959
1.5978e-06,-6.561
1.5979e-06,-6.6302
1.598e-06,-6.5425
1.5981e-06,-6.6034
1.5982e-06,-6.8205
1.5983e-06,-6.5384
1.5984e-06,-6.36
1.5985e-06,-6.3903
1.5986e-06,-6.631
1.5987e-06,-6.4723
1.5988e-06,-6.4897
1.5989e-06,-6.4994
1.599e-06,-6.4658
1.5991e-06,-6.3415
1.5992e-06,-6.3173
1.5993e-06,-6.2778
1.5994e-06,-6.2906
1.5995e-06,-6.2509
1.5996e-06,-6.3794
1.5997e-06,-6.0973
1.5998e-06,-6.2006
1.5999e-06,-6.2511
1.6e-06,-6.3083
1.6001e-06,-6.3312
1.6002e-06,-6.4117
1.6003e-06,-6.4233
1.6004e-06,-6.2772
1.6005e-06,-6.1907
1.6006e-06,-6.2648
1.6007e-06,-6.2111
1.6008e-06,-6.3593
1.6009e-06,-6.2054
1.601e-06,-6.116
1.6011e-06,-6.3129
1.6012e-06,-6.1057
1.6013e-06,-6.2078
1.6014e-06,-6.1004
1.6015e-06,-5.9499
1.6016e-06,-5.912
1.6017e-06,-6.1038
1.6018e-06,-6.0447
1.6019e-06,-6.0873
1.602e-06,-5.9979
1.6021e-06,-5.9635
1.6022e-06,-5.8409
1.6023e-06,-5.8817
1.6024e-06,-6.1119
1.6025e-06,-5.9373
1.6026e-06,-5.9337
1.6027e-06,-6.092
1.6028e-06,-6.0043
1.6029e-06,-5.668
1.603e-06,-5.8408
1.6031e-06,-5.8214
1.6032e-06,-5.7943
1.6033e-06,-5.929
1.6034e-06,-5.7284
1.6035e-06,-5.7827
1.6036e-06,-5.8225
1.6037e-06,-5.6891
1.6038e-06,-5.707
1.6039e-06,-6.0707
1.604e-06,-5.7435
1.6041e-06,-5.6412
1.6042e-06,-5.5806
1.6043e-06,-5.6362
1.6044e-06,-5.695
1.6045e-06,-5.8794
1.6046e-06,-5.7225
1.6047e-06,-5.799
1.6048e-06,-5.5806
1.6049e-06,-5.571
1.605e-06,-5.4677
1.6051e-06,-5.5247
1.6052e-06,-5.5036
1.6053e-06,-5.5784
1.6054e-06,-5.4869
1.6055e-06,-5.5314
1.6056e-06,-5.5776
1.6057e-06,-5.4233
1.6058e-06,-5.6667
1.6059e-06,-5.5308
1.606e-06,-5.6617
1.6061e-06,-5.5083
1.6062e-06,-5.4353
1.6063e-06,-5.3596
1.6064e-06,-5.4728
1.6065e-06,-5.5279
1.6066e-06,-5.2701
1.6067e-06,-5.1767
1.6068e-06,-5.2595
1.6069e-06,-5.3487
1.607e-06,-5.3263
1.6071e-06,-5.609
1.6072e-06,-5.086
1.6073e-06,-5.3772
1.6074e-06,-5.3358
1.6075e-06,-5.4232
1.6076e-06,-5.4126
1.6077e-06,-5.1889
1.6078e-06,-5.1933
1.6079e-06,-5.338
1.608e-06,-5.1729
1.6081e-06,-5.2743
1.6082e-06,-5.1375
1.6083e-06,-5.284
1.6084e-06,-5.2094
1.6085e-06,-5.0258
1.6086e-06,-5.3073
1.6087e-06,-5.0752
1.6088e-06,-5.3315
1.6089e-06,-5.204
1.609e-06,-5.1959
1.6091e-06,-5.0018
1.6092e-06,-5.1636
1.6093e-06,-5.2111
1.6094e-06,-5.1626
1.6095e-06,-5.0517
1.6096e-06,-5.1797
1.6097e-06,-5.0752
1.6098e-06,-5.152
1.6099e-06,-4.9682
1.61e-06,-4.9354
1.6101e-06,-5.1135
1.6102e-06,-4.8143
1.6103e-06,-4.8178
1.6104e-06,-4.9933
1.6105e-06,-4.9987
1.6106e-06,-4.8864
1.6107e-06,-4.9301
1.6108e-06,-4.9206
1.6109e-06,-4.7395
1.611e-06,-4.9696
1.6111e-06,-5.1204
1.6112e-06,-4.6073
1.6113e-06,-4.7988
1.6114e-06,-4.9508
1.6115e-06,-5.0202
1.6116e-06,-4.7909
1.6117e-06,-5.0118
1.6118e-06,-4.8209
1.6119e-06,-4.8464
1.612e-06,-4.5707
1.6121e-06,-4.7183
1.6122e-06,-4.649
1.6123e-06,-4.8567
1.6124e-06,-4.5068
1.6125e-06,-4.7435
1.6126e-06,-4.6476
1.6127e-06,-4.6683
1.6128e-06,-4.7456
1.6129e-06,-4.7234
1.613e-06,-4.4957
1.6131e-06,-4.579
1.6132e-06,-4.6582
1.6133e-06,-4.7425
1.6134e-06,-4.6535
1.6135e-06,-4.5541
1.6136e-06,-4.6563
1.6137e-06,-4.6977
1.6138e-06,-4.7541
1.6139e-06,-4.4594
1.614e-06,-4.8363
1.6141e-06,-4.3994
1.6142e-06,-4.61
1.6143e-06,-4.6752
1.6144e-06,-4.3627
1.6145e-06,-4.3414
1.6146e-06,-4.3661
1.6147e-06,-4.5386
1.6148e-06,-4.3056
1.6149e-06,-4.3904
1.615e-06,-4.5172
1.6151e-06,-4.338
1.6152e-06,-4.5212
1.6153e-06,-4.2697
1.6154e-06,-4.4461
1.6155e-06,-4.3809
1.6156e-06,-4.2627
1.6157e-06,-4.3449
1.6158e-06,-4.415
1.6159e-06,-4.4438
1.616e-06,-4.3416
1.6161e-06,-4.4886
1.6162e-06,-4.3628
1.6163e-06,-4.1565
1.6164e-06,-4.4022
1.6165e-06,-4.308
1.6166e-06,-4.2907
1.6167e-06,-4.1177
1.6168e-06,-4.1522
1.6169e-06,-4.1632
1.617e-06,-4.2015
1.6171e-06,-4.3354
1.6172e-06,-4.2552
1.6173e-06,-4.1712
1.6174e-06,-4.218
1.6175e-06,-4.394
1.6176e-06,-4.1376
1.6177e-06,-4.4133
1.6178e-06,-4.2894
1.6179e-06,-4.343
1.618e-06,-4.0733
1.6181e-06,-4.1597
1.6182e-06,-4.0296
1.6183e-06,-4.097
1.6184e-06,-4.0853
1.6185e-06,-4.0188
1.6186e-06,-4.1413
1.6187e-06,-4.2001
1.6188e-06,-3.9584
1.6189e-06,-4.0285
1.619e-06,-3.7221
1.6191e-06,-4.0846
1.6192e-06,-4.0004
1.6193e-06,-3.8425
1.6194e-06,-3.8134
1.6195e-06,-4.0105
1.6196e-06,-3.9959
1.6197e-06,-4.0505
1.6198e-06,-4.1769
1.6199e-06,-4.0502
1.62e-06,-4.0357
1.6201e-06,-4.1758
1.6202e-06,-4.0282
1.6203e-06,-3.9529
1.6204e-06,-3.7726
1.6205e-06,-4.0342
1.6206e-06,-3.8936
1.6207e-06,-4.0139
1.6208e-06,-3.7364
1.6209e-06,-3.7703
1.621e-06,-4.0256
1.6211e-06,-3.8855
1.6212e-06,-3.8855
1.6213e-06,-3.8269
1.6214e-06,-3.6947
1.6215e-06,-3.8149
1.6216e-06,-3.7081
1.6217e-06,-3.9498
1.6218e-06,-3.776
1.6219e-06,-3.951
1.622e-06,-3.7909
1.6221e-06,-3.8009
1.6222e-06,-3.7673
1.6223e-06,-3.868
1.6224e-06,-3.78
1.6225e-06,-3.5783
1.6226e-06,-3.6823
1.6227e-06,-3.6406
1.6228e-06,-3.8319
1.6229e-06,-3.6912
1.623e-06,-3.6976
1.6231e-06,-3.4749
1.6232e-06,-3.4857
1.6233e-06,-3.6868
1.6234e-06,-3.5553
1.6235e-06,-3.5598
1.6236e-06,-3.5683
1.6237e-06,-3.6926
1.6238e-06,-3.6259
1.6239e-06,-3.3869
1.624e-06,-3.805
1.6241e-06,-3.7065
1.6242e-06,-3.5574
1.6243e-06,-3.4919
1.6244e-06,-3.2684
1.6245e-06,-3.3881
1.6246e-06,-3.547
1.6247e-06,-3.2904
1.6248e-06,-3.5809
1.6249e-06,-3.5559
1.625e-06,-3.5408
1.6251e-06,-3.5592
1.6252e-06,-3.6405
1.6253e-06,-3.3809
1.6254e-06,-3.2331
1.6255e-06,-3.4768
1.6256e-06,-3.4676
1.6257e-06,-3.4451
1.6258e-06,-3.3093
1.6259e-06,-3.4002
1.626e-06,-3.3857
1.6261e-06,-3.3379
1.6262e-06,-3.3469
1.6263e-06,-3.3564
1.6264e-06,-3.0647
1.6265e-06,-3.3212
1.6266e-06,-3.5095
1.6267e-06,-3.2858
1.6268e-06,-3.0973
1.6269e-06,-3.309
1.627e-06,-3.1767
1.6271e-06,-3.414
1.6272e-06,-3.2535
1.6273e-06,-2.985
1.6274e-06,-3.2558
1.6275e-06,-3.2524
1.6276e-06,-3.3212
1.6277e-06,-3.2471
1.6278e-06,-3.1416
1.6279e-06,-3.1382
1.628e-06,-3.194
1.6281e-06,-3.2564
1.6282e-06,-2.8564
1.6283e-06,-3.1254
1.6284e-06,-3.1192
1.6285e-06,-3.4657
1.6286e-06,-3.192
1.6287e-06,-3.0162
1.6288e-06,-3.4857
1.6289e-06,-2.9045
1.629e-06,-3.2836
1.6291e-06,-3.0174
1.6292e-06,-3.1486
1.6293e-06,-2.9851
1.6294e-06,-3.0303
1.6295e-06,-2.9817
1.6296e-06,-3.1587
1.6297e-06,-3.1892
1.6298e-06,-3.0661
1.6299e-06,-3.2935
1.63e-06,-3.0032
1.6301e-06,-2.8065
1.6302e-06,-3.047
1.6303e-06,-2.7801
1.6304e-06,-2.9976
1.6305e-06,-3.0601
1.6306e-06,-3.2749
1.6307e-06,-2.8759
1.6308e-06,-3.1454
1.6309e-06,-3.0022
1.631e-06,-3.084
1.6311e-06,-2.7248
1.6312e-06,-2.9512
1.6313e-06,-2.8852
1.6314e-06,-2.9897
1.6315e-06,-2.996
1.6316e-06,-3.1074
1.6317e-06,-2.7777
1.6318e-06,-2.7075
1.6319e-06,-2.8011
1.632e-06,-2.9185
1.6321e-06,-2.6306
1.6322e-06,-2.7929
1.6323e-06,-2.5543
1.6324e-06,-2.8549
1.6325e-06,-2.7297
1.6326e-06,-2.9194
1.6327e-06,-2.7404
1.6328e-06,-2.7741
1.6329e-06,-2.7268
1.633e-06,-2.5161
1.6331e-06,-2.9542
1.6332e-06,-2.8191
1.6333e-06,-2.709
1.6334e-06,-2.5209
1.6335e-06,-2.5436
1.6336e-06,-2.676
1.6337e-06,-2.6128
1.6338e-06,-2.5901
1.6339e-06,-2.7171
1.634e-06,-2.6334
1.6341e-06,-2.6438
1.6342e-06,-2.7285
1.6343e-06,-2.7816
1.6344e-06,-2.5788
1.6345e-06,-2.5577
1.6346e-06,-2.481
1.6347e-06,-2.5532
1.6348e-06,-2.4608
1.6349e-06,-2.7601
1.635e-06,-2.6544
1.6351e-06,-2.6878
1.6352e-06,-2.6279
1.6353e-06,-2.7116
1.6354e-06,-2.5302
1.6355e-06,-2.5026
1.6356e-06,-2.6263
1.6357e-06,-2.5563
1.6358e-06,-2.6235
1.6359e-06,-2.5939
1.636e-06,-2.4461
1.6361e-06,-2.8008
1.6362e-06,-2.6533
1.6363e-06,-2.4946
1.6364e-06,-2.3952
1.6365e-06,-2.4511
1.6366e-06,-2.3909
1.6367e-06,-2.2865
1.6368e-06,-2.5353
1.6369e-06,-2.2875
1.637e-06,-2.6079
1.6371e-06,-2.5763
1.6372e-06,-2.3546
1.6373e-06,-2.4332
1.6374e-06,-2.3343
1.6375e-06,-2.5355
1.6376e-06,-2.4975
1.6377e-06,-2.3334
1.6378e-06,-2.3232
1.6379e-06,-2.2714
1.638e-06,-2.0433
1.6381e-06,-2.3194
1.6382e-06,-2.4532
1.6383e-06,-2.2403
1.6384e-06,-2.198
1.6385e-06,-2.1798
1.6386e-06,-2.1294
1.6387e-06,-2.335
1.6388e-06,-2.2932
1.6389e-06,-2.1109
1.639e-06,-1.9149
1.6391e-06,-2.4756
1.6392e-06,-2.1252
1.6393e-06,-2.1679
1.6394e-06,-2.0933
1.6395e-06,-2.2421
1.6396e-06,-2.2477
1.6397e-06,-2.3855
1.6398e-06,-2.3431
1.6399e-06,-2.2607
1.64e-06,-2.1295
1.6401e-06,-2.3108
1.6402e-06,-2.1196
1.6403e-06,-1.8435
1.6404e-06,-2.0042
1.6405e-06,-2.0347
1.6406e-06,-2.251
1.6407e-06,-2.1395
1.6408e-06,-2.1863
1.6409e-06,-2.195
1.641e-06,-1.8643
1.6411e-06,-2.1221
1.6412e-06,-2.0688
1.6413e-06,-2.0091
1.6414e-06,-2.1177
1.6415e-06,-2.0537
1.6416e-06,-2.1248
1.6417e-06,-2.0512
1.6418e-06,-1.9619
1.6419e-06,-2.0789
1.642e-06,-2.293
1.6421e-06,-2.104
1.6422e-06,-1.9941
1.6423e-06,-2.0174
1.6424e-06,-2.0238
1.6425e-06,-1.8107
1.6426e-06,-1.9041
1.6427e-06,-2.125
1.6428e-06,-1.89
1.6429e-06,-1.9009
1.643e-06,-2.0057
1.6431e-06,-2.0652
1.6432e-06,-1.9795
1.6433e-06,-1.8358
1.6434e-06,-2.2769
1.6435e-06,-1.9075
1.6436e-06,-1.8195
1.6437e-06,-1.8831
1.6438e-06,-2.0939
1.6439e-06,-2.0823
1.644e-06,-1.8706
1.6441e-06,-1.7021
1.6442e-06,-1.93
1.6443e-06,-1.8432
1.6444e-06,-2.0792
1.6445e-06,-1.8525
1.6446e-06,-1.9536
1.6447e-06,-1.9636
1.6448e-06,-1.8695
1.6449e-06,-2.2212
1.645e-06,-1.7865
1.6451e-06,-1.7004
1.6452e-06,-2.0092
1.6453e-06,-1.7331
1.6454e-06,-1.7442
1.6455e-06,-1.7167
1.6456e-06,-1.8752
1.6457e-06,-1.7808
1.6458e-06,-1.5193
1.6459e-06,-1.8996
1.646e-06,-1.6383
1.6461e-06,-1.9427
1.6462e-06,-1.7066
1.6463e-06,-1.7889
1.6464e-06,-1.774
1.6465e-06,-1.8989
1.6466e-06,-1.4685
1.6467e-06,-1.7821
1.6468e-06,-1.7725
1.6469e-06,-1.4808
1.647e-06,-1.525
1.6471e-06,-1.6784
1.6472e-06,-1.5653
1.6473e-06,-1.4128
1.6474e-06,-1.5344
1.6475e-06,-1.5763
1.6476e-06,-1.444
1.6477e-06,-1.5075
1.6478e-06,-1.1942
1.6479e-06,-1.7323
1.648e-06,-1.6198
1.6481e-06,-1.7429
1.6482e-06,-1.4659
1.6483e-06,-1.6662
1.6484e-06,-1.4691
1.6485e-06,-1.569
1.6486e-06,-1.7266
1.6487e-06,-1.6179
1.6488e-06,-1.7259
1.6489e-06,-1.5661
1.649e-06,-1.4596
1.6491e-06,-1.4729
1.6492e-06,-1.4311
1.6493e-06,-1.42
1.6494e-06,-1.3095
1.6495e-06,-1.4457
1.6496e-06,-1.5635
1.6497e-06,-1.4177
1.6498e-06,-1.581
1.6499e-06,-1.2834
1.65e-06,-1.2185
