1.35e-06,8.1031
1.3501e-06,8.2641
1.3502e-06,8.208
1.3503e-06,8.1822
1.3504e-06,8.0794
1.3505e-06,8.038
1.3506e-06,8.085
1.3507e-06,8.2056
1.3508e-06,8.2634
1.3509e-06,8.1004
1.351e-06,8.2373
1.3511e-06,8.2363
1.3512e-06,8.1616
1.3513e-06,8.1225
1.3514e-06,8.1881
1.3515e-06,8.0636
1.3516e-06,8.0694
1.3517e-06,8.0219
1.3518e-06,8.0865
1.3519e-06,8.0887
1.352e-06,8.0076
1.3521e-06,8.0568
1.3522e-06,8.1365
1.3523e-06,8.0709
1.3524e-06,7.975
1.3525e-06,8.0571
1.3526e-06,7.9787
1.3527e-06,7.9606
1.3528e-06,8.0675
1.3529e-06,8.0868
1.353e-06,8.0961
1.3531e-06,8.0358
1.3532e-06,7.9146
1.3533e-06,8.0445
1.3534e-06,8.0298
1.3535e-06,8.0467
1.3536e-06,8.1087
1.3537e-06,8.0887
1.3538e-06,8.0838
1.3539e-06,7.9997
1.354e-06,7.9685
1.3541e-06,7.96
1.3542e-06,7.8871
1.3543e-06,7.9718
1.3544e-06,7.9938
1.3545e-06,7.8521
1.3546e-06,7.9163
1.3547e-06,7.9926
1.3548e-06,7.9287
1.3549e-06,8.0015
1.355e-06,7.9467
1.3551e-06,7.8402
1.3552e-06,7.9005
1.3553e-06,7.8574
1.3554e-06,7.8195
1.3555e-06,7.8667
1.3556e-06,7.8847
1.3557e-06,7.8655
1.3558e-06,7.8214
1.3559e-06,7.9186
1.356e-06,7.8287
1.3561e-06,7.8669
1.3562e-06,7.924
1.3563e-06,7.9653
1.3564e-06,7.8603
1.3565e-06,8.0221
1.3566e-06,7.9263
1.3567e-06,7.928
1.3568e-06,7.9425
1.3569e-06,7.8372
1.357e-06,7.9927
1.3571e-06,7.7647
1.3572e-06,7.7414
1.3573e-06,7.853
1.3574e-06,7.7746
1.3575e-06,7.7548
1.3576e-06,7.759
1.3577e-06,7.7842
1.3578e-06,7.7169
1.3579e-06,7.8994
1.358e-06,7.809
1.3581e-06,7.7196
1.3582e-06,7.7443
1.3583e-06,7.9197
1.3584e-06,7.6982
1.3585e-06,7.9084
1.3586e-06,7.7732
1.3587e-06,7.7639
1.3588e-06,7.905
1.3589e-06,7.8729
1.359e-06,7.7232
1.3591e-06,7.8119
1.3592e-06,7.7306
1.3593e-06,7.779
1.3594e-06,7.7419
1.3595e-06,7.5517
1.3596e-06,7.6315
1.3597e-06,7.6755
1.3598e-06,7.5994
1.3599e-06,7.8228
1.36e-06,7.7446
1.3601e-06,7.6453
1.3602e-06,7.645
1.3603e-06,7.601
1.3604e-06,7.6242
1.3605e-06,7.6567
1.3606e-06,7.6965
1.3607e-06,7.6164
1.3608e-06,7.6562
1.3609e-06,7.6897
1.361e-06,7.613
1.3611e-06,7.6027
1.3612e-06,7.5637
1.3613e-06,7.5718
1.3614e-06,7.674
1.3615e-06,7.6147
1.3616e-06,7.5518
1.3617e-06,7.4573
1.3618e-06,7.5245
1.3619e-06,7.6382
1.362e-06,7.5165
1.3621e-06,7.7529
1.3622e-06,7.5904
1.3623e-06,7.4786
1.3624e-06,7.5159
1.3625e-06,7.5516
1.3626e-06,7.4683
1.3627e-06,7.5799
1.3628e-06,7.5774
1.3629e-06,7.5157
1.363e-06,7.7245
1.3631e-06,7.5558
1.3632e-06,7.453
1.3633e-06,7.5458
1.3634e-06,7.5375
1.3635e-06,7.7022
1.3636e-06,7.5084
1.3637e-06,7.6592
1.3638e-06,7.6073
1.3639e-06,7.4989
1.364e-06,7.4989
1.3641e-06,7.5224
1.3642e-06,7.6085
1.3643e-06,7.5713
1.3644e-06,7.5534
1.3645e-06,7.4707
1.3646e-06,7.3529
1.3647e-06,7.4652
1.3648e-06,7.3234
1.3649e-06,7.4411
1.365e-06,7.5236
1.3651e-06,7.3974
1.3652e-06,7.5481
1.3653e-06,7.4185
1.3654e-06,7.4133
1.3655e-06,7.5474
1.3656e-06,7.2516
1.3657e-06,7.2632
1.3658e-06,7.2551
1.3659e-06,7.3715
1.366e-06,7.4512
1.3661e-06,7.5499
1.3662e-06,7.3779
1.3663e-06,7.379
1.3664e-06,7.5066
1.3665e-06,7.4286
1.3666e-06,7.3833
1.3667e-06,7.3987
1.3668e-06,7.3628
1.3669e-06,7.433
1.367e-06,7.3887
1.3671e-06,7.3901
1.3672e-06,7.3581
1.3673e-06,7.2915
1.3674e-06,7.3404
1.3675e-06,7.2049
1.3676e-06,7.3949
1.3677e-06,7.326
1.3678e-06,7.3379
1.3679e-06,7.269
1.368e-06,7.2249
1.3681e-06,7.3726
1.3682e-06,7.3517
1.3683e-06,7.3502
1.3684e-06,7.3242
1.3685e-06,7.2549
1.3686e-06,7.2551
1.3687e-06,7.1674
1.3688e-06,7.2226
1.3689e-06,7.2376
1.369e-06,7.2886
1.3691e-06,7.2737
1.3692e-06,7.2269
1.3693e-06,7.2656
1.3694e-06,7.2448
1.3695e-06,7.284
1.3696e-06,7.3052
1.3697e-06,7.1308
1.3698e-06,7.2862
1.3699e-06,7.1128
1.37e-06,7.2031
1.3701e-06,7.2376
1.3702e-06,7.2715
1.3703e-06,7.2017
1.3704e-06,7.183
1.3705e-06,7.1796
1.3706e-06,7.2827
1.3707e-06,7.2624
1.3708e-06,7.0308
1.3709e-06,7.109
1.371e-06,7.1834
1.3711e-06,7.3236
1.3712e-06,7.274
1.3713e-06,7.1154
1.3714e-06,7.2071
1.3715e-06,7.2105
1.3716e-06,7.1682
1.3717e-06,7.1265
1.3718e-06,7.2165
1.3719e-06,7.2124
1.372e-06,7.1181
1.3721e-06,7.1008
1.3722e-06,7.0865
1.3723e-06,7.1099
1.3724e-06,6.97
1.3725e-06,7.1034
1.3726e-06,7.1197
1.3727e-06,7.0532
1.3728e-06,7.1785
1.3729e-06,7.063
1.373e-06,7.0636
1.3731e-06,7.0468
1.3732e-06,7.151
1.3733e-06,6.9757
1.3734e-06,7.1128
1.3735e-06,7.0959
1.3736e-06,7.0962
1.3737e-06,7.0517
1.3738e-06,6.9785
1.3739e-06,7.0749
1.374e-06,7.1056
1.3741e-06,6.9853
1.3742e-06,7.0092
1.3743e-06,7.004
1.3744e-06,6.99
1.3745e-06,6.9055
1.3746e-06,7.0957
1.3747e-06,7.0006
1.3748e-06,7.0262
1.3749e-06,7.0089
1.375e-06,7.1195
1.3751e-06,6.9833
1.3752e-06,6.9532
1.3753e-06,7.0694
1.3754e-06,6.9841
1.3755e-06,7.0297
1.3756e-06,6.9143
1.3757e-06,7.027
1.3758e-06,6.9877
1.3759e-06,6.9152
1.376e-06,6.8762
1.3761e-06,6.9306
1.3762e-06,6.9813
1.3763e-06,6.9656
1.3764e-06,6.8634
1.3765e-06,6.9648
1.3766e-06,7.103
1.3767e-06,6.9251
1.3768e-06,6.824
1.3769e-06,6.9098
1.377e-06,6.9236
1.3771e-06,6.8032
1.3772e-06,6.8431
1.3773e-06,6.9095
1.3774e-06,6.8481
1.3775e-06,6.8777
1.3776e-06,6.7403
1.3777e-06,6.7199
1.3778e-06,6.8111
1.3779e-06,6.9086
1.378e-06,6.8868
1.3781e-06,6.7093
1.3782e-06,6.8488
1.3783e-06,6.9051
1.3784e-06,6.6642
1.3785e-06,6.7526
1.3786e-06,6.6461
1.3787e-06,6.575
1.3788e-06,6.7714
1.3789e-06,6.8889
1.379e-06,6.6773
1.3791e-06,6.7276
1.3792e-06,6.8815
1.3793e-06,6.7733
1.3794e-06,6.7791
1.3795e-06,6.8034
1.3796e-06,6.8239
1.3797e-06,6.764
1.3798e-06,6.6159
1.3799e-06,6.7059
1.38e-06,6.6985
1.3801e-06,6.7983
1.3802e-06,6.6779
1.3803e-06,6.7619
1.3804e-06,6.77
1.3805e-06,6.6398
1.3806e-06,6.8925
1.3807e-06,6.5763
1.3808e-06,6.7026
1.3809e-06,6.6683
1.381e-06,6.7316
1.3811e-06,6.7353
1.3812e-06,6.7305
1.3813e-06,6.6438
1.3814e-06,6.6984
1.3815e-06,6.7352
1.3816e-06,6.5962
1.3817e-06,6.5944
1.3818e-06,6.598
1.3819e-06,6.7454
1.382e-06,6.6176
1.3821e-06,6.6485
1.3822e-06,6.6672
1.3823e-06,6.5585
1.3824e-06,6.553
1.3825e-06,6.5815
1.3826e-06,6.6852
1.3827e-06,6.5089
1.3828e-06,6.6446
1.3829e-06,6.403
1.383e-06,6.6749
1.3831e-06,6.4342
1.3832e-06,6.6172
1.3833e-06,6.4445
1.3834e-06,6.5346
1.3835e-06,6.6126
1.3836e-06,6.6678
1.3837e-06,6.5362
1.3838e-06,6.6022
1.3839e-06,6.446
1.384e-06,6.656
1.3841e-06,6.388
1.3842e-06,6.6006
1.3843e-06,6.6372
1.3844e-06,6.4761
1.3845e-06,6.511
1.3846e-06,6.6717
1.3847e-06,6.6092
1.3848e-06,6.5037
1.3849e-06,6.5071
1.385e-06,6.4423
1.3851e-06,6.5048
1.3852e-06,6.4983
1.3853e-06,6.5022
1.3854e-06,6.5718
1.3855e-06,6.5573
1.3856e-06,6.5715
1.3857e-06,6.6359
1.3858e-06,6.411
1.3859e-06,6.5883
1.386e-06,6.5488
1.3861e-06,6.5045
1.3862e-06,6.3599
1.3863e-06,6.4496
1.3864e-06,6.3657
1.3865e-06,6.5501
1.3866e-06,6.4533
1.3867e-06,6.4733
1.3868e-06,6.4371
1.3869e-06,6.5421
1.387e-06,6.5243
1.3871e-06,6.2463
1.3872e-06,6.3762
1.3873e-06,6.4384
1.3874e-06,6.4396
1.3875e-06,6.3779
1.3876e-06,6.3601
1.3877e-06,6.3589
1.3878e-06,6.3389
1.3879e-06,6.3105
1.388e-06,6.4188
1.3881e-06,6.3307
1.3882e-06,6.3869
1.3883e-06,6.3681
1.3884e-06,6.2466
1.3885e-06,6.302
1.3886e-06,6.3582
1.3887e-06,6.3262
1.3888e-06,6.4626
1.3889e-06,6.2411
1.389e-06,6.2527
1.3891e-06,6.2454
1.3892e-06,6.4618
1.3893e-06,6.3948
1.3894e-06,6.4393
1.3895e-06,6.2547
1.3896e-06,6.3382
1.3897e-06,6.3427
1.3898e-06,6.317
1.3899e-06,6.1824
1.39e-06,6.3083
1.3901e-06,6.145
1.3902e-06,6.4166
1.3903e-06,6.1985
1.3904e-06,6.103
1.3905e-06,6.2242
1.3906e-06,6.2722
1.3907e-06,6.3153
1.3908e-06,6.4414
1.3909e-06,6.1536
1.391e-06,6.2365
1.3911e-06,6.3853
1.3912e-06,6.2183
1.3913e-06,6.2666
1.3914e-06,6.0686
1.3915e-06,6.1072
1.3916e-06,6.3478
1.3917e-06,6.2617
1.3918e-06,6.1533
1.3919e-06,6.0745
1.392e-06,6.2325
1.3921e-06,6.1135
1.3922e-06,6.1466
1.3923e-06,6.0483
1.3924e-06,6.1744
1.3925e-06,6.1618
1.3926e-06,6.1784
1.3927e-06,6.0503
1.3928e-06,6.2372
1.3929e-06,6.251
1.393e-06,5.9628
1.3931e-06,6.1021
1.3932e-06,6.1642
1.3933e-06,6.2243
1.3934e-06,6.1039
1.3935e-06,6.1617
1.3936e-06,6.0815
1.3937e-06,6.0607
1.3938e-06,6.0214
1.3939e-06,6.111
1.394e-06,6.0328
1.3941e-06,6.141
1.3942e-06,6.1534
1.3943e-06,6.0368
1.3944e-06,6.1368
1.3945e-06,6.0336
1.3946e-06,6.0283
1.3947e-06,6.0476
1.3948e-06,5.908
1.3949e-06,5.9095
1.395e-06,6.08
1.3951e-06,6.0604
1.3952e-06,5.9549
1.3953e-06,5.9403
1.3954e-06,5.9547
1.3955e-06,5.9586
1.3956e-06,6.1002
1.3957e-06,5.9582
1.3958e-06,6.0425
1.3959e-06,5.9907
1.396e-06,5.8299
1.3961e-06,6.0971
1.3962e-06,5.9646
1.3963e-06,5.7582
1.3964e-06,5.8864
1.3965e-06,5.6751
1.3966e-06,5.9169
1.3967e-06,5.8066
1.3968e-06,5.8521
1.3969e-06,5.9165
1.397e-06,5.907
1.3971e-06,5.8654
1.3972e-06,5.8794
1.3973e-06,5.8875
1.3974e-06,5.8346
1.3975e-06,5.8693
1.3976e-06,5.8603
1.3977e-06,5.8991
1.3978e-06,5.8369
1.3979e-06,5.8189
1.398e-06,5.8708
1.3981e-06,5.854
1.3982e-06,5.8908
1.3983e-06,5.8185
1.3984e-06,5.8898
1.3985e-06,5.8263
1.3986e-06,5.7165
1.3987e-06,5.7007
1.3988e-06,5.7253
1.3989e-06,5.7737
1.399e-06,5.8038
1.3991e-06,5.7288
1.3992e-06,5.7583
1.3993e-06,5.6547
1.3994e-06,5.7298
1.3995e-06,5.91
1.3996e-06,5.75
1.3997e-06,5.7268
1.3998e-06,5.6812
1.3999e-06,5.6987
1.4e-06,5.6609
1.4001e-06,5.7132
1.4002e-06,5.7734
1.4003e-06,5.553
1.4004e-06,5.7394
1.4005e-06,5.7022
1.4006e-06,5.6548
1.4007e-06,5.7306
1.4008e-06,5.6046
1.4009e-06,5.7214
1.401e-06,5.6803
1.4011e-06,5.5683
1.4012e-06,5.7228
1.4013e-06,5.6576
1.4014e-06,5.5688
1.4015e-06,5.5822
1.4016e-06,5.7252
1.4017e-06,5.564
1.4018e-06,5.5914
1.4019e-06,5.7487
1.402e-06,5.6361
1.4021e-06,5.5465
1.4022e-06,5.6208
1.4023e-06,5.6442
1.4024e-06,5.6514
1.4025e-06,5.7091
1.4026e-06,5.6166
1.4027e-06,5.612
1.4028e-06,5.5837
1.4029e-06,5.6338
1.403e-06,5.6149
1.4031e-06,5.5349
1.4032e-06,5.6437
1.4033e-06,5.6247
1.4034e-06,5.7044
1.4035e-06,5.5663
1.4036e-06,5.5109
1.4037e-06,5.5401
1.4038e-06,5.5041
1.4039e-06,5.6309
1.404e-06,5.5462
1.4041e-06,5.4698
1.4042e-06,5.508
1.4043e-06,5.5029
1.4044e-06,5.5368
1.4045e-06,5.6153
1.4046e-06,5.426
1.4047e-06,5.5421
1.4048e-06,5.4599
1.4049e-06,5.406
1.405e-06,5.2555
1.4051e-06,5.3156
1.4052e-06,5.3206
1.4053e-06,5.46
1.4054e-06,5.5042
1.4055e-06,5.4801
1.4056e-06,5.415
1.4057e-06,5.3901
1.4058e-06,5.5494
1.4059e-06,5.428
1.406e-06,5.3716
1.4061e-06,5.2333
1.4062e-06,5.3695
1.4063e-06,5.465
1.4064e-06,5.3483
1.4065e-06,5.3124
1.4066e-06,5.4424
1.4067e-06,5.4042
1.4068e-06,5.4553
1.4069e-06,5.2831
1.407e-06,5.3788
1.4071e-06,5.4453
1.4072e-06,5.3012
1.4073e-06,5.3168
1.4074e-06,5.2372
1.4075e-06,5.1858
1.4076e-06,5.4144
1.4077e-06,5.2677
1.4078e-06,5.2127
1.4079e-06,5.4328
1.408e-06,5.3378
1.4081e-06,5.228
1.4082e-06,5.2698
1.4083e-06,5.288
1.4084e-06,5.1753
1.4085e-06,5.1324
1.4086e-06,5.4007
1.4087e-06,5.2916
1.4088e-06,5.2545
1.4089e-06,5.3421
1.409e-06,5.2178
1.4091e-06,5.1304
1.4092e-06,5.278
1.4093e-06,5.1329
1.4094e-06,5.1099
1.4095e-06,5.2789
1.4096e-06,5.2136
1.4097e-06,5.2352
1.4098e-06,5.1692
1.4099e-06,5.0984
1.41e-06,5.0076
1.4101e-06,5.0289
1.4102e-06,5.3414
1.4103e-06,5.0633
1.4104e-06,5.1426
1.4105e-06,5.1328
1.4106e-06,5.2117
1.4107e-06,5.0754
1.4108e-06,5.1611
1.4109e-06,5.0416
1.411e-06,5.1962
1.4111e-06,4.947
1.4112e-06,5.1313
1.4113e-06,5.197
1.4114e-06,5.1182
1.4115e-06,5.126
1.4116e-06,5.059
1.4117e-06,5.0555
1.4118e-06,5.1469
1.4119e-06,5.0002
1.412e-06,4.9477
1.4121e-06,5.0966
1.4122e-06,4.961
1.4123e-06,4.9237
1.4124e-06,5.0372
1.4125e-06,4.9319
1.4126e-06,5.0063
1.4127e-06,4.8051
1.4128e-06,5.03
1.4129e-06,4.8426
1.413e-06,4.902
1.4131e-06,4.8953
1.4132e-06,4.9849
1.4133e-06,4.8412
1.4134e-06,4.8624
1.4135e-06,4.9032
1.4136e-06,5.0203
1.4137e-06,4.815
1.4138e-06,4.8188
1.4139e-06,4.87
1.414e-06,4.8259
1.4141e-06,4.935
1.4142e-06,4.7794
1.4143e-06,4.9404
1.4144e-06,4.9011
1.4145e-06,4.8741
1.4146e-06,4.9748
1.4147e-06,4.9296
1.4148e-06,4.7317
1.4149e-06,4.9191
1.415e-06,4.7646
1.4151e-06,4.8336
1.4152e-06,4.8217
1.4153e-06,4.7611
1.4154e-06,4.6992
1.4155e-06,4.8495
1.4156e-06,4.8257
1.4157e-06,4.724
1.4158e-06,4.7895
1.4159e-06,4.751
1.416e-06,4.8952
1.4161e-06,4.7787
1.4162e-06,4.7956
1.4163e-06,4.8506
1.4164e-06,4.7729
1.4165e-06,4.7624
1.4166e-06,4.6087
1.4167e-06,4.8785
1.4168e-06,4.6312
1.4169e-06,4.623
1.417e-06,4.6545
1.4171e-06,4.733
1.4172e-06,4.7057
1.4173e-06,4.7921
1.4174e-06,4.7256
1.4175e-06,4.7682
1.4176e-06,4.7937
1.4177e-06,4.6245
1.4178e-06,4.5793
1.4179e-06,4.5617
1.418e-06,4.5139
1.4181e-06,4.7459
1.4182e-06,4.5712
1.4183e-06,4.6016
1.4184e-06,4.6411
1.4185e-06,4.4977
1.4186e-06,4.6811
1.4187e-06,4.497
1.4188e-06,4.6336
1.4189e-06,4.551
1.419e-06,4.6167
1.4191e-06,4.5645
1.4192e-06,4.4333
1.4193e-06,4.4354
1.4194e-06,4.5846
1.4195e-06,4.525
1.4196e-06,4.5644
1.4197e-06,4.4481
1.4198e-06,4.6447
1.4199e-06,4.3867
1.42e-06,4.5974
1.4201e-06,4.4211
1.4202e-06,4.6314
1.4203e-06,4.4415
1.4204e-06,4.4133
1.4205e-06,4.4582
1.4206e-06,4.4517
1.4207e-06,4.3417
1.4208e-06,4.4249
1.4209e-06,4.3352
1.421e-06,4.4663
1.4211e-06,4.4344
1.4212e-06,4.4353
1.4213e-06,4.3611
1.4214e-06,4.3473
1.4215e-06,4.3213
1.4216e-06,4.4352
1.4217e-06,4.4538
1.4218e-06,4.3299
1.4219e-06,4.2934
1.422e-06,4.2913
1.4221e-06,4.2294
1.4222e-06,4.184
1.4223e-06,4.3276
1.4224e-06,4.3064
1.4225e-06,4.298
1.4226e-06,4.29
1.4227e-06,4.19
1.4228e-06,4.2947
1.4229e-06,4.2276
1.423e-06,4.2091
1.4231e-06,4.3141
1.4232e-06,4.2226
1.4233e-06,4.1435
1.4234e-06,4.2284
1.4235e-06,4.2085
1.4236e-06,4.3792
1.4237e-06,4.1873
1.4238e-06,4.3245
1.4239e-06,4.3198
1.424e-06,4.1474
1.4241e-06,4.1872
1.4242e-06,4.2564
1.4243e-06,4.3122
1.4244e-06,4.2783
1.4245e-06,4.2295
1.4246e-06,4.2933
1.4247e-06,4.1263
1.4248e-06,4.1238
1.4249e-06,4.1878
1.425e-06,4.1521
1.4251e-06,4.1625
1.4252e-06,4.1671
1.4253e-06,4.0972
1.4254e-06,4.2295
1.4255e-06,4.12
1.4256e-06,4.1822
1.4257e-06,4.1604
1.4258e-06,4.1525
1.4259e-06,4.0318
1.426e-06,4.2904
1.4261e-06,3.9671
1.4262e-06,4.1604
1.4263e-06,4.0633
1.4264e-06,4.0213
1.4265e-06,4.106
1.4266e-06,3.852
1.4267e-06,4.1948
1.4268e-06,3.9309
1.4269e-06,4.1045
1.427e-06,3.9928
1.4271e-06,4.0284
1.4272e-06,4.0116
1.4273e-06,3.886
1.4274e-06,3.9685
1.4275e-06,4.1057
1.4276e-06,4.1412
1.4277e-06,3.8942
1.4278e-06,3.8019
1.4279e-06,3.9872
1.428e-06,4.0381
1.4281e-06,3.8546
1.4282e-06,3.9262
1.4283e-06,3.8563
1.4284e-06,3.892
1.4285e-06,3.7716
1.4286e-06,3.7978
1.4287e-06,3.7347
1.4288e-06,3.9387
1.4289e-06,3.9866
1.429e-06,4.0167
1.4291e-06,3.8457
1.4292e-06,3.8645
1.4293e-06,3.8101
1.4294e-06,3.7162
1.4295e-06,3.8709
1.4296e-06,3.6766
1.4297e-06,3.8523
1.4298e-06,3.7666
1.4299e-06,3.7196
1.43e-06,3.76
1.4301e-06,3.7235
1.4302e-06,3.783
1.4303e-06,3.7583
1.4304e-06,3.8204
1.4305e-06,3.7741
1.4306e-06,3.918
1.4307e-06,3.6729
1.4308e-06,3.8568
1.4309e-06,3.6412
1.431e-06,3.6
1.4311e-06,3.7621
1.4312e-06,3.6111
1.4313e-06,3.5845
1.4314e-06,3.7619
1.4315e-06,3.6946
1.4316e-06,3.5384
1.4317e-06,3.8432
1.4318e-06,3.7136
1.4319e-06,3.6289
1.432e-06,3.677
1.4321e-06,3.6378
1.4322e-06,3.4696
1.4323e-06,3.5159
1.4324e-06,3.6862
1.4325e-06,3.5352
1.4326e-06,3.5236
1.4327e-06,3.6351
1.4328e-06,3.6434
1.4329e-06,3.606
1.433e-06,3.4006
1.4331e-06,3.5179
1.4332e-06,3.6535
1.4333e-06,3.554
1.4334e-06,3.5196
1.4335e-06,3.401
1.4336e-06,3.486
1.4337e-06,3.4151
1.4338e-06,3.4524
1.4339e-06,3.501
1.434e-06,3.5326
1.4341e-06,3.5585
1.4342e-06,3.4444
1.4343e-06,3.3593
1.4344e-06,3.5397
1.4345e-06,3.5546
1.4346e-06,3.418
1.4347e-06,3.4137
1.4348e-06,3.2559
1.4349e-06,3.534
1.435e-06,3.4478
1.4351e-06,3.4233
1.4352e-06,3.4131
1.4353e-06,3.3086
1.4354e-06,3.3343
1.4355e-06,3.1604
1.4356e-06,3.0885
1.4357e-06,3.3697
1.4358e-06,3.2553
1.4359e-06,3.3248
1.436e-06,3.3206
1.4361e-06,3.2675
1.4362e-06,3.2684
1.4363e-06,3.2558
1.4364e-06,3.2379
1.4365e-06,3.2625
1.4366e-06,3.3571
1.4367e-06,3.2364
1.4368e-06,3.161
1.4369e-06,3.4189
1.437e-06,3.1473
1.4371e-06,3.1456
1.4372e-06,3.3356
1.4373e-06,3.1169
1.4374e-06,3.1749
1.4375e-06,3.0176
1.4376e-06,3.1633
1.4377e-06,3.231
1.4378e-06,3.0868
1.4379e-06,2.9744
1.438e-06,3.1589
1.4381e-06,3.2281
1.4382e-06,3.1715
1.4383e-06,3.1135
1.4384e-06,3.087
1.4385e-06,3.1041
1.4386e-06,3.2967
1.4387e-06,2.9091
1.4388e-06,3.0174
1.4389e-06,3.0242
1.439e-06,3.1567
1.4391e-06,3.0095
1.4392e-06,3.0118
1.4393e-06,3.1821
1.4394e-06,3.0435
1.4395e-06,3.0827
1.4396e-06,2.9916
1.4397e-06,2.9818
1.4398e-06,2.9592
1.4399e-06,3.1793
1.44e-06,3.0132
1.4401e-06,3.0748
1.4402e-06,2.9544
1.4403e-06,2.9083
1.4404e-06,2.9103
1.4405e-06,3.1265
1.4406e-06,3.0488
1.4407e-06,2.9172
1.4408e-06,3.0568
1.4409e-06,2.9729
1.441e-06,3.0245
1.4411e-06,3.1253
1.4412e-06,2.8425
1.4413e-06,2.8737
1.4414e-06,2.8818
1.4415e-06,2.8584
1.4416e-06,2.8572
1.4417e-06,2.7816
1.4418e-06,2.7948
1.4419e-06,2.8014
1.442e-06,2.8401
1.4421e-06,2.7935
1.4422e-06,2.8181
1.4423e-06,2.709
1.4424e-06,2.9726
1.4425e-06,2.9336
1.4426e-06,2.7057
1.4427e-06,2.7979
1.4428e-06,2.85
1.4429e-06,2.8418
1.443e-06,2.8828
1.4431e-06,2.7598
1.4432e-06,2.8173
1.4433e-06,2.724
1.4434e-06,2.7495
1.4435e-06,2.7967
1.4436e-06,2.7418
1.4437e-06,2.7574
1.4438e-06,2.6734
1.4439e-06,2.7597
1.444e-06,2.6484
1.4441e-06,2.7171
1.4442e-06,2.6884
1.4443e-06,2.7342
1.4444e-06,2.7049
1.4445e-06,2.7897
1.4446e-06,2.638
1.4447e-06,2.8107
1.4448e-06,2.7754
1.4449e-06,2.7814
1.445e-06,2.7538
1.4451e-06,2.4702
1.4452e-06,2.4631
1.4453e-06,2.5928
1.4454e-06,2.6972
1.4455e-06,2.611
1.4456e-06,2.5682
1.4457e-06,2.4594
1.4458e-06,2.3436
1.4459e-06,2.6898
1.446e-06,2.5077
1.4461e-06,2.5624
1.4462e-06,2.531
1.4463e-06,2.4508
1.4464e-06,2.4514
1.4465e-06,2.4852
1.4466e-06,2.4506
1.4467e-06,2.6306
1.4468e-06,2.4829
1.4469e-06,2.3964
1.447e-06,2.5261
1.4471e-06,2.5317
1.4472e-06,2.4734
1.4473e-06,2.3587
1.4474e-06,2.2677
1.4475e-06,2.5136
1.4476e-06,2.3283
1.4477e-06,2.3419
1.4478e-06,2.3176
1.4479e-06,2.4556
1.448e-06,2.2766
1.4481e-06,2.3093
1.4482e-06,2.2823
1.4483e-06,2.2731
1.4484e-06,2.1828
1.4485e-06,2.32
1.4486e-06,2.4345
1.4487e-06,2.3
1.4488e-06,2.3577
1.4489e-06,2.2211
1.449e-06,2.2808
1.4491e-06,2.2242
1.4492e-06,2.337
1.4493e-06,2.353
1.4494e-06,2.4624
1.4495e-06,2.2588
1.4496e-06,2.2093
1.4497e-06,2.2377
1.4498e-06,2.1436
1.4499e-06,2.23
1.45e-06,2.2288
1.4501e-06,2.2726
1.4502e-06,2.1368
1.4503e-06,2.0549
1.4504e-06,2.0772
1.4505e-06,2.2656
1.4506e-06,2.0246
1.4507e-06,2.0908
1.4508e-06,2.0678
1.4509e-06,2.1121
1.451e-06,2.079
1.4511e-06,2.1409
1.4512e-06,2.1179
1.4513e-06,1.999
1.4514e-06,2.0962
1.4515e-06,2.0787
1.4516e-06,1.9836
1.4517e-06,2.0233
1.4518e-06,2.2393
1.4519e-06,2.1153
1.452e-06,1.8637
1.4521e-06,2.0625
1.4522e-06,1.9735
1.4523e-06,1.9683
1.4524e-06,2.06
1.4525e-06,2.0339
1.4526e-06,1.9969
1.4527e-06,2.0822
1.4528e-06,2.0169
1.4529e-06,1.7825
1.453e-06,2.0938
1.4531e-06,1.8944
1.4532e-06,1.9248
1.4533e-06,2.0684
1.4534e-06,2.0035
1.4535e-06,2.0081
1.4536e-06,1.8133
1.4537e-06,1.761
1.4538e-06,1.928
1.4539e-06,1.9614
1.454e-06,2.0137
1.4541e-06,1.8269
1.4542e-06,1.8105
1.4543e-06,1.9127
1.4544e-06,1.5876
1.4545e-06,1.7987
1.4546e-06,1.8179
1.4547e-06,1.819
1.4548e-06,1.929
1.4549e-06,1.9004
1.455e-06,1.7301
1.4551e-06,1.7035
1.4552e-06,1.6479
1.4553e-06,1.7201
1.4554e-06,1.845
1.4555e-06,1.7315
1.4556e-06,1.8009
1.4557e-06,1.6742
1.4558e-06,1.7196
1.4559e-06,1.7158
1.456e-06,1.7126
1.4561e-06,1.6049
1.4562e-06,1.7321
1.4563e-06,1.562
1.4564e-06,1.6683
1.4565e-06,1.6539
1.4566e-06,1.4967
1.4567e-06,1.6113
1.4568e-06,1.6648
1.4569e-06,1.6331
1.457e-06,1.5753
1.4571e-06,1.633
1.4572e-06,1.6845
1.4573e-06,1.3642
1.4574e-06,1.4672
1.4575e-06,1.5805
1.4576e-06,1.3409
1.4577e-06,1.3844
1.4578e-06,1.6555
1.4579e-06,1.5322
1.458e-06,1.5477
1.4581e-06,1.5325
1.4582e-06,1.3837
1.4583e-06,1.509
1.4584e-06,1.4938
1.4585e-06,1.3564
1.4586e-06,1.4028
1.4587e-06,1.4004
1.4588e-06,1.4431
1.4589e-06,1.3542
1.459e-06,1.3096
1.4591e-06,1.4632
1.4592e-06,1.453
1.4593e-06,1.4504
1.4594e-06,1.3652
1.4595e-06,1.3752
1.4596e-06,1.3374
1.4597e-06,1.4475
1.4598e-06,1.3621
1.4599e-06,1.4082
1.46e-06,1.4133
1.4601e-06,1.2838
1.4602e-06,1.3164
1.4603e-06,1.3226
1.4604e-06,1.2037
1.4605e-06,1.4084
1.4606e-06,1.2826
1.4607e-06,1.3065
1.4608e-06,1.2647
1.4609e-06,1.1328
1.461e-06,1.337
1.4611e-06,1.2188
1.4612e-06,1.1862
1.4613e-06,1.2978
1.4614e-06,0.98012
1.4615e-06,1.2866
1.4616e-06,1.2712
1.4617e-06,1.1653
1.4618e-06,1.0201
1.4619e-06,1.2629
1.462e-06,1.0958
1.4621e-06,1.0626
1.4622e-06,1.0395
1.4623e-06,1.042
1.4624e-06,1.3738
1.4625e-06,1.1741
1.4626e-06,1.0793
1.4627e-06,1.0818
1.4628e-06,1.1903
1.4629e-06,1.0199
1.463e-06,1.0033
1.4631e-06,0.92678
1.4632e-06,0.97899
1.4633e-06,0.97481
1.4634e-06,1.0089
1.4635e-06,0.81433
1.4636e-06,1.0065
1.4637e-06,0.91446
1.4638e-06,0.79094
1.4639e-06,1.0368
1.464e-06,1.0452
1.4641e-06,0.91209
1.4642e-06,0.90197
1.4643e-06,0.89283
1.4644e-06,0.97669
1.4645e-06,0.81466
1.4646e-06,0.72731
1.4647e-06,0.99698
1.4648e-06,0.79538
1.4649e-06,0.74571
1.465e-06,0.90126
1.4651e-06,0.64909
1.4652e-06,0.84184
1.4653e-06,0.79587
1.4654e-06,0.91803
1.4655e-06,0.83737
1.4656e-06,0.71133
1.4657e-06,0.69083
1.4658e-06,0.82942
1.4659e-06,0.70486
1.466e-06,0.83383
1.4661e-06,0.69585
1.4662e-06,0.69029
1.4663e-06,0.65295
1.4664e-06,0.73552
1.4665e-06,0.59492
1.4666e-06,0.64665
1.4667e-06,0.44809
1.4668e-06,0.71114
1.4669e-06,0.65677
1.467e-06,0.77349
1.4671e-06,0.62175
1.4672e-06,0.72257
1.4673e-06,0.66799
1.4674e-06,0.63499
1.4675e-06,0.51805
1.4676e-06,0.61176
1.4677e-06,0.54052
1.4678e-06,0.59866
1.4679e-06,0.49422
1.468e-06,0.47291
1.4681e-06,0.51794
1.4682e-06,0.64292
1.4683e-06,0.46855
1.4684e-06,0.36296
1.4685e-06,0.47535
1.4686e-06,0.40684
1.4687e-06,0.3226
1.4688e-06,0.43125
1.4689e-06,0.32331
1.469e-06,0.53141
1.4691e-06,0.39215
1.4692e-06,0.41339
1.4693e-06,0.42897
1.4694e-06,0.37647
1.4695e-06,0.44819
1.4696e-06,0.40325
1.4697e-06,0.25661
1.4698e-06,0.43191
1.4699e-06,0.202
1.47e-06,0.18897
1.4701e-06,0.4199
1.4702e-06,0.32407
1.4703e-06,0.41306
1.4704e-06,0.27859
1.4705e-06,0.22076
1.4706e-06,0.33147
1.4707e-06,0.15406
1.4708e-06,0.22048
1.4709e-06,0.19323
1.471e-06,0.22933
1.4711e-06,0.18199
1.4712e-06,0.14217
1.4713e-06,0.21423
1.4714e-06,0.009253
1.4715e-06,0.16426
1.4716e-06,0.041672
1.4717e-06,0.21965
1.4718e-06,0.20382
1.4719e-06,0.18655
1.472e-06,0.19826
1.4721e-06,0.017181
1.4722e-06,0.046416
1.4723e-06,-0.040721
1.4724e-06,0.022715
1.4725e-06,0.049256
1.4726e-06,0.08609
1.4727e-06,0.14912
1.4728e-06,0.1197
1.4729e-06,-0.06319
1.473e-06,-0.20009
1.4731e-06,-0.001476
1.4732e-06,0.021712
1.4733e-06,-0.15882
1.4734e-06,0.014085
1.4735e-06,0.041839
1.4736e-06,-0.064648
1.4737e-06,-0.038216
1.4738e-06,-0.18246
1.4739e-06,0.059673
1.474e-06,0.030657
1.4741e-06,-0.11212
1.4742e-06,-0.13424
1.4743e-06,-0.30951
1.4744e-06,-0.14955
1.4745e-06,-0.30191
1.4746e-06,-0.15535
1.4747e-06,-0.3233
1.4748e-06,-0.10657
1.4749e-06,-0.25896
1.475e-06,-0.3316
1.4751e-06,-0.12082
1.4752e-06,-0.33364
1.4753e-06,-0.28768
1.4754e-06,-0.26318
1.4755e-06,-0.45197
1.4756e-06,-0.40931
1.4757e-06,-0.32611
1.4758e-06,-0.35936
1.4759e-06,-0.31002
1.476e-06,-0.42882
1.4761e-06,-0.47562
1.4762e-06,-0.30143
1.4763e-06,-0.4443
1.4764e-06,-0.21611
1.4765e-06,-0.47896
1.4766e-06,-0.35614
1.4767e-06,-0.3693
1.4768e-06,-0.5088
1.4769e-06,-0.49482
1.477e-06,-0.39265
1.4771e-06,-0.63396
1.4772e-06,-0.36945
1.4773e-06,-0.55475
1.4774e-06,-0.57136
1.4775e-06,-0.66001
1.4776e-06,-0.49444
1.4777e-06,-0.44266
1.4778e-06,-0.55052
1.4779e-06,-0.54551
1.478e-06,-0.49261
1.4781e-06,-0.54859
1.4782e-06,-0.54466
1.4783e-06,-0.53354
1.4784e-06,-0.67526
1.4785e-06,-0.69166
1.4786e-06,-0.62057
1.4787e-06,-0.75975
1.4788e-06,-0.72145
1.4789e-06,-0.71196
1.479e-06,-0.89774
1.4791e-06,-0.75346
1.4792e-06,-0.87434
1.4793e-06,-0.79605
1.4794e-06,-0.78916
1.4795e-06,-0.8642
1.4796e-06,-0.92774
1.4797e-06,-0.72391
1.4798e-06,-0.75016
1.4799e-06,-0.80317
1.48e-06,-0.95429
1.4801e-06,-0.73093
1.4802e-06,-0.74668
1.4803e-06,-0.96241
1.4804e-06,-0.96807
1.4805e-06,-0.87442
1.4806e-06,-0.86326
1.4807e-06,-0.84683
1.4808e-06,-0.95533
1.4809e-06,-0.86524
1.481e-06,-1.2157
1.4811e-06,-0.9598
1.4812e-06,-1.0656
1.4813e-06,-0.96938
1.4814e-06,-0.93301
1.4815e-06,-0.94163
1.4816e-06,-1.1096
1.4817e-06,-0.97358
1.4818e-06,-1.0878
1.4819e-06,-1.0273
1.482e-06,-1.0683
1.4821e-06,-1.0403
1.4822e-06,-1.1283
1.4823e-06,-0.98712
1.4824e-06,-1.2106
1.4825e-06,-1.1741
1.4826e-06,-1.0255
1.4827e-06,-1.0516
1.4828e-06,-1.0219
1.4829e-06,-1.2485
1.483e-06,-1.1801
1.4831e-06,-1.3141
1.4832e-06,-1.1379
1.4833e-06,-1.3214
1.4834e-06,-1.218
1.4835e-06,-1.2483
1.4836e-06,-1.1802
1.4837e-06,-1.2063
1.4838e-06,-1.3167
1.4839e-06,-1.2479
1.484e-06,-1.3453
1.4841e-06,-1.3534
1.4842e-06,-1.4066
1.4843e-06,-1.377
1.4844e-06,-1.2592
1.4845e-06,-1.2694
1.4846e-06,-1.4205
1.4847e-06,-1.4729
1.4848e-06,-1.321
1.4849e-06,-1.5409
1.485e-06,-1.4469
1.4851e-06,-1.3319
1.4852e-06,-1.4702
1.4853e-06,-1.4827
1.4854e-06,-1.406
1.4855e-06,-1.4717
1.4856e-06,-1.6097
1.4857e-06,-1.4539
1.4858e-06,-1.6648
1.4859e-06,-1.5491
1.486e-06,-1.4647
1.4861e-06,-1.6231
1.4862e-06,-1.6082
1.4863e-06,-1.6937
1.4864e-06,-1.8657
1.4865e-06,-1.6523
1.4866e-06,-1.673
1.4867e-06,-1.8027
1.4868e-06,-1.7605
1.4869e-06,-1.7142
1.487e-06,-1.7798
1.4871e-06,-1.8137
1.4872e-06,-1.8508
1.4873e-06,-1.7616
1.4874e-06,-1.957
1.4875e-06,-1.9028
1.4876e-06,-1.7232
1.4877e-06,-2.0111
1.4878e-06,-1.9923
1.4879e-06,-1.8775
1.488e-06,-2.0426
1.4881e-06,-1.9689
1.4882e-06,-1.8485
1.4883e-06,-1.7517
1.4884e-06,-1.9137
1.4885e-06,-1.8716
1.4886e-06,-1.8897
1.4887e-06,-1.9353
1.4888e-06,-1.8627
1.4889e-06,-1.9853
1.489e-06,-1.9285
1.4891e-06,-1.9235
1.4892e-06,-2.0841
1.4893e-06,-2.15
1.4894e-06,-2.2232
1.4895e-06,-2.1182
1.4896e-06,-1.9632
1.4897e-06,-2.0392
1.4898e-06,-2.2478
1.4899e-06,-2.166
1.49e-06,-2.0518
1.4901e-06,-2.0766
1.4902e-06,-2.0872
1.4903e-06,-2.1967
1.4904e-06,-2.0695
1.4905e-06,-2.0764
1.4906e-06,-2.2298
1.4907e-06,-2.1507
1.4908e-06,-2.1629
1.4909e-06,-2.3494
1.491e-06,-2.2783
1.4911e-06,-2.2541
1.4912e-06,-2.2245
1.4913e-06,-2.3361
1.4914e-06,-2.3244
1.4915e-06,-2.2789
1.4916e-06,-2.3083
1.4917e-06,-2.3517
1.4918e-06,-2.3501
1.4919e-06,-2.5091
1.492e-06,-2.4671
1.4921e-06,-2.4388
1.4922e-06,-2.508
1.4923e-06,-2.4459
1.4924e-06,-2.4224
1.4925e-06,-2.4732
1.4926e-06,-2.5172
1.4927e-06,-2.6044
1.4928e-06,-2.5787
1.4929e-06,-2.511
1.493e-06,-2.6209
1.4931e-06,-2.5768
1.4932e-06,-2.4824
1.4933e-06,-2.6497
1.4934e-06,-2.6372
1.4935e-06,-2.5632
1.4936e-06,-2.6499
1.4937e-06,-2.6785
1.4938e-06,-2.7617
1.4939e-06,-2.7775
1.494e-06,-2.6807
1.4941e-06,-2.596
1.4942e-06,-2.7262
1.4943e-06,-2.7284
1.4944e-06,-2.6595
1.4945e-06,-2.9514
1.4946e-06,-2.7831
1.4947e-06,-2.6692
1.4948e-06,-2.6009
1.4949e-06,-2.9106
1.495e-06,-2.8432
1.4951e-06,-2.9847
1.4952e-06,-2.8024
1.4953e-06,-2.8377
1.4954e-06,-3.0155
1.4955e-06,-2.7654
1.4956e-06,-2.8734
1.4957e-06,-2.9935
1.4958e-06,-2.9983
1.4959e-06,-3.081
1.496e-06,-3.0133
1.4961e-06,-3.0594
1.4962e-06,-3.0034
1.4963e-06,-3.0993
1.4964e-06,-2.9322
1.4965e-06,-3.1482
1.4966e-06,-3.1728
1.4967e-06,-3.1323
1.4968e-06,-3.0171
1.4969e-06,-3.1868
1.497e-06,-3.2903
1.4971e-06,-3.0756
1.4972e-06,-3.1144
1.4973e-06,-3.24
1.4974e-06,-3.0713
1.4975e-06,-3.3442
1.4976e-06,-3.1447
1.4977e-06,-3.2414
1.4978e-06,-3.3293
1.4979e-06,-3.3311
1.498e-06,-3.4112
1.4981e-06,-3.1766
1.4982e-06,-3.334
1.4983e-06,-3.0977
1.4984e-06,-3.2923
1.4985e-06,-3.3024
1.4986e-06,-3.4748
1.4987e-06,-3.3885
1.4988e-06,-3.3624
1.4989e-06,-3.3696
1.499e-06,-3.3659
1.4991e-06,-3.4972
1.4992e-06,-3.4866
1.4993e-06,-3.6982
1.4994e-06,-3.572
1.4995e-06,-3.5224
1.4996e-06,-3.5643
1.4997e-06,-3.3611
1.4998e-06,-3.5244
1.4999e-06,-3.5418
1.5e-06,-3.6321
1.5001e-06,-3.5418
1.5002e-06,-3.6976
1.5003e-06,-3.7655
1.5004e-06,-3.8007
1.5005e-06,-3.6771
1.5006e-06,-3.5712
1.5007e-06,-3.7699
1.5008e-06,-3.7412
1.5009e-06,-3.6144
1.501e-06,-3.7211
1.5011e-06,-3.6645
1.5012e-06,-3.6365
1.5013e-06,-3.6259
1.5014e-06,-3.8488
1.5015e-06,-3.9467
1.5016e-06,-3.6619
1.5017e-06,-3.9335
1.5018e-06,-3.9026
1.5019e-06,-3.9743
1.502e-06,-4.0571
1.5021e-06,-3.8795
1.5022e-06,-4.019
1.5023e-06,-4.0459
1.5024e-06,-3.8854
1.5025e-06,-4.0217
1.5026e-06,-4.15
1.5027e-06,-3.8993
1.5028e-06,-4.0278
1.5029e-06,-3.9874
1.503e-06,-4.0051
1.5031e-06,-3.9254
1.5032e-06,-4.0754
1.5033e-06,-4.1543
1.5034e-06,-3.9753
1.5035e-06,-3.9865
1.5036e-06,-4.3123
1.5037e-06,-4.2362
1.5038e-06,-4.3019
1.5039e-06,-4.4362
1.504e-06,-4.316
1.5041e-06,-4.3567
1.5042e-06,-4.2678
1.5043e-06,-4.2838
1.5044e-06,-4.3549
1.5045e-06,-4.2119
1.5046e-06,-4.2146
1.5047e-06,-4.307
1.5048e-06,-4.338
1.5049e-06,-4.1441
1.505e-06,-4.2124
1.5051e-06,-4.522
1.5052e-06,-4.4309
1.5053e-06,-4.325
1.5054e-06,-4.5012
1.5055e-06,-4.6958
1.5056e-06,-4.5677
1.5057e-06,-4.5716
1.5058e-06,-4.4299
1.5059e-06,-4.4255
1.506e-06,-4.5405
1.5061e-06,-4.4839
1.5062e-06,-4.5206
1.5063e-06,-4.6356
1.5064e-06,-4.6267
1.5065e-06,-4.5269
1.5066e-06,-4.6629
1.5067e-06,-4.5652
1.5068e-06,-4.6624
1.5069e-06,-4.7254
1.507e-06,-4.7097
1.5071e-06,-4.6337
1.5072e-06,-4.7748
1.5073e-06,-4.7338
1.5074e-06,-4.7863
1.5075e-06,-4.9911
1.5076e-06,-4.769
1.5077e-06,-5.0504
1.5078e-06,-4.9813
1.5079e-06,-4.8226
1.508e-06,-4.6568
1.5081e-06,-5.0469
1.5082e-06,-4.9984
1.5083e-06,-4.9344
1.5084e-06,-4.8902
1.5085e-06,-4.792
1.5086e-06,-5.0772
1.5087e-06,-4.8962
1.5088e-06,-4.8509
1.5089e-06,-5.1599
1.509e-06,-5.1594
1.5091e-06,-5.1195
1.5092e-06,-5.1044
1.5093e-06,-5.2288
1.5094e-06,-5.2625
1.5095e-06,-5.0908
1.5096e-06,-5.1738
1.5097e-06,-5.0651
1.5098e-06,-5.2489
1.5099e-06,-5.3741
1.51e-06,-5.471
1.5101e-06,-5.2763
1.5102e-06,-5.2054
1.5103e-06,-5.3174
1.5104e-06,-5.3105
1.5105e-06,-5.3923
1.5106e-06,-5.3533
1.5107e-06,-5.3971
1.5108e-06,-5.5201
1.5109e-06,-5.404
1.511e-06,-5.3899
1.5111e-06,-5.4379
1.5112e-06,-5.4461
1.5113e-06,-5.56
1.5114e-06,-5.6792
1.5115e-06,-5.4232
1.5116e-06,-5.6027
1.5117e-06,-5.6779
1.5118e-06,-5.6161
1.5119e-06,-5.7679
1.512e-06,-5.6627
1.5121e-06,-5.7327
1.5122e-06,-5.748
1.5123e-06,-5.5073
1.5124e-06,-5.6613
1.5125e-06,-5.8783
1.5126e-06,-5.8917
1.5127e-06,-5.5549
1.5128e-06,-5.6037
1.5129e-06,-5.8338
1.513e-06,-5.6905
1.5131e-06,-5.6194
1.5132e-06,-5.7906
1.5133e-06,-5.7301
1.5134e-06,-5.8408
1.5135e-06,-5.8253
1.5136e-06,-5.8917
1.5137e-06,-6.0259
1.5138e-06,-6.1402
1.5139e-06,-5.9629
1.514e-06,-6.0275
1.5141e-06,-6.0462
1.5142e-06,-5.9084
1.5143e-06,-6.1357
1.5144e-06,-6.2025
1.5145e-06,-6.0959
1.5146e-06,-6.18
1.5147e-06,-6.2198
1.5148e-06,-5.9685
1.5149e-06,-6.322
1.515e-06,-6.3224
1.5151e-06,-6.4062
1.5152e-06,-6.3299
1.5153e-06,-6.2856
1.5154e-06,-6.3308
1.5155e-06,-6.3059
1.5156e-06,-6.2781
1.5157e-06,-6.3273
1.5158e-06,-6.2896
1.5159e-06,-6.3015
1.516e-06,-6.3799
1.5161e-06,-6.2994
1.5162e-06,-6.3917
1.5163e-06,-6.5528
1.5164e-06,-6.4216
1.5165e-06,-6.5032
1.5166e-06,-6.4898
1.5167e-06,-6.7224
1.5168e-06,-6.5336
1.5169e-06,-6.6854
1.517e-06,-6.6671
1.5171e-06,-6.5401
1.5172e-06,-6.924
1.5173e-06,-6.561
1.5174e-06,-6.7417
1.5175e-06,-6.5718
1.5176e-06,-6.7505
1.5177e-06,-6.6393
1.5178e-06,-6.4888
1.5179e-06,-6.7064
1.518e-06,-6.9099
1.5181e-06,-6.918
1.5182e-06,-6.8379
1.5183e-06,-6.8562
1.5184e-06,-6.7765
1.5185e-06,-7.1523
1.5186e-06,-6.991
1.5187e-06,-6.9501
1.5188e-06,-7.022
1.5189e-06,-7.1449
1.519e-06,-7.0891
1.5191e-06,-7.0606
1.5192e-06,-6.8891
1.5193e-06,-7.1653
1.5194e-06,-7.1594
1.5195e-06,-7.0914
1.5196e-06,-7.0679
1.5197e-06,-7.3147
1.5198e-06,-7.1498
1.5199e-06,-7.2206
1.52e-06,-7.2541
1.5201e-06,-7.3894
1.5202e-06,-7.0843
1.5203e-06,-7.291
1.5204e-06,-7.4196
1.5205e-06,-7.2322
1.5206e-06,-7.1952
1.5207e-06,-7.4518
1.5208e-06,-7.3803
1.5209e-06,-7.3393
1.521e-06,-7.5455
1.5211e-06,-7.559
1.5212e-06,-7.583
1.5213e-06,-7.7026
1.5214e-06,-7.6481
1.5215e-06,-7.4392
1.5216e-06,-7.7194
1.5217e-06,-7.672
1.5218e-06,-7.679
1.5219e-06,-7.5213
1.522e-06,-7.7266
1.5221e-06,-7.7834
1.5222e-06,-7.6196
1.5223e-06,-7.5901
1.5224e-06,-7.8568
1.5225e-06,-7.6987
1.5226e-06,-7.8085
1.5227e-06,-7.9144
1.5228e-06,-8.0144
1.5229e-06,-7.8763
1.523e-06,-7.7378
1.5231e-06,-7.9827
1.5232e-06,-7.911
1.5233e-06,-7.9079
1.5234e-06,-8.2151
1.5235e-06,-7.9878
1.5236e-06,-7.8074
1.5237e-06,-8.0853
1.5238e-06,-7.9684
1.5239e-06,-8.2406
1.524e-06,-8.0486
1.5241e-06,-8.1949
1.5242e-06,-8.1941
1.5243e-06,-8.3592
1.5244e-06,-8.2773
1.5245e-06,-8.2864
1.5246e-06,-8.2958
1.5247e-06,-8.2034
1.5248e-06,-8.2281
1.5249e-06,-8.4816
1.525e-06,-8.3286
1.5251e-06,-8.2091
1.5252e-06,-8.5628
1.5253e-06,-8.534
1.5254e-06,-8.6614
1.5255e-06,-8.5807
1.5256e-06,-8.5716
1.5257e-06,-8.6143
1.5258e-06,-8.6206
1.5259e-06,-8.7313
1.526e-06,-8.6138
1.5261e-06,-8.5575
1.5262e-06,-8.7301
1.5263e-06,-8.6212
1.5264e-06,-8.7171
1.5265e-06,-8.8489
1.5266e-06,-8.718
1.5267e-06,-8.8462
1.5268e-06,-8.741
1.5269e-06,-8.7465
1.527e-06,-8.7718
1.5271e-06,-8.758
1.5272e-06,-8.9618
1.5273e-06,-8.8453
1.5274e-06,-9.0729
1.5275e-06,-8.9052
1.5276e-06,-9.1251
1.5277e-06,-8.9726
1.5278e-06,-9.0863
1.5279e-06,-8.9604
1.528e-06,-8.9382
1.5281e-06,-9.1738
1.5282e-06,-9.2263
1.5283e-06,-8.9756
1.5284e-06,-9.0803
1.5285e-06,-9.1905
1.5286e-06,-9.3729
1.5287e-06,-9.2992
1.5288e-06,-9.2962
1.5289e-06,-9.2722
1.529e-06,-9.4007
1.5291e-06,-9.2603
1.5292e-06,-9.3526
1.5293e-06,-9.5641
1.5294e-06,-9.4762
1.5295e-06,-9.3739
1.5296e-06,-9.4987
1.5297e-06,-9.2977
1.5298e-06,-9.5279
1.5299e-06,-9.675
1.53e-06,-9.3357
1.5301e-06,-9.6596
1.5302e-06,-9.6714
1.5303e-06,-9.4064
1.5304e-06,-9.9557
1.5305e-06,-9.6809
1.5306e-06,-9.8529
1.5307e-06,-9.8154
1.5308e-06,-9.7985
1.5309e-06,-9.8864
1.531e-06,-9.7407
1.5311e-06,-9.8747
1.5312e-06,-9.9282
1.5313e-06,-10.068
1.5314e-06,-10.17
1.5315e-06,-9.9976
1.5316e-06,-10.143
1.5317e-06,-10.07
1.5318e-06,-10.002
1.5319e-06,-10.166
1.532e-06,-10.118
1.5321e-06,-10.171
1.5322e-06,-10.185
1.5323e-06,-10.134
1.5324e-06,-10.224
1.5325e-06,-10.236
1.5326e-06,-10.069
1.5327e-06,-10.198
1.5328e-06,-10.268
1.5329e-06,-10.443
1.533e-06,-10.374
1.5331e-06,-10.443
1.5332e-06,-10.137
1.5333e-06,-10.624
1.5334e-06,-10.682
1.5335e-06,-10.504
1.5336e-06,-10.385
1.5337e-06,-10.761
1.5338e-06,-10.525
1.5339e-06,-10.465
1.534e-06,-10.665
1.5341e-06,-10.564
1.5342e-06,-10.743
1.5343e-06,-10.828
1.5344e-06,-10.871
1.5345e-06,-10.741
1.5346e-06,-10.993
1.5347e-06,-10.845
1.5348e-06,-10.869
1.5349e-06,-10.867
1.535e-06,-10.94
1.5351e-06,-10.89
1.5352e-06,-10.918
1.5353e-06,-10.928
1.5354e-06,-11.146
1.5355e-06,-10.978
1.5356e-06,-11.012
1.5357e-06,-11.153
1.5358e-06,-11.047
1.5359e-06,-11.116
1.536e-06,-11.151
1.5361e-06,-11.076
1.5362e-06,-11.346
1.5363e-06,-11.29
1.5364e-06,-11.309
1.5365e-06,-11.102
1.5366e-06,-11.474
1.5367e-06,-11.399
1.5368e-06,-11.325
1.5369e-06,-11.542
1.537e-06,-11.311
1.5371e-06,-11.458
1.5372e-06,-11.478
1.5373e-06,-11.604
1.5374e-06,-11.489
1.5375e-06,-11.656
1.5376e-06,-11.662
1.5377e-06,-11.735
1.5378e-06,-11.613
1.5379e-06,-11.752
1.538e-06,-11.733
1.5381e-06,-11.647
1.5382e-06,-11.863
1.5383e-06,-11.661
1.5384e-06,-12.043
1.5385e-06,-11.809
1.5386e-06,-11.928
1.5387e-06,-12.009
1.5388e-06,-11.84
1.5389e-06,-12.086
1.539e-06,-12.165
1.5391e-06,-12.066
1.5392e-06,-12.095
1.5393e-06,-11.999
1.5394e-06,-12.042
1.5395e-06,-12.219
1.5396e-06,-12.252
1.5397e-06,-12.179
1.5398e-06,-12.097
1.5399e-06,-12.173
1.54e-06,-12.08
1.5401e-06,-12.239
1.5402e-06,-12.499
1.5403e-06,-12.085
1.5404e-06,-12.416
1.5405e-06,-12.476
1.5406e-06,-12.359
1.5407e-06,-12.594
1.5408e-06,-12.382
1.5409e-06,-12.567
1.541e-06,-12.512
1.5411e-06,-12.489
1.5412e-06,-12.705
1.5413e-06,-12.536
1.5414e-06,-12.618
1.5415e-06,-12.554
1.5416e-06,-12.688
1.5417e-06,-12.786
1.5418e-06,-12.638
1.5419e-06,-12.655
1.542e-06,-12.779
1.5421e-06,-12.626
1.5422e-06,-12.851
1.5423e-06,-12.918
1.5424e-06,-12.856
1.5425e-06,-13.311
1.5426e-06,-12.913
1.5427e-06,-12.883
1.5428e-06,-13.097
1.5429e-06,-13.034
1.543e-06,-12.991
1.5431e-06,-13.015
1.5432e-06,-13.101
1.5433e-06,-13.15
1.5434e-06,-13.485
1.5435e-06,-13.127
1.5436e-06,-13.274
1.5437e-06,-12.982
1.5438e-06,-13.392
1.5439e-06,-13.118
1.544e-06,-13.444
1.5441e-06,-13.282
1.5442e-06,-13.308
1.5443e-06,-13.313
1.5444e-06,-13.33
1.5445e-06,-13.443
1.5446e-06,-13.415
1.5447e-06,-13.467
1.5448e-06,-13.611
1.5449e-06,-13.62
1.545e-06,-13.536
1.5451e-06,-13.398
1.5452e-06,-13.477
1.5453e-06,-13.488
1.5454e-06,-13.726
1.5455e-06,-13.576
1.5456e-06,-13.757
1.5457e-06,-13.729
1.5458e-06,-13.646
1.5459e-06,-13.828
1.546e-06,-13.557
1.5461e-06,-13.849
1.5462e-06,-13.588
1.5463e-06,-13.71
1.5464e-06,-13.818
1.5465e-06,-13.724
1.5466e-06,-13.942
1.5467e-06,-13.849
1.5468e-06,-13.928
1.5469e-06,-14.001
1.547e-06,-13.787
1.5471e-06,-13.903
1.5472e-06,-14.068
1.5473e-06,-14.043
1.5474e-06,-14.067
1.5475e-06,-13.931
1.5476e-06,-13.868
1.5477e-06,-14.105
1.5478e-06,-13.976
1.5479e-06,-14.29
1.548e-06,-14.174
1.5481e-06,-14.245
1.5482e-06,-14.113
1.5483e-06,-14.259
1.5484e-06,-14.112
1.5485e-06,-14.045
1.5486e-06,-14.377
1.5487e-06,-14.184
1.5488e-06,-14.085
1.5489e-06,-14.165
1.549e-06,-14.216
1.5491e-06,-14.275
1.5492e-06,-14.23
1.5493e-06,-14.221
1.5494e-06,-14.361
1.5495e-06,-14.294
1.5496e-06,-14.386
1.5497e-06,-14.231
1.5498e-06,-14.548
1.5499e-06,-14.378
1.55e-06,-14.27
1.5501e-06,-14.31
1.5502e-06,-14.263
1.5503e-06,-14.391
1.5504e-06,-14.309
1.5505e-06,-14.326
1.5506e-06,-14.378
1.5507e-06,-14.369
1.5508e-06,-14.608
1.5509e-06,-14.53
1.551e-06,-14.317
1.5511e-06,-14.699
1.5512e-06,-14.448
1.5513e-06,-14.374
1.5514e-06,-14.337
1.5515e-06,-14.316
1.5516e-06,-14.685
1.5517e-06,-14.642
1.5518e-06,-14.381
1.5519e-06,-14.515
1.552e-06,-14.263
1.5521e-06,-14.504
1.5522e-06,-14.418
1.5523e-06,-14.637
1.5524e-06,-14.741
1.5525e-06,-14.657
1.5526e-06,-14.543
1.5527e-06,-14.759
1.5528e-06,-14.58
1.5529e-06,-14.598
1.553e-06,-14.761
1.5531e-06,-14.638
1.5532e-06,-14.726
1.5533e-06,-14.462
1.5534e-06,-14.606
1.5535e-06,-14.542
1.5536e-06,-14.625
1.5537e-06,-14.563
1.5538e-06,-14.616
1.5539e-06,-14.685
1.554e-06,-14.792
1.5541e-06,-14.658
1.5542e-06,-14.579
1.5543e-06,-14.759
1.5544e-06,-14.455
1.5545e-06,-14.758
1.5546e-06,-14.618
1.5547e-06,-14.42
1.5548e-06,-14.534
1.5549e-06,-14.771
1.555e-06,-14.652
1.5551e-06,-14.891
1.5552e-06,-14.768
1.5553e-06,-14.7
1.5554e-06,-14.645
1.5555e-06,-14.564
1.5556e-06,-14.925
1.5557e-06,-14.679
1.5558e-06,-14.501
1.5559e-06,-14.688
1.556e-06,-14.41
1.5561e-06,-14.622
1.5562e-06,-14.623
1.5563e-06,-14.488
1.5564e-06,-14.498
1.5565e-06,-14.475
1.5566e-06,-14.526
1.5567e-06,-14.538
1.5568e-06,-14.636
1.5569e-06,-14.672
1.557e-06,-14.33
1.5571e-06,-14.392
1.5572e-06,-14.566
1.5573e-06,-14.336
1.5574e-06,-14.39
1.5575e-06,-14.447
1.5576e-06,-14.644
1.5577e-06,-14.287
1.5578e-06,-14.537
1.5579e-06,-14.405
1.558e-06,-14.303
1.5581e-06,-14.424
1.5582e-06,-14.435
1.5583e-06,-14.394
1.5584e-06,-14.397
1.5585e-06,-14.439
1.5586e-06,-14.387
1.5587e-06,-14.435
1.5588e-06,-14.366
1.5589e-06,-14.207
1.559e-06,-14.524
1.5591e-06,-14.284
1.5592e-06,-14.186
1.5593e-06,-14.175
1.5594e-06,-14.374
1.5595e-06,-14.234
1.5596e-06,-14.245
1.5597e-06,-14.093
1.5598e-06,-14.251
1.5599e-06,-14.116
1.56e-06,-14.038
1.5601e-06,-14.108
1.5602e-06,-14.098
1.5603e-06,-14.07
1.5604e-06,-13.92
1.5605e-06,-13.897
1.5606e-06,-14.099
1.5607e-06,-13.941
1.5608e-06,-14.015
1.5609e-06,-14.119
1.561e-06,-13.986
1.5611e-06,-13.951
1.5612e-06,-14.045
1.5613e-06,-13.945
1.5614e-06,-13.825
1.5615e-06,-13.846
1.5616e-06,-13.686
1.5617e-06,-13.86
1.5618e-06,-13.831
1.5619e-06,-13.742
1.562e-06,-13.902
1.5621e-06,-13.727
1.5622e-06,-13.697
1.5623e-06,-13.814
1.5624e-06,-13.901
1.5625e-06,-13.495
1.5626e-06,-13.792
1.5627e-06,-13.624
1.5628e-06,-13.494
1.5629e-06,-13.58
1.563e-06,-13.681
1.5631e-06,-13.414
1.5632e-06,-13.589
1.5633e-06,-13.673
1.5634e-06,-13.489
1.5635e-06,-13.539
1.5636e-06,-13.315
1.5637e-06,-13.43
1.5638e-06,-13.388
1.5639e-06,-13.453
1.564e-06,-13.247
1.5641e-06,-13.225
1.5642e-06,-13.289
1.5643e-06,-13.272
1.5644e-06,-13.155
1.5645e-06,-13.502
1.5646e-06,-13.115
1.5647e-06,-13.363
1.5648e-06,-13.204
1.5649e-06,-13.083
1.565e-06,-13.132
1.5651e-06,-13.182
1.5652e-06,-12.968
1.5653e-06,-13.058
1.5654e-06,-13.039
1.5655e-06,-12.817
1.5656e-06,-12.953
1.5657e-06,-13.138
1.5658e-06,-13.012
1.5659e-06,-13.221
1.566e-06,-12.788
1.5661e-06,-12.835
1.5662e-06,-12.725
1.5663e-06,-12.728
1.5664e-06,-12.582
1.5665e-06,-12.838
1.5666e-06,-12.692
1.5667e-06,-12.528
1.5668e-06,-12.72
1.5669e-06,-12.73
1.567e-06,-12.809
1.5671e-06,-12.512
1.5672e-06,-12.633
1.5673e-06,-12.67
1.5674e-06,-12.499
1.5675e-06,-12.567
1.5676e-06,-12.506
1.5677e-06,-12.466
1.5678e-06,-12.579
1.5679e-06,-12.491
1.568e-06,-12.511
1.5681e-06,-12.377
1.5682e-06,-12.357
1.5683e-06,-12.435
1.5684e-06,-12.418
1.5685e-06,-12.339
1.5686e-06,-12.391
1.5687e-06,-12.237
1.5688e-06,-12.412
1.5689e-06,-12.366
1.569e-06,-12.27
1.5691e-06,-12.357
1.5692e-06,-12.259
1.5693e-06,-12.306
1.5694e-06,-12.124
1.5695e-06,-12.253
1.5696e-06,-12.049
1.5697e-06,-12.226
1.5698e-06,-11.955
1.5699e-06,-12.077
1.57e-06,-11.98
1.5701e-06,-11.929
1.5702e-06,-11.896
1.5703e-06,-11.844
1.5704e-06,-11.854
1.5705e-06,-11.963
1.5706e-06,-11.756
1.5707e-06,-11.705
1.5708e-06,-11.775
1.5709e-06,-11.76
1.571e-06,-11.497
1.5711e-06,-11.704
1.5712e-06,-11.757
1.5713e-06,-11.719
1.5714e-06,-11.864
1.5715e-06,-11.698
1.5716e-06,-11.69
1.5717e-06,-11.755
1.5718e-06,-11.659
1.5719e-06,-11.682
1.572e-06,-11.596
1.5721e-06,-11.479
1.5722e-06,-11.604
1.5723e-06,-11.336
1.5724e-06,-11.494
1.5725e-06,-11.38
1.5726e-06,-11.232
1.5727e-06,-11.389
1.5728e-06,-11.543
1.5729e-06,-11.272
1.573e-06,-11.281
1.5731e-06,-11.436
1.5732e-06,-11.276
1.5733e-06,-11.297
1.5734e-06,-11.262
1.5735e-06,-11.31
1.5736e-06,-11.236
1.5737e-06,-11.069
1.5738e-06,-11.3
1.5739e-06,-11.2
1.574e-06,-11.132
1.5741e-06,-11.11
1.5742e-06,-11.066
1.5743e-06,-10.932
1.5744e-06,-10.912
1.5745e-06,-11.015
1.5746e-06,-10.9
1.5747e-06,-10.931
1.5748e-06,-11.076
1.5749e-06,-10.86
1.575e-06,-10.813
1.5751e-06,-10.775
1.5752e-06,-10.749
1.5753e-06,-10.735
1.5754e-06,-10.803
1.5755e-06,-10.934
1.5756e-06,-10.809
1.5757e-06,-10.657
1.5758e-06,-10.73
1.5759e-06,-10.438
1.576e-06,-10.43
1.5761e-06,-10.574
1.5762e-06,-10.519
1.5763e-06,-10.504
1.5764e-06,-10.62
1.5765e-06,-10.362
1.5766e-06,-10.576
1.5767e-06,-10.627
1.5768e-06,-10.674
1.5769e-06,-10.568
1.577e-06,-10.504
1.5771e-06,-10.448
1.5772e-06,-10.416
1.5773e-06,-10.258
1.5774e-06,-10.343
1.5775e-06,-10.191
1.5776e-06,-10.214
1.5777e-06,-10.082
1.5778e-06,-10.07
1.5779e-06,-10.035
1.578e-06,-10.132
1.5781e-06,-10.077
1.5782e-06,-10.136
1.5783e-06,-9.892
1.5784e-06,-10.074
1.5785e-06,-10.013
1.5786e-06,-10.013
1.5787e-06,-10.008
1.5788e-06,-9.9942
1.5789e-06,-9.8641
1.579e-06,-9.896
1.5791e-06,-9.5679
1.5792e-06,-9.8464
1.5793e-06,-9.9972
1.5794e-06,-9.7261
1.5795e-06,-9.7648
1.5796e-06,-9.7924
1.5797e-06,-9.6647
1.5798e-06,-9.8268
1.5799e-06,-9.8445
1.58e-06,-9.6864
1.5801e-06,-9.4617
1.5802e-06,-9.5957
1.5803e-06,-9.5067
1.5804e-06,-9.5241
1.5805e-06,-9.5814
1.5806e-06,-9.5828
1.5807e-06,-9.562
1.5808e-06,-9.5944
1.5809e-06,-9.5285
1.581e-06,-9.412
1.5811e-06,-9.4122
1.5812e-06,-9.658
1.5813e-06,-9.4521
1.5814e-06,-9.5441
1.5815e-06,-9.4926
1.5816e-06,-9.3002
1.5817e-06,-9.311
1.5818e-06,-9.2093
1.5819e-06,-9.5097
1.582e-06,-9.352
1.5821e-06,-9.2471
1.5822e-06,-9.4694
1.5823e-06,-9.438
1.5824e-06,-9.1973
1.5825e-06,-9.4099
1.5826e-06,-9.2057
1.5827e-06,-9.2104
1.5828e-06,-8.9992
1.5829e-06,-9.1012
1.583e-06,-8.9278
1.5831e-06,-9.0756
1.5832e-06,-9.0742
1.5833e-06,-8.9947
1.5834e-06,-9.2095
1.5835e-06,-9.1197
1.5836e-06,-8.9737
1.5837e-06,-8.8729
1.5838e-06,-8.9899
1.5839e-06,-8.8815
1.584e-06,-8.9265
1.5841e-06,-8.9779
1.5842e-06,-8.8079
1.5843e-06,-8.9787
1.5844e-06,-8.8512
1.5845e-06,-8.901
1.5846e-06,-8.9293
1.5847e-06,-8.8058
1.5848e-06,-8.7572
1.5849e-06,-8.8097
1.585e-06,-8.7192
1.5851e-06,-8.6664
1.5852e-06,-8.5653
1.5853e-06,-8.6539
1.5854e-06,-8.5477
1.5855e-06,-8.5621
1.5856e-06,-8.6931
1.5857e-06,-8.6249
1.5858e-06,-8.4883
1.5859e-06,-8.5251
1.586e-06,-8.4488
1.5861e-06,-8.4131
1.5862e-06,-8.3674
1.5863e-06,-8.7179
1.5864e-06,-8.304
1.5865e-06,-8.433
1.5866e-06,-8.4044
1.5867e-06,-8.3034
1.5868e-06,-8.3108
1.5869e-06,-8.4586
1.587e-06,-8.3086
1.5871e-06,-8.438
1.5872e-06,-8.2432
1.5873e-06,-8.0931
1.5874e-06,-8.1169
1.5875e-06,-8.2155
1.5876e-06,-8.3957
1.5877e-06,-8.0563
1.5878e-06,-8.1525
1.5879e-06,-8.128
1.588e-06,-7.9226
1.5881e-06,-7.9756
1.5882e-06,-8.2585
1.5883e-06,-7.9353
1.5884e-06,-8.1707
1.5885e-06,-8.0652
1.5886e-06,-7.8113
1.5887e-06,-7.8743
1.5888e-06,-7.8738
1.5889e-06,-8.0203
1.589e-06,-8.014
1.5891e-06,-8.0495
1.5892e-06,-7.9243
1.5893e-06,-7.7085
1.5894e-06,-7.7444
1.5895e-06,-7.8869
1.5896e-06,-7.9359
1.5897e-06,-7.806
1.5898e-06,-7.6812
1.5899e-06,-7.5985
1.59e-06,-7.7281
1.5901e-06,-7.8252
1.5902e-06,-7.7177
1.5903e-06,-7.763
1.5904e-06,-7.66
1.5905e-06,-7.5337
1.5906e-06,-7.645
1.5907e-06,-7.3318
1.5908e-06,-7.6762
1.5909e-06,-7.5197
1.591e-06,-7.7409
1.5911e-06,-7.4756
1.5912e-06,-7.4737
1.5913e-06,-7.4825
1.5914e-06,-7.5874
1.5915e-06,-7.6346
1.5916e-06,-7.3189
1.5917e-06,-7.6013
1.5918e-06,-7.3744
1.5919e-06,-7.195
1.592e-06,-7.2699
1.5921e-06,-7.6556
1.5922e-06,-7.3094
1.5923e-06,-7.489
1.5924e-06,-7.2582
1.5925e-06,-7.1175
1.5926e-06,-7.3633
1.5927e-06,-7.3867
1.5928e-06,-7.2345
1.5929e-06,-7.1946
1.593e-06,-7.1581
1.5931e-06,-7.1519
1.5932e-06,-7.2467
1.5933e-06,-7.2589
1.5934e-06,-7.2153
1.5935e-06,-6.9774
1.5936e-06,-7.0755
1.5937e-06,-7.0475
1.5938e-06,-7.1589
1.5939e-06,-7.3439
1.594e-06,-7.1004
1.5941e-06,-6.7107
1.5942e-06,-7.1443
1.5943e-06,-6.9101
1.5944e-06,-7.1035
1.5945e-06,-7.0507
1.5946e-06,-6.9497
1.5947e-06,-7.1144
1.5948e-06,-6.9073
1.5949e-06,-6.7283
1.595e-06,-7.0541
1.5951e-06,-6.8578
1.5952e-06,-6.8611
1.5953e-06,-6.8518
1.5954e-06,-6.9145
1.5955e-06,-6.7834
1.5956e-06,-6.8738
1.5957e-06,-6.8377
1.5958e-06,-6.9737
1.5959e-06,-6.6622
1.596e-06,-6.8261
1.5961e-06,-6.5873
1.5962e-06,-6.5936
1.5963e-06,-6.5462
1.5964e-06,-6.7599
1.5965e-06,-6.7588
1.5966e-06,-6.6043
1.5967e-06,-6.7421
1.5968e-06,-6.6962
1.5969e-06,-6.6995
1.597e-06,-6.4789
1.5971e-06,-6.5765
1.5972e-06,-6.5218
1.5973e-06,-6.561
1.5974e-06,-6.2647
1.5975e-06,-6.3959
1.5976e-06,-6.5562
1.5977e-06,-6.428
1.5978e-06,-6.345
1.5979e-06,-6.5428
1.598e-06,-6.5362
1.5981e-06,-6.5265
1.5982e-06,-6.4354
1.5983e-06,-6.3488
1.5984e-06,-6.2975
1.5985e-06,-6.0673
1.5986e-06,-6.4923
1.5987e-06,-6.0943
1.5988e-06,-6.3354
1.5989e-06,-6.288
1.599e-06,-6.1681
1.5991e-06,-6.3045
1.5992e-06,-6.1335
1.5993e-06,-6.0813
1.5994e-06,-6.3328
1.5995e-06,-6.0485
1.5996e-06,-6.1112
1.5997e-06,-5.9999
1.5998e-06,-6.2458
1.5999e-06,-6.203
1.6e-06,-6.1616
1.6001e-06,-6.0225
1.6002e-06,-6.4348
1.6003e-06,-6.3571
1.6004e-06,-6.0692
1.6005e-06,-5.7506
1.6006e-06,-5.6955
1.6007e-06,-6.0303
1.6008e-06,-6.1676
1.6009e-06,-6.1286
1.601e-06,-5.8968
1.6011e-06,-6.2128
1.6012e-06,-5.8943
1.6013e-06,-5.9288
1.6014e-06,-5.8675
1.6015e-06,-5.9446
1.6016e-06,-5.8109
1.6017e-06,-6.1475
1.6018e-06,-5.8863
1.6019e-06,-5.9062
1.602e-06,-5.885
1.6021e-06,-5.9007
1.6022e-06,-5.9069
1.6023e-06,-5.6804
1.6024e-06,-5.9165
1.6025e-06,-5.7253
1.6026e-06,-5.6808
1.6027e-06,-5.7948
1.6028e-06,-5.6414
1.6029e-06,-5.7399
1.603e-06,-5.709
1.6031e-06,-5.7863
1.6032e-06,-5.6211
1.6033e-06,-5.6301
1.6034e-06,-5.807
1.6035e-06,-5.7177
1.6036e-06,-5.6294
1.6037e-06,-5.418
1.6038e-06,-5.7323
1.6039e-06,-5.8964
1.604e-06,-5.5458
1.6041e-06,-5.5574
1.6042e-06,-5.4427
1.6043e-06,-5.5667
1.6044e-06,-5.5205
1.6045e-06,-5.5892
1.6046e-06,-5.5529
1.6047e-06,-5.5566
1.6048e-06,-5.4839
1.6049e-06,-5.275
1.605e-06,-5.3098
1.6051e-06,-5.4014
1.6052e-06,-5.3094
1.6053e-06,-5.4572
1.6054e-06,-5.5282
1.6055e-06,-5.264
1.6056e-06,-5.3624
1.6057e-06,-5.222
1.6058e-06,-5.3694
1.6059e-06,-5.4554
1.606e-06,-5.4563
1.6061e-06,-5.2301
1.6062e-06,-5.2492
1.6063e-06,-5.2425
1.6064e-06,-5.374
1.6065e-06,-5.3249
1.6066e-06,-5.1283
1.6067e-06,-5.0693
1.6068e-06,-5.0465
1.6069e-06,-5.1661
1.607e-06,-5.0762
1.6071e-06,-5.3645
1.6072e-06,-4.972
1.6073e-06,-5.263
1.6074e-06,-5.216
1.6075e-06,-5.0965
1.6076e-06,-5.1193
1.6077e-06,-5.2173
1.6078e-06,-4.9937
1.6079e-06,-4.9292
1.608e-06,-5.0355
1.6081e-06,-4.9208
1.6082e-06,-5.1743
1.6083e-06,-5.0675
1.6084e-06,-5.0898
1.6085e-06,-4.9676
1.6086e-06,-5.065
1.6087e-06,-5.006
1.6088e-06,-5.0258
1.6089e-06,-5.0139
1.609e-06,-5.0258
1.6091e-06,-4.7745
1.6092e-06,-4.794
1.6093e-06,-5.086
1.6094e-06,-4.8551
1.6095e-06,-4.754
1.6096e-06,-4.6336
1.6097e-06,-4.7034
1.6098e-06,-4.8015
1.6099e-06,-4.7445
1.61e-06,-4.7622
1.6101e-06,-4.8397
1.6102e-06,-4.6572
1.6103e-06,-4.5993
1.6104e-06,-4.7858
1.6105e-06,-4.7283
1.6106e-06,-4.5343
1.6107e-06,-4.8779
1.6108e-06,-4.6532
1.6109e-06,-4.5761
1.611e-06,-4.8696
1.6111e-06,-4.8842
1.6112e-06,-4.5877
1.6113e-06,-4.5954
1.6114e-06,-4.864
1.6115e-06,-4.7622
1.6116e-06,-4.8147
1.6117e-06,-4.7592
1.6118e-06,-4.6298
1.6119e-06,-4.6546
1.612e-06,-4.5194
1.6121e-06,-4.6465
1.6122e-06,-4.4516
1.6123e-06,-4.6253
1.6124e-06,-4.3122
1.6125e-06,-4.2693
1.6126e-06,-4.5379
1.6127e-06,-4.5202
1.6128e-06,-4.4761
1.6129e-06,-4.6225
1.613e-06,-4.5044
1.6131e-06,-4.3058
1.6132e-06,-4.5793
1.6133e-06,-4.1824
1.6134e-06,-4.2896
1.6135e-06,-4.3747
1.6136e-06,-4.4404
1.6137e-06,-4.3878
1.6138e-06,-4.5164
1.6139e-06,-4.468
1.614e-06,-4.5386
1.6141e-06,-4.1662
1.6142e-06,-4.5198
1.6143e-06,-4.4039
1.6144e-06,-4.3793
1.6145e-06,-4.2345
1.6146e-06,-4.1685
1.6147e-06,-4.2343
1.6148e-06,-4.1085
1.6149e-06,-4.4539
1.615e-06,-4.3812
1.6151e-06,-4.2877
1.6152e-06,-4.127
1.6153e-06,-4.2707
1.6154e-06,-4.1684
1.6155e-06,-4.0899
1.6156e-06,-4.0984
1.6157e-06,-4.0674
1.6158e-06,-4.2427
1.6159e-06,-4.0746
1.616e-06,-4.2118
1.6161e-06,-4.332
1.6162e-06,-3.9534
1.6163e-06,-3.9839
1.6164e-06,-3.9016
1.6165e-06,-4.0262
1.6166e-06,-4.1424
1.6167e-06,-4.097
1.6168e-06,-3.8518
1.6169e-06,-3.9381
1.617e-06,-3.9364
1.6171e-06,-4.1196
1.6172e-06,-3.928
1.6173e-06,-3.7049
1.6174e-06,-4.0385
1.6175e-06,-4.1312
1.6176e-06,-3.9321
1.6177e-06,-4.1769
1.6178e-06,-4.209
1.6179e-06,-3.9797
1.618e-06,-3.772
1.6181e-06,-3.9649
1.6182e-06,-3.8235
1.6183e-06,-3.8406
1.6184e-06,-3.7824
1.6185e-06,-3.7364
1.6186e-06,-3.8225
1.6187e-06,-3.909
1.6188e-06,-3.7309
1.6189e-06,-3.8486
1.619e-06,-3.5515
1.6191e-06,-3.9216
1.6192e-06,-3.8335
1.6193e-06,-3.777
1.6194e-06,-3.5408
1.6195e-06,-3.8401
1.6196e-06,-3.5326
1.6197e-06,-3.7559
1.6198e-06,-3.7671
1.6199e-06,-3.7102
1.62e-06,-3.6669
1.6201e-06,-3.8283
1.6202e-06,-3.8305
1.6203e-06,-3.8143
1.6204e-06,-3.552
1.6205e-06,-3.653
1.6206e-06,-3.6783
1.6207e-06,-3.7128
1.6208e-06,-3.6232
1.6209e-06,-3.5452
1.621e-06,-3.7073
1.6211e-06,-3.4866
1.6212e-06,-3.6403
1.6213e-06,-3.6597
1.6214e-06,-3.6008
1.6215e-06,-3.5253
1.6216e-06,-3.6728
1.6217e-06,-3.575
1.6218e-06,-3.5388
1.6219e-06,-3.607
1.622e-06,-3.5391
1.6221e-06,-3.3493
1.6222e-06,-3.5152
1.6223e-06,-3.6034
1.6224e-06,-3.3611
1.6225e-06,-3.401
1.6226e-06,-3.5404
1.6227e-06,-3.3097
1.6228e-06,-3.3428
1.6229e-06,-3.4652
1.623e-06,-3.4905
1.6231e-06,-3.423
1.6232e-06,-3.4931
1.6233e-06,-3.3039
1.6234e-06,-3.387
1.6235e-06,-3.3223
1.6236e-06,-3.2924
1.6237e-06,-3.2497
1.6238e-06,-3.3026
1.6239e-06,-3.229
1.624e-06,-3.6413
1.6241e-06,-3.4464
1.6242e-06,-3.3314
1.6243e-06,-3.3068
1.6244e-06,-2.9746
1.6245e-06,-3.1777
1.6246e-06,-3.2535
1.6247e-06,-3.3355
1.6248e-06,-3.3051
1.6249e-06,-3.3333
1.625e-06,-3.3401
1.6251e-06,-3.2744
1.6252e-06,-3.3292
1.6253e-06,-3.1168
1.6254e-06,-3.1321
1.6255e-06,-3.318
1.6256e-06,-3.186
1.6257e-06,-3.0955
1.6258e-06,-3.1682
1.6259e-06,-3.14
1.626e-06,-3.0434
1.6261e-06,-3.1918
1.6262e-06,-3.0327
1.6263e-06,-3.0215
1.6264e-06,-2.971
1.6265e-06,-2.7539
1.6266e-06,-2.8843
1.6267e-06,-3.0786
1.6268e-06,-2.7352
1.6269e-06,-3.1499
1.627e-06,-2.7763
1.6271e-06,-2.8696
1.6272e-06,-2.9133
1.6273e-06,-2.8791
1.6274e-06,-2.8302
1.6275e-06,-3.0155
1.6276e-06,-3.0145
1.6277e-06,-2.7327
1.6278e-06,-3.0971
1.6279e-06,-2.9386
1.628e-06,-2.9356
1.6281e-06,-3.0052
1.6282e-06,-2.6398
1.6283e-06,-2.9823
1.6284e-06,-2.9191
1.6285e-06,-3.044
1.6286e-06,-3.014
1.6287e-06,-2.7929
1.6288e-06,-3.0005
1.6289e-06,-2.8304
1.629e-06,-2.9249
1.6291e-06,-2.8607
1.6292e-06,-2.9458
1.6293e-06,-2.8417
1.6294e-06,-2.6842
1.6295e-06,-2.7502
1.6296e-06,-2.5617
1.6297e-06,-2.9356
1.6298e-06,-2.6999
1.6299e-06,-2.7446
1.63e-06,-2.8594
1.6301e-06,-2.7687
1.6302e-06,-2.6459
1.6303e-06,-2.5307
1.6304e-06,-2.8261
1.6305e-06,-2.6807
1.6306e-06,-2.8813
1.6307e-06,-2.5706
1.6308e-06,-2.8355
1.6309e-06,-2.543
1.631e-06,-2.8438
1.6311e-06,-2.4301
1.6312e-06,-2.7603
1.6313e-06,-2.4007
1.6314e-06,-2.5034
1.6315e-06,-2.4324
1.6316e-06,-2.7332
1.6317e-06,-2.4973
1.6318e-06,-2.5038
1.6319e-06,-2.3967
1.632e-06,-2.6691
1.6321e-06,-2.5738
1.6322e-06,-2.5249
1.6323e-06,-2.3717
1.6324e-06,-2.4894
1.6325e-06,-2.5853
1.6326e-06,-2.6302
1.6327e-06,-2.4103
1.6328e-06,-2.4038
1.6329e-06,-2.3919
1.633e-06,-2.3247
1.6331e-06,-2.5059
1.6332e-06,-2.3986
1.6333e-06,-2.4194
1.6334e-06,-2.3249
1.6335e-06,-2.3226
1.6336e-06,-2.6377
1.6337e-06,-2.231
1.6338e-06,-2.2901
1.6339e-06,-2.5425
1.634e-06,-2.2905
1.6341e-06,-2.2243
1.6342e-06,-2.271
1.6343e-06,-2.2357
1.6344e-06,-2.3188
1.6345e-06,-2.203
1.6346e-06,-2.1542
1.6347e-06,-2.2246
1.6348e-06,-1.962
1.6349e-06,-2.3617
1.635e-06,-2.2262
1.6351e-06,-2.3955
1.6352e-06,-2.2848
1.6353e-06,-2.2211
1.6354e-06,-2.2696
1.6355e-06,-2.3427
1.6356e-06,-2.1839
1.6357e-06,-2.2943
1.6358e-06,-2.1612
1.6359e-06,-2.309
1.636e-06,-2.2447
1.6361e-06,-2.4685
1.6362e-06,-2.2433
1.6363e-06,-2.1915
1.6364e-06,-2.1948
1.6365e-06,-2.3287
1.6366e-06,-1.999
1.6367e-06,-2.0972
1.6368e-06,-1.9791
1.6369e-06,-1.9851
1.637e-06,-2.3419
1.6371e-06,-2.2157
1.6372e-06,-2.0973
1.6373e-06,-2.2558
1.6374e-06,-2.2249
1.6375e-06,-2.1235
1.6376e-06,-2.0505
1.6377e-06,-2.0574
1.6378e-06,-2.1484
1.6379e-06,-1.9093
1.638e-06,-1.91
1.6381e-06,-1.8858
1.6382e-06,-2.2209
1.6383e-06,-2.1054
1.6384e-06,-1.8939
1.6385e-06,-2.0249
1.6386e-06,-2.03
1.6387e-06,-1.9569
1.6388e-06,-1.907
1.6389e-06,-1.9056
1.639e-06,-1.9225
1.6391e-06,-2.0418
1.6392e-06,-1.6601
1.6393e-06,-1.7148
1.6394e-06,-2.1327
1.6395e-06,-1.992
1.6396e-06,-1.7972
1.6397e-06,-2.0956
1.6398e-06,-1.7366
1.6399e-06,-1.8995
1.64e-06,-2.0381
1.6401e-06,-1.8813
1.6402e-06,-1.9077
1.6403e-06,-1.3728
1.6404e-06,-1.7752
1.6405e-06,-1.8792
1.6406e-06,-2.1721
1.6407e-06,-1.7108
1.6408e-06,-1.8729
1.6409e-06,-1.8446
1.641e-06,-1.7188
1.6411e-06,-1.8843
1.6412e-06,-1.6956
1.6413e-06,-1.8264
1.6414e-06,-1.7239
1.6415e-06,-1.8304
1.6416e-06,-1.6746
1.6417e-06,-1.7057
1.6418e-06,-1.5829
1.6419e-06,-1.5768
1.642e-06,-1.7985
1.6421e-06,-1.9347
1.6422e-06,-1.6759
1.6423e-06,-1.7467
1.6424e-06,-1.6016
1.6425e-06,-1.4369
1.6426e-06,-1.7276
1.6427e-06,-1.6762
1.6428e-06,-1.8441
1.6429e-06,-1.4337
1.643e-06,-1.6064
1.6431e-06,-1.7844
1.6432e-06,-1.7918
1.6433e-06,-1.5741
1.6434e-06,-1.9789
1.6435e-06,-1.6808
1.6436e-06,-1.572
1.6437e-06,-1.3425
1.6438e-06,-1.7286
1.6439e-06,-1.5669
1.644e-06,-1.281
1.6441e-06,-1.6316
1.6442e-06,-1.3475
1.6443e-06,-1.6432
1.6444e-06,-1.5729
1.6445e-06,-1.4921
1.6446e-06,-1.3431
1.6447e-06,-1.7039
1.6448e-06,-1.4827
1.6449e-06,-1.7243
1.645e-06,-1.3042
1.6451e-06,-1.3907
1.6452e-06,-1.7091
1.6453e-06,-1.4402
1.6454e-06,-1.5692
1.6455e-06,-1.4258
1.6456e-06,-1.2349
1.6457e-06,-1.5511
1.6458e-06,-1.5165
1.6459e-06,-1.494
1.646e-06,-1.4278
1.6461e-06,-1.4537
1.6462e-06,-1.5512
1.6463e-06,-1.7106
1.6464e-06,-1.5095
1.6465e-06,-1.478
1.6466e-06,-1.3377
1.6467e-06,-1.5453
1.6468e-06,-1.3958
1.6469e-06,-1.3864
1.647e-06,-1.2756
1.6471e-06,-1.2378
1.6472e-06,-1.4455
1.6473e-06,-1.203
1.6474e-06,-1.3132
1.6475e-06,-1.3964
1.6476e-06,-1.2177
1.6477e-06,-1.2717
1.6478e-06,-0.9763
1.6479e-06,-1.3873
1.648e-06,-1.3796
1.6481e-06,-1.3974
1.6482e-06,-1.0912
1.6483e-06,-1.3867
1.6484e-06,-1.0671
1.6485e-06,-1.2895
1.6486e-06,-1.2774
1.6487e-06,-1.177
1.6488e-06,-1.2025
1.6489e-06,-1.0823
1.649e-06,-1.091
1.6491e-06,-1.0235
1.6492e-06,-1.0482
1.6493e-06,-1.0741
1.6494e-06,-0.95647
1.6495e-06,-1.0995
1.6496e-06,-1.2848
1.6497e-06,-1.2789
1.6498e-06,-1.4669
1.6499e-06,-0.98814
1.65e-06,-1.0508
