1.35e-06,8.691
1.3501e-06,8.7223
1.3502e-06,8.7796
1.3503e-06,8.6753
1.3504e-06,8.6667
1.3505e-06,8.6335
1.3506e-06,8.7144
1.3507e-06,8.7337
1.3508e-06,8.7412
1.3509e-06,8.6552
1.351e-06,8.7633
1.3511e-06,8.5938
1.3512e-06,8.712
1.3513e-06,8.626
1.3514e-06,8.6816
1.3515e-06,8.7149
1.3516e-06,8.6353
1.3517e-06,8.5479
1.3518e-06,8.7312
1.3519e-06,8.6437
1.352e-06,8.5816
1.3521e-06,8.6363
1.3522e-06,8.7254
1.3523e-06,8.6219
1.3524e-06,8.5387
1.3525e-06,8.5906
1.3526e-06,8.4703
1.3527e-06,8.5029
1.3528e-06,8.5294
1.3529e-06,8.6374
1.353e-06,8.6543
1.3531e-06,8.5697
1.3532e-06,8.4631
1.3533e-06,8.4681
1.3534e-06,8.4664
1.3535e-06,8.5322
1.3536e-06,8.6154
1.3537e-06,8.5358
1.3538e-06,8.4941
1.3539e-06,8.5279
1.354e-06,8.6172
1.3541e-06,8.5727
1.3542e-06,8.4242
1.3543e-06,8.5112
1.3544e-06,8.4938
1.3545e-06,8.4651
1.3546e-06,8.4221
1.3547e-06,8.4862
1.3548e-06,8.5415
1.3549e-06,8.3724
1.355e-06,8.4371
1.3551e-06,8.5376
1.3552e-06,8.4242
1.3553e-06,8.4419
1.3554e-06,8.3532
1.3555e-06,8.4766
1.3556e-06,8.5048
1.3557e-06,8.3902
1.3558e-06,8.4603
1.3559e-06,8.4305
1.356e-06,8.4707
1.3561e-06,8.4848
1.3562e-06,8.3737
1.3563e-06,8.4931
1.3564e-06,8.3813
1.3565e-06,8.4867
1.3566e-06,8.448
1.3567e-06,8.4272
1.3568e-06,8.5313
1.3569e-06,8.2998
1.357e-06,8.3953
1.3571e-06,8.309
1.3572e-06,8.3111
1.3573e-06,8.3846
1.3574e-06,8.3115
1.3575e-06,8.3767
1.3576e-06,8.3097
1.3577e-06,8.2335
1.3578e-06,8.3828
1.3579e-06,8.4164
1.358e-06,8.3265
1.3581e-06,8.2619
1.3582e-06,8.3468
1.3583e-06,8.4829
1.3584e-06,8.2295
1.3585e-06,8.3284
1.3586e-06,8.313
1.3587e-06,8.1604
1.3588e-06,8.4152
1.3589e-06,8.3151
1.359e-06,8.1994
1.3591e-06,8.3341
1.3592e-06,8.2386
1.3593e-06,8.2833
1.3594e-06,8.2693
1.3595e-06,8.1728
1.3596e-06,8.1924
1.3597e-06,8.1954
1.3598e-06,8.1539
1.3599e-06,8.3019
1.36e-06,8.1985
1.3601e-06,8.2099
1.3602e-06,8.1291
1.3603e-06,8.0881
1.3604e-06,8.1587
1.3605e-06,8.1999
1.3606e-06,8.1665
1.3607e-06,8.2792
1.3608e-06,8.1591
1.3609e-06,8.1133
1.361e-06,8.1022
1.3611e-06,8.1466
1.3612e-06,8.0548
1.3613e-06,8.2196
1.3614e-06,8.1611
1.3615e-06,8.0586
1.3616e-06,8.0994
1.3617e-06,8.0164
1.3618e-06,8.0193
1.3619e-06,8.0681
1.362e-06,8.1295
1.3621e-06,8.2292
1.3622e-06,8.0245
1.3623e-06,8.0054
1.3624e-06,8.0648
1.3625e-06,7.9605
1.3626e-06,7.9868
1.3627e-06,8.126
1.3628e-06,8.1637
1.3629e-06,8.08
1.363e-06,8.1746
1.3631e-06,8.1113
1.3632e-06,8.0792
1.3633e-06,8.096
1.3634e-06,8.0633
1.3635e-06,8.081
1.3636e-06,8.0211
1.3637e-06,8.0371
1.3638e-06,8.1611
1.3639e-06,8.052
1.364e-06,8.0472
1.3641e-06,8.0806
1.3642e-06,8.1013
1.3643e-06,8.0995
1.3644e-06,7.9849
1.3645e-06,7.9432
1.3646e-06,7.8786
1.3647e-06,7.9854
1.3648e-06,7.8856
1.3649e-06,8.0067
1.365e-06,7.9937
1.3651e-06,8.1419
1.3652e-06,8.0553
1.3653e-06,7.8868
1.3654e-06,7.857
1.3655e-06,8.0649
1.3656e-06,7.811
1.3657e-06,7.8666
1.3658e-06,7.9001
1.3659e-06,7.983
1.366e-06,7.9669
1.3661e-06,8.0024
1.3662e-06,7.9667
1.3663e-06,7.8502
1.3664e-06,7.9477
1.3665e-06,8.0585
1.3666e-06,8.0155
1.3667e-06,7.8534
1.3668e-06,7.9032
1.3669e-06,7.9318
1.367e-06,7.8987
1.3671e-06,7.8493
1.3672e-06,7.8392
1.3673e-06,7.7486
1.3674e-06,7.796
1.3675e-06,7.8019
1.3676e-06,7.9175
1.3677e-06,7.895
1.3678e-06,7.8378
1.3679e-06,7.8361
1.368e-06,7.7881
1.3681e-06,7.8805
1.3682e-06,7.9004
1.3683e-06,7.8692
1.3684e-06,7.8391
1.3685e-06,7.7149
1.3686e-06,7.7776
1.3687e-06,7.6843
1.3688e-06,7.645
1.3689e-06,7.7807
1.369e-06,7.7596
1.3691e-06,7.7885
1.3692e-06,7.8204
1.3693e-06,7.8168
1.3694e-06,7.7235
1.3695e-06,7.8302
1.3696e-06,7.7071
1.3697e-06,7.7496
1.3698e-06,7.8096
1.3699e-06,7.6603
1.37e-06,7.8179
1.3701e-06,7.6581
1.3702e-06,7.9078
1.3703e-06,7.8481
1.3704e-06,7.6755
1.3705e-06,7.7785
1.3706e-06,7.8447
1.3707e-06,7.8018
1.3708e-06,7.5419
1.3709e-06,7.6138
1.371e-06,7.6692
1.3711e-06,7.7414
1.3712e-06,7.6001
1.3713e-06,7.622
1.3714e-06,7.5685
1.3715e-06,7.7426
1.3716e-06,7.6924
1.3717e-06,7.6088
1.3718e-06,7.656
1.3719e-06,7.7575
1.372e-06,7.5906
1.3721e-06,7.6717
1.3722e-06,7.476
1.3723e-06,7.6135
1.3724e-06,7.4344
1.3725e-06,7.5827
1.3726e-06,7.5546
1.3727e-06,7.5221
1.3728e-06,7.6707
1.3729e-06,7.5647
1.373e-06,7.5772
1.3731e-06,7.5469
1.3732e-06,7.645
1.3733e-06,7.5012
1.3734e-06,7.663
1.3735e-06,7.5304
1.3736e-06,7.4805
1.3737e-06,7.4994
1.3738e-06,7.512
1.3739e-06,7.5705
1.374e-06,7.6551
1.3741e-06,7.6113
1.3742e-06,7.4515
1.3743e-06,7.48
1.3744e-06,7.5982
1.3745e-06,7.3945
1.3746e-06,7.5242
1.3747e-06,7.4709
1.3748e-06,7.5592
1.3749e-06,7.5393
1.375e-06,7.5643
1.3751e-06,7.4355
1.3752e-06,7.4627
1.3753e-06,7.4607
1.3754e-06,7.518
1.3755e-06,7.4502
1.3756e-06,7.4964
1.3757e-06,7.5256
1.3758e-06,7.622
1.3759e-06,7.3871
1.376e-06,7.3794
1.3761e-06,7.3929
1.3762e-06,7.4435
1.3763e-06,7.4804
1.3764e-06,7.3494
1.3765e-06,7.4753
1.3766e-06,7.5253
1.3767e-06,7.3922
1.3768e-06,7.3039
1.3769e-06,7.4037
1.377e-06,7.3565
1.3771e-06,7.3532
1.3772e-06,7.4651
1.3773e-06,7.3378
1.3774e-06,7.2934
1.3775e-06,7.3417
1.3776e-06,7.2197
1.3777e-06,7.3333
1.3778e-06,7.3167
1.3779e-06,7.4131
1.378e-06,7.3982
1.3781e-06,7.3388
1.3782e-06,7.3277
1.3783e-06,7.3433
1.3784e-06,7.1974
1.3785e-06,7.3547
1.3786e-06,7.2978
1.3787e-06,7.2129
1.3788e-06,7.2833
1.3789e-06,7.3167
1.379e-06,7.2877
1.3791e-06,7.2543
1.3792e-06,7.2389
1.3793e-06,7.2741
1.3794e-06,7.1762
1.3795e-06,7.1908
1.3796e-06,7.4139
1.3797e-06,7.2395
1.3798e-06,7.2189
1.3799e-06,7.211
1.38e-06,7.3036
1.3801e-06,7.3774
1.3802e-06,7.2129
1.3803e-06,7.1934
1.3804e-06,7.22
1.3805e-06,7.0402
1.3806e-06,7.2746
1.3807e-06,7.185
1.3808e-06,7.1326
1.3809e-06,7.0831
1.381e-06,7.1242
1.3811e-06,7.2138
1.3812e-06,7.162
1.3813e-06,7.1664
1.3814e-06,7.2202
1.3815e-06,7.2832
1.3816e-06,7.1354
1.3817e-06,7.1341
1.3818e-06,7.1725
1.3819e-06,7.1508
1.382e-06,7.1063
1.3821e-06,7.1002
1.3822e-06,7.0433
1.3823e-06,7.0135
1.3824e-06,6.9134
1.3825e-06,7.0662
1.3826e-06,7.0448
1.3827e-06,7.0197
1.3828e-06,7.101
1.3829e-06,6.8621
1.383e-06,7.1853
1.3831e-06,7.0137
1.3832e-06,6.8339
1.3833e-06,6.9777
1.3834e-06,6.9636
1.3835e-06,6.9826
1.3836e-06,7.0175
1.3837e-06,6.9868
1.3838e-06,6.9635
1.3839e-06,6.8744
1.384e-06,7.0134
1.3841e-06,6.925
1.3842e-06,7.0076
1.3843e-06,7.102
1.3844e-06,6.9348
1.3845e-06,6.9463
1.3846e-06,7.0957
1.3847e-06,6.8502
1.3848e-06,6.8719
1.3849e-06,6.9101
1.385e-06,6.9579
1.3851e-06,7.0623
1.3852e-06,7.0827
1.3853e-06,6.927
1.3854e-06,6.9755
1.3855e-06,7.0452
1.3856e-06,6.9618
1.3857e-06,6.9127
1.3858e-06,6.8247
1.3859e-06,6.9331
1.386e-06,6.9967
1.3861e-06,6.8294
1.3862e-06,6.9389
1.3863e-06,6.8746
1.3864e-06,6.9792
1.3865e-06,6.9785
1.3866e-06,6.8196
1.3867e-06,6.918
1.3868e-06,6.8443
1.3869e-06,6.9114
1.387e-06,6.8699
1.3871e-06,6.7874
1.3872e-06,6.8785
1.3873e-06,6.9819
1.3874e-06,6.7966
1.3875e-06,6.968
1.3876e-06,6.7868
1.3877e-06,6.7092
1.3878e-06,6.7458
1.3879e-06,6.8413
1.388e-06,6.8463
1.3881e-06,6.7332
1.3882e-06,6.7486
1.3883e-06,6.8606
1.3884e-06,6.8382
1.3885e-06,6.7941
1.3886e-06,6.7938
1.3887e-06,6.7503
1.3888e-06,6.9044
1.3889e-06,6.6879
1.389e-06,6.6987
1.3891e-06,6.79
1.3892e-06,6.8397
1.3893e-06,6.9871
1.3894e-06,6.9149
1.3895e-06,6.6924
1.3896e-06,6.651
1.3897e-06,6.7004
1.3898e-06,6.7392
1.3899e-06,6.6602
1.39e-06,6.7004
1.3901e-06,6.6476
1.3902e-06,6.6752
1.3903e-06,6.6084
1.3904e-06,6.6931
1.3905e-06,6.6129
1.3906e-06,6.6575
1.3907e-06,6.7426
1.3908e-06,6.7425
1.3909e-06,6.612
1.391e-06,6.6319
1.3911e-06,6.8303
1.3912e-06,6.6542
1.3913e-06,6.6939
1.3914e-06,6.4767
1.3915e-06,6.5576
1.3916e-06,6.7005
1.3917e-06,6.5443
1.3918e-06,6.5517
1.3919e-06,6.5072
1.392e-06,6.586
1.3921e-06,6.5462
1.3922e-06,6.5728
1.3923e-06,6.5198
1.3924e-06,6.5416
1.3925e-06,6.5431
1.3926e-06,6.54
1.3927e-06,6.4773
1.3928e-06,6.572
1.3929e-06,6.5726
1.393e-06,6.4984
1.3931e-06,6.6072
1.3932e-06,6.627
1.3933e-06,6.6886
1.3934e-06,6.4821
1.3935e-06,6.5759
1.3936e-06,6.4957
1.3937e-06,6.5283
1.3938e-06,6.5913
1.3939e-06,6.5383
1.394e-06,6.6205
1.3941e-06,6.5125
1.3942e-06,6.6214
1.3943e-06,6.5414
1.3944e-06,6.462
1.3945e-06,6.3608
1.3946e-06,6.3642
1.3947e-06,6.4089
1.3948e-06,6.4334
1.3949e-06,6.404
1.395e-06,6.4803
1.3951e-06,6.4025
1.3952e-06,6.3417
1.3953e-06,6.2869
1.3954e-06,6.3456
1.3955e-06,6.3785
1.3956e-06,6.3993
1.3957e-06,6.4448
1.3958e-06,6.3131
1.3959e-06,6.4233
1.396e-06,6.3119
1.3961e-06,6.4719
1.3962e-06,6.4148
1.3963e-06,6.3063
1.3964e-06,6.2351
1.3965e-06,6.0997
1.3966e-06,6.1515
1.3967e-06,6.2293
1.3968e-06,6.3358
1.3969e-06,6.3239
1.397e-06,6.2638
1.3971e-06,6.1861
1.3972e-06,6.3078
1.3973e-06,6.3321
1.3974e-06,6.3949
1.3975e-06,6.201
1.3976e-06,6.0898
1.3977e-06,6.2855
1.3978e-06,6.2796
1.3979e-06,6.0985
1.398e-06,6.3377
1.3981e-06,6.35
1.3982e-06,6.2419
1.3983e-06,6.1228
1.3984e-06,6.2475
1.3985e-06,6.2982
1.3986e-06,6.127
1.3987e-06,6.0602
1.3988e-06,6.1647
1.3989e-06,6.1644
1.399e-06,6.0949
1.3991e-06,6.1453
1.3992e-06,6.1039
1.3993e-06,6.2107
1.3994e-06,6.1428
1.3995e-06,6.2526
1.3996e-06,6.0287
1.3997e-06,6.2342
1.3998e-06,6.1681
1.3999e-06,6.2088
1.4e-06,6.181
1.4001e-06,6.1106
1.4002e-06,6.1519
1.4003e-06,5.9025
1.4004e-06,6.0918
1.4005e-06,6.0475
1.4006e-06,5.9998
1.4007e-06,6.093
1.4008e-06,6.0637
1.4009e-06,6.1709
1.401e-06,6.0465
1.4011e-06,5.9968
1.4012e-06,6.0755
1.4013e-06,6.0385
1.4014e-06,5.9199
1.4015e-06,5.9233
1.4016e-06,6.1484
1.4017e-06,5.9647
1.4018e-06,6.0639
1.4019e-06,6.0213
1.402e-06,6.0407
1.4021e-06,6.0013
1.4022e-06,6.0182
1.4023e-06,6.1218
1.4024e-06,6
1.4025e-06,5.9771
1.4026e-06,5.9179
1.4027e-06,5.9613
1.4028e-06,5.8033
1.4029e-06,6.0876
1.403e-06,6.0824
1.4031e-06,5.8991
1.4032e-06,6.0109
1.4033e-06,5.8994
1.4034e-06,6.036
1.4035e-06,5.959
1.4036e-06,5.9027
1.4037e-06,5.898
1.4038e-06,6.0318
1.4039e-06,5.9462
1.404e-06,5.9657
1.4041e-06,5.8579
1.4042e-06,5.8334
1.4043e-06,5.786
1.4044e-06,5.8945
1.4045e-06,5.8205
1.4046e-06,5.7991
1.4047e-06,5.87
1.4048e-06,5.8395
1.4049e-06,5.6238
1.405e-06,5.7677
1.4051e-06,5.6885
1.4052e-06,5.6805
1.4053e-06,5.7706
1.4054e-06,5.823
1.4055e-06,5.811
1.4056e-06,5.706
1.4057e-06,5.6508
1.4058e-06,5.8784
1.4059e-06,5.7855
1.406e-06,5.6872
1.4061e-06,5.6115
1.4062e-06,5.7652
1.4063e-06,5.7062
1.4064e-06,5.6723
1.4065e-06,5.7347
1.4066e-06,5.7474
1.4067e-06,5.6825
1.4068e-06,5.7487
1.4069e-06,5.5849
1.407e-06,5.6971
1.4071e-06,5.7245
1.4072e-06,5.5537
1.4073e-06,5.56
1.4074e-06,5.7238
1.4075e-06,5.6103
1.4076e-06,5.6729
1.4077e-06,5.6457
1.4078e-06,5.5124
1.4079e-06,5.6561
1.408e-06,5.6801
1.4081e-06,5.5352
1.4082e-06,5.5122
1.4083e-06,5.5277
1.4084e-06,5.5356
1.4085e-06,5.457
1.4086e-06,5.6771
1.4087e-06,5.4485
1.4088e-06,5.4801
1.4089e-06,5.4255
1.409e-06,5.4677
1.4091e-06,5.4172
1.4092e-06,5.5126
1.4093e-06,5.437
1.4094e-06,5.4845
1.4095e-06,5.466
1.4096e-06,5.498
1.4097e-06,5.5891
1.4098e-06,5.5286
1.4099e-06,5.4428
1.41e-06,5.3585
1.4101e-06,5.3196
1.4102e-06,5.6121
1.4103e-06,5.4416
1.4104e-06,5.5088
1.4105e-06,5.4517
1.4106e-06,5.3721
1.4107e-06,5.3492
1.4108e-06,5.4882
1.4109e-06,5.3842
1.411e-06,5.3862
1.4111e-06,5.3217
1.4112e-06,5.3245
1.4113e-06,5.2945
1.4114e-06,5.3837
1.4115e-06,5.3525
1.4116e-06,5.2628
1.4117e-06,5.2291
1.4118e-06,5.4619
1.4119e-06,5.4216
1.412e-06,5.2294
1.4121e-06,5.4605
1.4122e-06,5.261
1.4123e-06,5.285
1.4124e-06,5.3876
1.4125e-06,5.2596
1.4126e-06,5.2115
1.4127e-06,5.1761
1.4128e-06,5.326
1.4129e-06,5.2708
1.413e-06,5.0655
1.4131e-06,5.2399
1.4132e-06,5.3372
1.4133e-06,5.1946
1.4134e-06,5.1365
1.4135e-06,5.1518
1.4136e-06,5.1189
1.4137e-06,5.266
1.4138e-06,5.0663
1.4139e-06,5.0969
1.414e-06,4.9907
1.4141e-06,5.2214
1.4142e-06,4.9847
1.4143e-06,5.1521
1.4144e-06,5.1789
1.4145e-06,5.0645
1.4146e-06,5.185
1.4147e-06,5.1656
1.4148e-06,4.9967
1.4149e-06,5.0495
1.415e-06,4.9842
1.4151e-06,5.1211
1.4152e-06,5.1915
1.4153e-06,4.9856
1.4154e-06,5.0058
1.4155e-06,5.0786
1.4156e-06,4.9969
1.4157e-06,5.0447
1.4158e-06,5.1207
1.4159e-06,5.096
1.416e-06,5.1076
1.4161e-06,4.9531
1.4162e-06,5.0011
1.4163e-06,5.0076
1.4164e-06,4.8485
1.4165e-06,4.8587
1.4166e-06,4.879
1.4167e-06,4.9659
1.4168e-06,4.7744
1.4169e-06,4.97
1.417e-06,4.8418
1.4171e-06,4.9473
1.4172e-06,4.91
1.4173e-06,4.9207
1.4174e-06,4.9803
1.4175e-06,4.9184
1.4176e-06,4.9477
1.4177e-06,4.9401
1.4178e-06,4.7928
1.4179e-06,4.8033
1.418e-06,4.8109
1.4181e-06,4.9738
1.4182e-06,4.9531
1.4183e-06,4.852
1.4184e-06,4.855
1.4185e-06,4.8286
1.4186e-06,4.9441
1.4187e-06,4.7092
1.4188e-06,4.8389
1.4189e-06,4.7678
1.419e-06,4.8514
1.4191e-06,4.634
1.4192e-06,4.605
1.4193e-06,4.7565
1.4194e-06,4.8244
1.4195e-06,4.6364
1.4196e-06,4.8429
1.4197e-06,4.5747
1.4198e-06,4.7019
1.4199e-06,4.5529
1.42e-06,4.8491
1.4201e-06,4.524
1.4202e-06,4.7763
1.4203e-06,4.6733
1.4204e-06,4.5442
1.4205e-06,4.6023
1.4206e-06,4.7049
1.4207e-06,4.5548
1.4208e-06,4.6631
1.4209e-06,4.5552
1.421e-06,4.6516
1.4211e-06,4.6326
1.4212e-06,4.5775
1.4213e-06,4.528
1.4214e-06,4.5825
1.4215e-06,4.568
1.4216e-06,4.6338
1.4217e-06,4.6564
1.4218e-06,4.6475
1.4219e-06,4.546
1.422e-06,4.5259
1.4221e-06,4.5421
1.4222e-06,4.4318
1.4223e-06,4.5843
1.4224e-06,4.5852
1.4225e-06,4.5154
1.4226e-06,4.527
1.4227e-06,4.4688
1.4228e-06,4.4931
1.4229e-06,4.3514
1.423e-06,4.3664
1.4231e-06,4.3726
1.4232e-06,4.3331
1.4233e-06,4.4179
1.4234e-06,4.4289
1.4235e-06,4.3495
1.4236e-06,4.4544
1.4237e-06,4.2855
1.4238e-06,4.3217
1.4239e-06,4.5224
1.424e-06,4.3134
1.4241e-06,4.2867
1.4242e-06,4.273
1.4243e-06,4.3966
1.4244e-06,4.2888
1.4245e-06,4.4418
1.4246e-06,4.401
1.4247e-06,4.3509
1.4248e-06,4.2332
1.4249e-06,4.3168
1.425e-06,4.2298
1.4251e-06,4.3501
1.4252e-06,4.299
1.4253e-06,4.2305
1.4254e-06,4.4363
1.4255e-06,4.1605
1.4256e-06,4.3695
1.4257e-06,4.236
1.4258e-06,4.3199
1.4259e-06,4.1536
1.426e-06,4.4067
1.4261e-06,4.1131
1.4262e-06,4.2017
1.4263e-06,4.2744
1.4264e-06,4.0835
1.4265e-06,4.1838
1.4266e-06,4.156
1.4267e-06,4.2482
1.4268e-06,4.0174
1.4269e-06,4.2018
1.427e-06,4.1779
1.4271e-06,4.1281
1.4272e-06,3.9546
1.4273e-06,4.113
1.4274e-06,4.0388
1.4275e-06,4.085
1.4276e-06,4.0566
1.4277e-06,3.9787
1.4278e-06,3.9886
1.4279e-06,3.9454
1.428e-06,4.1418
1.4281e-06,4.1057
1.4282e-06,3.9596
1.4283e-06,3.9241
1.4284e-06,4.0222
1.4285e-06,4.0077
1.4286e-06,4.0824
1.4287e-06,3.9585
1.4288e-06,3.9772
1.4289e-06,3.9667
1.429e-06,3.9608
1.4291e-06,3.9099
1.4292e-06,3.9219
1.4293e-06,3.8191
1.4294e-06,3.8975
1.4295e-06,3.8887
1.4296e-06,3.8915
1.4297e-06,3.9529
1.4298e-06,3.9005
1.4299e-06,3.7762
1.43e-06,3.9271
1.4301e-06,3.8234
1.4302e-06,3.859
1.4303e-06,3.9001
1.4304e-06,3.9089
1.4305e-06,3.855
1.4306e-06,3.961
1.4307e-06,3.7428
1.4308e-06,3.9504
1.4309e-06,3.8423
1.431e-06,3.6312
1.4311e-06,3.8184
1.4312e-06,3.6928
1.4313e-06,3.6978
1.4314e-06,3.6752
1.4315e-06,3.8131
1.4316e-06,3.7054
1.4317e-06,3.9233
1.4318e-06,3.8875
1.4319e-06,3.6856
1.432e-06,3.7689
1.4321e-06,3.5763
1.4322e-06,3.7205
1.4323e-06,3.6273
1.4324e-06,3.6962
1.4325e-06,3.6282
1.4326e-06,3.7185
1.4327e-06,3.7538
1.4328e-06,3.7073
1.4329e-06,3.5906
1.433e-06,3.47
1.4331e-06,3.6333
1.4332e-06,3.5083
1.4333e-06,3.5768
1.4334e-06,3.4243
1.4335e-06,3.5708
1.4336e-06,3.5483
1.4337e-06,3.589
1.4338e-06,3.3714
1.4339e-06,3.5834
1.434e-06,3.6093
1.4341e-06,3.5629
1.4342e-06,3.5605
1.4343e-06,3.471
1.4344e-06,3.5007
1.4345e-06,3.7021
1.4346e-06,3.4687
1.4347e-06,3.528
1.4348e-06,3.4357
1.4349e-06,3.5826
1.435e-06,3.5826
1.4351e-06,3.383
1.4352e-06,3.4536
1.4353e-06,3.4051
1.4354e-06,3.4819
1.4355e-06,3.2309
1.4356e-06,3.2974
1.4357e-06,3.3646
1.4358e-06,3.2776
1.4359e-06,3.3884
1.436e-06,3.3551
1.4361e-06,3.3018
1.4362e-06,3.3128
1.4363e-06,3.307
1.4364e-06,3.3611
1.4365e-06,3.2818
1.4366e-06,3.4444
1.4367e-06,3.2227
1.4368e-06,3.1566
1.4369e-06,3.5047
1.437e-06,3.2029
1.4371e-06,3.234
1.4372e-06,3.3565
1.4373e-06,3.1974
1.4374e-06,3.0847
1.4375e-06,3.1972
1.4376e-06,3.3093
1.4377e-06,3.1326
1.4378e-06,3.0106
1.4379e-06,3.0797
1.438e-06,3.1637
1.4381e-06,3.2772
1.4382e-06,3.3734
1.4383e-06,3.0983
1.4384e-06,3.1111
1.4385e-06,3.1768
1.4386e-06,3.2337
1.4387e-06,2.9653
1.4388e-06,3.0074
1.4389e-06,3.1122
1.439e-06,3.0583
1.4391e-06,3.0682
1.4392e-06,2.9941
1.4393e-06,3.0805
1.4394e-06,3.0895
1.4395e-06,3.0501
1.4396e-06,2.8872
1.4397e-06,2.893
1.4398e-06,3.1328
1.4399e-06,3.037
1.44e-06,2.9438
1.4401e-06,3.081
1.4402e-06,2.8714
1.4403e-06,3.0307
1.4404e-06,2.9158
1.4405e-06,3.0103
1.4406e-06,2.882
1.4407e-06,3.0081
1.4408e-06,2.94
1.4409e-06,2.9594
1.441e-06,3.0286
1.4411e-06,2.9965
1.4412e-06,2.7198
1.4413e-06,2.8952
1.4414e-06,2.9081
1.4415e-06,2.8826
1.4416e-06,2.8159
1.4417e-06,2.8322
1.4418e-06,2.8126
1.4419e-06,2.7329
1.442e-06,2.806
1.4421e-06,2.8484
1.4422e-06,2.692
1.4423e-06,2.7016
1.4424e-06,2.8939
1.4425e-06,2.7652
1.4426e-06,2.7857
1.4427e-06,2.7288
1.4428e-06,2.8329
1.4429e-06,2.8781
1.443e-06,2.8448
1.4431e-06,2.4948
1.4432e-06,2.6733
1.4433e-06,2.6657
1.4434e-06,2.7357
1.4435e-06,2.7616
1.4436e-06,2.6565
1.4437e-06,2.6145
1.4438e-06,2.6096
1.4439e-06,2.4818
1.444e-06,2.4793
1.4441e-06,2.6456
1.4442e-06,2.5874
1.4443e-06,2.5659
1.4444e-06,2.6702
1.4445e-06,2.637
1.4446e-06,2.5397
1.4447e-06,2.6615
1.4448e-06,2.8056
1.4449e-06,2.6049
1.445e-06,2.6605
1.4451e-06,2.4928
1.4452e-06,2.4058
1.4453e-06,2.5361
1.4454e-06,2.6566
1.4455e-06,2.3823
1.4456e-06,2.4271
1.4457e-06,2.4247
1.4458e-06,2.2355
1.4459e-06,2.5277
1.446e-06,2.3601
1.4461e-06,2.3862
1.4462e-06,2.3397
1.4463e-06,2.3666
1.4464e-06,2.3813
1.4465e-06,2.4655
1.4466e-06,2.4073
1.4467e-06,2.6131
1.4468e-06,2.3991
1.4469e-06,2.2225
1.447e-06,2.2726
1.4471e-06,2.4751
1.4472e-06,2.4072
1.4473e-06,2.2281
1.4474e-06,2.1927
1.4475e-06,2.3348
1.4476e-06,2.2278
1.4477e-06,2.2124
1.4478e-06,2.1576
1.4479e-06,2.2274
1.448e-06,2.1788
1.4481e-06,2.1782
1.4482e-06,2.3325
1.4483e-06,2.2122
1.4484e-06,2.1741
1.4485e-06,2.2455
1.4486e-06,2.2446
1.4487e-06,2.1968
1.4488e-06,2.1286
1.4489e-06,2.0804
1.449e-06,2.2012
1.4491e-06,2.0067
1.4492e-06,2.1545
1.4493e-06,2.0573
1.4494e-06,2.1439
1.4495e-06,2.0405
1.4496e-06,2.0198
1.4497e-06,1.974
1.4498e-06,1.9324
1.4499e-06,1.8882
1.45e-06,2.0585
1.4501e-06,2.1004
1.4502e-06,1.9328
1.4503e-06,1.9008
1.4504e-06,1.8591
1.4505e-06,2.041
1.4506e-06,1.8424
1.4507e-06,1.9051
1.4508e-06,2.0566
1.4509e-06,1.8533
1.451e-06,2.0343
1.4511e-06,1.9726
1.4512e-06,1.858
1.4513e-06,1.9179
1.4514e-06,1.7957
1.4515e-06,1.7895
1.4516e-06,1.7345
1.4517e-06,1.8912
1.4518e-06,1.9741
1.4519e-06,1.8057
1.452e-06,1.8324
1.4521e-06,1.8835
1.4522e-06,1.797
1.4523e-06,1.8212
1.4524e-06,1.9226
1.4525e-06,1.8592
1.4526e-06,1.6739
1.4527e-06,1.7363
1.4528e-06,1.8051
1.4529e-06,1.546
1.453e-06,1.9072
1.4531e-06,1.7111
1.4532e-06,1.5925
1.4533e-06,1.7337
1.4534e-06,1.7831
1.4535e-06,1.6535
1.4536e-06,1.583
1.4537e-06,1.5893
1.4538e-06,1.6224
1.4539e-06,1.6441
1.454e-06,1.6102
1.4541e-06,1.6492
1.4542e-06,1.4697
1.4543e-06,1.6381
1.4544e-06,1.4348
1.4545e-06,1.5973
1.4546e-06,1.6183
1.4547e-06,1.6866
1.4548e-06,1.4912
1.4549e-06,1.5571
1.455e-06,1.4988
1.4551e-06,1.4828
1.4552e-06,1.4483
1.4553e-06,1.2516
1.4554e-06,1.5158
1.4555e-06,1.4851
1.4556e-06,1.5784
1.4557e-06,1.4725
1.4558e-06,1.5351
1.4559e-06,1.4398
1.456e-06,1.519
1.4561e-06,1.5721
1.4562e-06,1.4443
1.4563e-06,1.281
1.4564e-06,1.4576
1.4565e-06,1.3244
1.4566e-06,1.3287
1.4567e-06,1.354
1.4568e-06,1.1988
1.4569e-06,1.2821
1.457e-06,1.1981
1.4571e-06,1.168
1.4572e-06,1.4291
1.4573e-06,1.1459
1.4574e-06,1.0671
1.4575e-06,1.3086
1.4576e-06,1.1476
1.4577e-06,1.1655
1.4578e-06,1.3704
1.4579e-06,1.1545
1.458e-06,1.1928
1.4581e-06,1.176
1.4582e-06,1.0329
1.4583e-06,1.0765
1.4584e-06,1.1994
1.4585e-06,1.0177
1.4586e-06,1.1994
1.4587e-06,1.2585
1.4588e-06,1.0512
1.4589e-06,1.0614
1.459e-06,0.93467
1.4591e-06,1.1929
1.4592e-06,1.1401
1.4593e-06,1.0497
1.4594e-06,0.98806
1.4595e-06,0.95985
1.4596e-06,1.0683
1.4597e-06,0.98808
1.4598e-06,1.0747
1.4599e-06,1.0852
1.46e-06,1.0271
1.4601e-06,0.85717
1.4602e-06,0.83708
1.4603e-06,0.8849
1.4604e-06,0.97816
1.4605e-06,0.98457
1.4606e-06,0.89683
1.4607e-06,0.99906
1.4608e-06,0.97395
1.4609e-06,0.85163
1.461e-06,0.79746
1.4611e-06,0.70928
1.4612e-06,0.8622
1.4613e-06,0.75117
1.4614e-06,0.65114
1.4615e-06,0.92636
1.4616e-06,0.82454
1.4617e-06,0.68733
1.4618e-06,0.79073
1.4619e-06,0.66766
1.462e-06,0.64792
1.4621e-06,0.65731
1.4622e-06,0.78385
1.4623e-06,0.7372
1.4624e-06,0.77824
1.4625e-06,0.78975
1.4626e-06,0.65556
1.4627e-06,0.76479
1.4628e-06,0.82644
1.4629e-06,0.59936
1.463e-06,0.55797
1.4631e-06,0.47025
1.4632e-06,0.48734
1.4633e-06,0.54057
1.4634e-06,0.5766
1.4635e-06,0.53783
1.4636e-06,0.64384
1.4637e-06,0.44122
1.4638e-06,0.49028
1.4639e-06,0.59702
1.464e-06,0.60645
1.4641e-06,0.43661
1.4642e-06,0.50811
1.4643e-06,0.38995
1.4644e-06,0.48
1.4645e-06,0.45103
1.4646e-06,0.35125
1.4647e-06,0.53983
1.4648e-06,0.36396
1.4649e-06,0.38054
1.465e-06,0.39628
1.4651e-06,0.39859
1.4652e-06,0.34366
1.4653e-06,0.29882
1.4654e-06,0.26605
1.4655e-06,0.3691
1.4656e-06,0.19978
1.4657e-06,0.20918
1.4658e-06,0.30134
1.4659e-06,0.31578
1.466e-06,0.18715
1.4661e-06,0.45639
1.4662e-06,0.27069
1.4663e-06,0.042366
1.4664e-06,0.27084
1.4665e-06,0.10312
1.4666e-06,0.073589
1.4667e-06,-0.036853
1.4668e-06,0.25101
1.4669e-06,0.028341
1.467e-06,0.034915
1.4671e-06,0.0016623
1.4672e-06,0.14433
1.4673e-06,0.076873
1.4674e-06,0.10695
1.4675e-06,-0.023615
1.4676e-06,0.10747
1.4677e-06,-0.059765
1.4678e-06,0.045447
1.4679e-06,0.014488
1.468e-06,-0.066311
1.4681e-06,-0.068689
1.4682e-06,0.15567
1.4683e-06,-0.068699
1.4684e-06,-0.17186
1.4685e-06,-0.078184
1.4686e-06,-0.17113
1.4687e-06,-0.20447
1.4688e-06,-0.14589
1.4689e-06,-0.079995
1.469e-06,-0.13619
1.4691e-06,-0.31749
1.4692e-06,-0.19973
1.4693e-06,-0.044795
1.4694e-06,-0.15537
1.4695e-06,-0.14892
1.4696e-06,-0.18824
1.4697e-06,-0.26749
1.4698e-06,-0.25663
1.4699e-06,-0.34232
1.47e-06,-0.25297
1.4701e-06,-0.35421
1.4702e-06,-0.45751
1.4703e-06,-0.30049
1.4704e-06,-0.24684
1.4705e-06,-0.36316
1.4706e-06,-0.38066
1.4707e-06,-0.41153
1.4708e-06,-0.44008
1.4709e-06,-0.25437
1.471e-06,-0.29307
1.4711e-06,-0.55038
1.4712e-06,-0.37774
1.4713e-06,-0.37035
1.4714e-06,-0.53938
1.4715e-06,-0.34827
1.4716e-06,-0.61595
1.4717e-06,-0.38604
1.4718e-06,-0.49678
1.4719e-06,-0.54163
1.472e-06,-0.50926
1.4721e-06,-0.57126
1.4722e-06,-0.61418
1.4723e-06,-0.74783
1.4724e-06,-0.70742
1.4725e-06,-0.55553
1.4726e-06,-0.46788
1.4727e-06,-0.54437
1.4728e-06,-0.68127
1.4729e-06,-0.6781
1.473e-06,-0.78914
1.4731e-06,-0.61526
1.4732e-06,-0.54598
1.4733e-06,-0.80231
1.4734e-06,-0.68423
1.4735e-06,-0.80077
1.4736e-06,-0.93693
1.4737e-06,-0.68223
1.4738e-06,-0.75796
1.4739e-06,-0.59268
1.474e-06,-0.75231
1.4741e-06,-0.77379
1.4742e-06,-0.8255
1.4743e-06,-1.1187
1.4744e-06,-0.77237
1.4745e-06,-0.92231
1.4746e-06,-0.90825
1.4747e-06,-1.0265
1.4748e-06,-0.90352
1.4749e-06,-0.90595
1.475e-06,-0.96614
1.4751e-06,-1.0024
1.4752e-06,-0.97802
1.4753e-06,-1.081
1.4754e-06,-0.79197
1.4755e-06,-1.1193
1.4756e-06,-1.0307
1.4757e-06,-0.95523
1.4758e-06,-0.99789
1.4759e-06,-1.1156
1.476e-06,-1.096
1.4761e-06,-1.3136
1.4762e-06,-1.0137
1.4763e-06,-1.1391
1.4764e-06,-1.0945
1.4765e-06,-1.0792
1.4766e-06,-1.0942
1.4767e-06,-1.2663
1.4768e-06,-1.1836
1.4769e-06,-1.3072
1.477e-06,-1.2062
1.4771e-06,-1.3605
1.4772e-06,-1.2136
1.4773e-06,-1.2965
1.4774e-06,-1.3211
1.4775e-06,-1.3356
1.4776e-06,-1.3203
1.4777e-06,-1.2211
1.4778e-06,-1.2787
1.4779e-06,-1.4058
1.478e-06,-1.2476
1.4781e-06,-1.3324
1.4782e-06,-1.3682
1.4783e-06,-1.4444
1.4784e-06,-1.4163
1.4785e-06,-1.4981
1.4786e-06,-1.4315
1.4787e-06,-1.4371
1.4788e-06,-1.4192
1.4789e-06,-1.4703
1.479e-06,-1.6376
1.4791e-06,-1.4472
1.4792e-06,-1.6718
1.4793e-06,-1.4819
1.4794e-06,-1.6195
1.4795e-06,-1.7557
1.4796e-06,-1.711
1.4797e-06,-1.6334
1.4798e-06,-1.5965
1.4799e-06,-1.66
1.48e-06,-1.7703
1.4801e-06,-1.5538
1.4802e-06,-1.6359
1.4803e-06,-1.7652
1.4804e-06,-1.8647
1.4805e-06,-1.5272
1.4806e-06,-1.6331
1.4807e-06,-1.7013
1.4808e-06,-1.7549
1.4809e-06,-1.7382
1.481e-06,-1.8825
1.4811e-06,-1.7937
1.4812e-06,-2.0654
1.4813e-06,-1.7837
1.4814e-06,-1.7946
1.4815e-06,-1.776
1.4816e-06,-1.8805
1.4817e-06,-1.988
1.4818e-06,-1.8529
1.4819e-06,-1.7937
1.482e-06,-1.9514
1.4821e-06,-1.8802
1.4822e-06,-2.0044
1.4823e-06,-1.8953
1.4824e-06,-2.0835
1.4825e-06,-2.054
1.4826e-06,-1.8348
1.4827e-06,-2.0449
1.4828e-06,-2.0134
1.4829e-06,-1.9603
1.483e-06,-2.0395
1.4831e-06,-2.1623
1.4832e-06,-2.1053
1.4833e-06,-2.3661
1.4834e-06,-2.0642
1.4835e-06,-2.173
1.4836e-06,-2.0736
1.4837e-06,-2.0814
1.4838e-06,-2.1966
1.4839e-06,-2.1319
1.484e-06,-2.1785
1.4841e-06,-2.3485
1.4842e-06,-2.1863
1.4843e-06,-2.4093
1.4844e-06,-2.3618
1.4845e-06,-2.0883
1.4846e-06,-2.3848
1.4847e-06,-2.3788
1.4848e-06,-2.3611
1.4849e-06,-2.4837
1.485e-06,-2.4742
1.4851e-06,-2.372
1.4852e-06,-2.4083
1.4853e-06,-2.4778
1.4854e-06,-2.493
1.4855e-06,-2.5261
1.4856e-06,-2.5144
1.4857e-06,-2.4736
1.4858e-06,-2.5809
1.4859e-06,-2.5337
1.486e-06,-2.374
1.4861e-06,-2.6772
1.4862e-06,-2.6953
1.4863e-06,-2.6562
1.4864e-06,-2.7725
1.4865e-06,-2.559
1.4866e-06,-2.5038
1.4867e-06,-2.7941
1.4868e-06,-2.748
1.4869e-06,-2.7487
1.487e-06,-2.8412
1.4871e-06,-2.6954
1.4872e-06,-2.6819
1.4873e-06,-2.78
1.4874e-06,-2.7751
1.4875e-06,-2.8576
1.4876e-06,-2.984
1.4877e-06,-3.0498
1.4878e-06,-3.0293
1.4879e-06,-2.8505
1.488e-06,-2.8837
1.4881e-06,-2.8427
1.4882e-06,-2.9396
1.4883e-06,-2.8179
1.4884e-06,-2.9783
1.4885e-06,-2.8573
1.4886e-06,-2.9819
1.4887e-06,-2.9708
1.4888e-06,-2.9029
1.4889e-06,-2.8622
1.489e-06,-3.1505
1.4891e-06,-3.1215
1.4892e-06,-3.0187
1.4893e-06,-3.2024
1.4894e-06,-3.3133
1.4895e-06,-3.1215
1.4896e-06,-3.0211
1.4897e-06,-3.0763
1.4898e-06,-3.3599
1.4899e-06,-3.0307
1.49e-06,-3.207
1.4901e-06,-3.1116
1.4902e-06,-3.2668
1.4903e-06,-3.1746
1.4904e-06,-3.1564
1.4905e-06,-3.1769
1.4906e-06,-3.2436
1.4907e-06,-3.3886
1.4908e-06,-3.2848
1.4909e-06,-3.3733
1.491e-06,-3.3256
1.4911e-06,-3.3581
1.4912e-06,-3.4329
1.4913e-06,-3.3912
1.4914e-06,-3.4434
1.4915e-06,-3.5506
1.4916e-06,-3.4903
1.4917e-06,-3.5569
1.4918e-06,-3.5573
1.4919e-06,-3.5471
1.492e-06,-3.6257
1.4921e-06,-3.5421
1.4922e-06,-3.5515
1.4923e-06,-3.5631
1.4924e-06,-3.4304
1.4925e-06,-3.4747
1.4926e-06,-3.5162
1.4927e-06,-3.6472
1.4928e-06,-3.6431
1.4929e-06,-3.6327
1.493e-06,-3.6479
1.4931e-06,-3.6607
1.4932e-06,-3.6616
1.4933e-06,-3.8388
1.4934e-06,-3.7146
1.4935e-06,-3.7687
1.4936e-06,-3.7952
1.4937e-06,-3.7777
1.4938e-06,-3.8232
1.4939e-06,-3.9493
1.494e-06,-3.7939
1.4941e-06,-3.5943
1.4942e-06,-3.8864
1.4943e-06,-3.8558
1.4944e-06,-3.9652
1.4945e-06,-4.0093
1.4946e-06,-3.8525
1.4947e-06,-3.8368
1.4948e-06,-4.0576
1.4949e-06,-3.9611
1.495e-06,-3.9961
1.4951e-06,-4.113
1.4952e-06,-3.9106
1.4953e-06,-3.9225
1.4954e-06,-4.1506
1.4955e-06,-3.9563
1.4956e-06,-4.0204
1.4957e-06,-4.0696
1.4958e-06,-4.2145
1.4959e-06,-4.2914
1.496e-06,-4.2343
1.4961e-06,-4.182
1.4962e-06,-4.2874
1.4963e-06,-4.2798
1.4964e-06,-4.1414
1.4965e-06,-4.3547
1.4966e-06,-4.3461
1.4967e-06,-4.2274
1.4968e-06,-4.2277
1.4969e-06,-4.2093
1.497e-06,-4.23
1.4971e-06,-4.195
1.4972e-06,-4.2623
1.4973e-06,-4.3502
1.4974e-06,-4.3931
1.4975e-06,-4.4557
1.4976e-06,-4.398
1.4977e-06,-4.4846
1.4978e-06,-4.5225
1.4979e-06,-4.533
1.498e-06,-4.6831
1.4981e-06,-4.3674
1.4982e-06,-4.5313
1.4983e-06,-4.4114
1.4984e-06,-4.6081
1.4985e-06,-4.4842
1.4986e-06,-4.7167
1.4987e-06,-4.5963
1.4988e-06,-4.6915
1.4989e-06,-4.6091
1.499e-06,-4.4919
1.4991e-06,-4.7562
1.4992e-06,-4.5733
1.4993e-06,-4.7211
1.4994e-06,-4.722
1.4995e-06,-4.8582
1.4996e-06,-4.8318
1.4997e-06,-4.5294
1.4998e-06,-4.6827
1.4999e-06,-4.7405
1.5e-06,-4.7521
1.5001e-06,-4.7895
1.5002e-06,-4.7847
1.5003e-06,-4.9839
1.5004e-06,-5.1046
1.5005e-06,-4.9613
1.5006e-06,-4.7963
1.5007e-06,-5.0303
1.5008e-06,-4.9676
1.5009e-06,-4.7401
1.501e-06,-4.8968
1.5011e-06,-4.997
1.5012e-06,-5.0865
1.5013e-06,-4.8275
1.5014e-06,-4.9821
1.5015e-06,-5.0396
1.5016e-06,-4.9876
1.5017e-06,-5.2522
1.5018e-06,-5.2343
1.5019e-06,-5.2659
1.502e-06,-5.1798
1.5021e-06,-5.1209
1.5022e-06,-5.2716
1.5023e-06,-5.2604
1.5024e-06,-5.1481
1.5025e-06,-5.3082
1.5026e-06,-5.2698
1.5027e-06,-5.1394
1.5028e-06,-5.295
1.5029e-06,-5.2447
1.503e-06,-5.2834
1.5031e-06,-5.1967
1.5032e-06,-5.3869
1.5033e-06,-5.5165
1.5034e-06,-5.4442
1.5035e-06,-5.1971
1.5036e-06,-5.4794
1.5037e-06,-5.4492
1.5038e-06,-5.5834
1.5039e-06,-5.7731
1.504e-06,-5.5427
1.5041e-06,-5.5752
1.5042e-06,-5.4574
1.5043e-06,-5.5859
1.5044e-06,-5.7288
1.5045e-06,-5.4725
1.5046e-06,-5.479
1.5047e-06,-5.6004
1.5048e-06,-5.5255
1.5049e-06,-5.4286
1.505e-06,-5.6276
1.5051e-06,-5.5547
1.5052e-06,-5.5458
1.5053e-06,-5.5198
1.5054e-06,-5.7264
1.5055e-06,-5.8475
1.5056e-06,-5.6768
1.5057e-06,-5.728
1.5058e-06,-5.7209
1.5059e-06,-5.6644
1.506e-06,-5.7641
1.5061e-06,-5.838
1.5062e-06,-5.8029
1.5063e-06,-5.9015
1.5064e-06,-5.8632
1.5065e-06,-5.7772
1.5066e-06,-5.8428
1.5067e-06,-5.7676
1.5068e-06,-5.9751
1.5069e-06,-5.9896
1.507e-06,-5.8256
1.5071e-06,-5.9072
1.5072e-06,-6.0435
1.5073e-06,-5.9514
1.5074e-06,-6.1064
1.5075e-06,-6.0731
1.5076e-06,-6.0413
1.5077e-06,-6.2173
1.5078e-06,-6.1079
1.5079e-06,-5.9912
1.508e-06,-6.0236
1.5081e-06,-6.2012
1.5082e-06,-6.1015
1.5083e-06,-6.2187
1.5084e-06,-6.2515
1.5085e-06,-6.1931
1.5086e-06,-6.19
1.5087e-06,-6.0792
1.5088e-06,-6.1171
1.5089e-06,-6.3931
1.509e-06,-6.291
1.5091e-06,-6.0992
1.5092e-06,-6.1841
1.5093e-06,-6.262
1.5094e-06,-6.2533
1.5095e-06,-6.2246
1.5096e-06,-6.3059
1.5097e-06,-6.1926
1.5098e-06,-6.4347
1.5099e-06,-6.4992
1.51e-06,-6.5851
1.5101e-06,-6.4718
1.5102e-06,-6.3796
1.5103e-06,-6.2764
1.5104e-06,-6.3333
1.5105e-06,-6.4228
1.5106e-06,-6.5478
1.5107e-06,-6.456
1.5108e-06,-6.5784
1.5109e-06,-6.5328
1.511e-06,-6.7783
1.5111e-06,-6.6094
1.5112e-06,-6.5593
1.5113e-06,-6.8225
1.5114e-06,-6.8094
1.5115e-06,-6.5875
1.5116e-06,-6.658
1.5117e-06,-6.6225
1.5118e-06,-6.6453
1.5119e-06,-6.8184
1.512e-06,-6.8393
1.5121e-06,-6.6658
1.5122e-06,-6.6807
1.5123e-06,-6.6591
1.5124e-06,-6.8148
1.5125e-06,-6.8078
1.5126e-06,-6.7768
1.5127e-06,-6.7676
1.5128e-06,-6.6366
1.5129e-06,-6.9455
1.513e-06,-6.6743
1.5131e-06,-6.7841
1.5132e-06,-6.8267
1.5133e-06,-6.7534
1.5134e-06,-6.9373
1.5135e-06,-6.8675
1.5136e-06,-7.0084
1.5137e-06,-7.0763
1.5138e-06,-6.9899
1.5139e-06,-6.8276
1.514e-06,-7.1658
1.5141e-06,-7.052
1.5142e-06,-6.8875
1.5143e-06,-6.8742
1.5144e-06,-6.958
1.5145e-06,-7.1596
1.5146e-06,-7.2154
1.5147e-06,-7.1092
1.5148e-06,-6.9422
1.5149e-06,-7.038
1.515e-06,-7.304
1.5151e-06,-7.224
1.5152e-06,-7.0895
1.5153e-06,-7.2411
1.5154e-06,-7.2001
1.5155e-06,-7.1187
1.5156e-06,-7.1574
1.5157e-06,-7.0799
1.5158e-06,-7.1388
1.5159e-06,-7.2166
1.516e-06,-7.2626
1.5161e-06,-7.1482
1.5162e-06,-7.1639
1.5163e-06,-7.2492
1.5164e-06,-7.1699
1.5165e-06,-7.3547
1.5166e-06,-7.3169
1.5167e-06,-7.3584
1.5168e-06,-7.4442
1.5169e-06,-7.4181
1.517e-06,-7.404
1.5171e-06,-7.3941
1.5172e-06,-7.6759
1.5173e-06,-7.1095
1.5174e-06,-7.4011
1.5175e-06,-7.3914
1.5176e-06,-7.3785
1.5177e-06,-7.1865
1.5178e-06,-7.084
1.5179e-06,-7.331
1.518e-06,-7.6328
1.5181e-06,-7.5651
1.5182e-06,-7.5586
1.5183e-06,-7.4754
1.5184e-06,-7.4871
1.5185e-06,-7.6881
1.5186e-06,-7.682
1.5187e-06,-7.6193
1.5188e-06,-7.6085
1.5189e-06,-7.6211
1.519e-06,-7.6058
1.5191e-06,-7.3947
1.5192e-06,-7.4189
1.5193e-06,-7.5303
1.5194e-06,-7.5648
1.5195e-06,-7.5089
1.5196e-06,-7.5403
1.5197e-06,-7.7503
1.5198e-06,-7.573
1.5199e-06,-7.3971
1.52e-06,-7.55
1.5201e-06,-7.6686
1.5202e-06,-7.3981
1.5203e-06,-7.6543
1.5204e-06,-7.5639
1.5205e-06,-7.4334
1.5206e-06,-7.5931
1.5207e-06,-7.7378
1.5208e-06,-7.6597
1.5209e-06,-7.5394
1.521e-06,-7.8029
1.5211e-06,-7.7629
1.5212e-06,-7.7546
1.5213e-06,-7.8094
1.5214e-06,-7.7158
1.5215e-06,-7.7757
1.5216e-06,-7.825
1.5217e-06,-7.6664
1.5218e-06,-7.7203
1.5219e-06,-7.6334
1.522e-06,-7.8149
1.5221e-06,-7.7038
1.5222e-06,-7.7775
1.5223e-06,-7.7791
1.5224e-06,-7.8948
1.5225e-06,-7.7409
1.5226e-06,-7.8066
1.5227e-06,-7.9432
1.5228e-06,-7.8792
1.5229e-06,-7.7296
1.523e-06,-7.6427
1.5231e-06,-7.8837
1.5232e-06,-7.9233
1.5233e-06,-8.0044
1.5234e-06,-7.8777
1.5235e-06,-7.9002
1.5236e-06,-7.7901
1.5237e-06,-7.9452
1.5238e-06,-7.7945
1.5239e-06,-7.9847
1.524e-06,-7.856
1.5241e-06,-7.9623
1.5242e-06,-7.835
1.5243e-06,-7.9761
1.5244e-06,-7.7836
1.5245e-06,-7.7849
1.5246e-06,-7.9026
1.5247e-06,-7.7211
1.5248e-06,-7.7571
1.5249e-06,-7.94
1.525e-06,-7.9313
1.5251e-06,-7.7528
1.5252e-06,-7.9326
1.5253e-06,-8.0493
1.5254e-06,-8.0118
1.5255e-06,-7.9484
1.5256e-06,-7.9192
1.5257e-06,-7.9307
1.5258e-06,-7.8523
1.5259e-06,-8.0797
1.526e-06,-7.9912
1.5261e-06,-7.9048
1.5262e-06,-7.9056
1.5263e-06,-7.7896
1.5264e-06,-7.9466
1.5265e-06,-7.9916
1.5266e-06,-7.967
1.5267e-06,-8.14
1.5268e-06,-7.95
1.5269e-06,-7.7908
1.527e-06,-7.8483
1.5271e-06,-7.9703
1.5272e-06,-8.0311
1.5273e-06,-7.9767
1.5274e-06,-7.98
1.5275e-06,-7.9144
1.5276e-06,-7.9089
1.5277e-06,-7.8963
1.5278e-06,-8.064
1.5279e-06,-7.9023
1.528e-06,-7.8561
1.5281e-06,-8.0791
1.5282e-06,-7.9135
1.5283e-06,-7.8523
1.5284e-06,-7.8767
1.5285e-06,-7.9098
1.5286e-06,-8.0002
1.5287e-06,-7.9951
1.5288e-06,-7.9576
1.5289e-06,-7.9992
1.529e-06,-7.9486
1.5291e-06,-7.876
1.5292e-06,-7.9378
1.5293e-06,-8.1439
1.5294e-06,-8.1352
1.5295e-06,-7.6854
1.5296e-06,-7.9706
1.5297e-06,-7.8196
1.5298e-06,-7.9445
1.5299e-06,-8.0376
1.53e-06,-7.8202
1.5301e-06,-8.1061
1.5302e-06,-7.9333
1.5303e-06,-7.8419
1.5304e-06,-8.2183
1.5305e-06,-7.9811
1.5306e-06,-8.0274
1.5307e-06,-8.026
1.5308e-06,-8.099
1.5309e-06,-8.131
1.531e-06,-7.6981
1.5311e-06,-7.8535
1.5312e-06,-7.9041
1.5313e-06,-8.1525
1.5314e-06,-8.1784
1.5315e-06,-7.8616
1.5316e-06,-7.9449
1.5317e-06,-7.9331
1.5318e-06,-7.9021
1.5319e-06,-8.1176
1.532e-06,-8.0359
1.5321e-06,-7.877
1.5322e-06,-8.0314
1.5323e-06,-7.6739
1.5324e-06,-7.8248
1.5325e-06,-7.9777
1.5326e-06,-7.6625
1.5327e-06,-7.917
1.5328e-06,-7.8249
1.5329e-06,-7.795
1.533e-06,-7.8827
1.5331e-06,-7.933
1.5332e-06,-7.8517
1.5333e-06,-7.8118
1.5334e-06,-8.0816
1.5335e-06,-7.8268
1.5336e-06,-7.7537
1.5337e-06,-7.934
1.5338e-06,-7.9346
1.5339e-06,-7.7189
1.534e-06,-7.7442
1.5341e-06,-7.784
1.5342e-06,-7.8161
1.5343e-06,-7.7199
1.5344e-06,-8.1707
1.5345e-06,-7.5702
1.5346e-06,-8.0506
1.5347e-06,-7.7311
1.5348e-06,-7.7535
1.5349e-06,-7.8118
1.535e-06,-7.7961
1.5351e-06,-7.7057
1.5352e-06,-7.7729
1.5353e-06,-7.7653
1.5354e-06,-7.7066
1.5355e-06,-7.7608
1.5356e-06,-7.6127
1.5357e-06,-7.7075
1.5358e-06,-7.7064
1.5359e-06,-7.6553
1.536e-06,-7.6571
1.5361e-06,-7.5885
1.5362e-06,-7.8195
1.5363e-06,-7.7847
1.5364e-06,-7.4846
1.5365e-06,-7.4232
1.5366e-06,-7.7532
1.5367e-06,-7.7316
1.5368e-06,-7.6669
1.5369e-06,-7.6751
1.537e-06,-7.4766
1.5371e-06,-7.6192
1.5372e-06,-7.743
1.5373e-06,-7.5734
1.5374e-06,-7.3778
1.5375e-06,-7.5614
1.5376e-06,-7.5186
1.5377e-06,-7.4518
1.5378e-06,-7.5556
1.5379e-06,-7.6528
1.538e-06,-7.5365
1.5381e-06,-7.384
1.5382e-06,-7.4609
1.5383e-06,-7.5072
1.5384e-06,-7.6241
1.5385e-06,-7.5043
1.5386e-06,-7.445
1.5387e-06,-7.5789
1.5388e-06,-7.3636
1.5389e-06,-7.5899
1.539e-06,-7.4953
1.5391e-06,-7.377
1.5392e-06,-7.4652
1.5393e-06,-7.4046
1.5394e-06,-7.3566
1.5395e-06,-7.4235
1.5396e-06,-7.4209
1.5397e-06,-7.2096
1.5398e-06,-7.3368
1.5399e-06,-7.1711
1.54e-06,-7.1067
1.5401e-06,-7.2295
1.5402e-06,-7.4344
1.5403e-06,-7.3347
1.5404e-06,-7.3258
1.5405e-06,-7.3186
1.5406e-06,-7.2024
1.5407e-06,-7.2873
1.5408e-06,-6.9882
1.5409e-06,-7.0809
1.541e-06,-7.2425
1.5411e-06,-7.0868
1.5412e-06,-7.3216
1.5413e-06,-7.1022
1.5414e-06,-7.123
1.5415e-06,-7.0892
1.5416e-06,-7.3042
1.5417e-06,-7.1665
1.5418e-06,-7.0948
1.5419e-06,-7.0253
1.542e-06,-7.0311
1.5421e-06,-6.9732
1.5422e-06,-6.972
1.5423e-06,-7.0782
1.5424e-06,-7.1918
1.5425e-06,-7.3486
1.5426e-06,-7.1489
1.5427e-06,-6.9905
1.5428e-06,-7.0663
1.5429e-06,-6.97
1.543e-06,-6.8137
1.5431e-06,-6.9071
1.5432e-06,-6.9703
1.5433e-06,-7.0734
1.5434e-06,-7.0045
1.5435e-06,-6.8396
1.5436e-06,-7.0678
1.5437e-06,-6.8884
1.5438e-06,-6.8775
1.5439e-06,-6.8415
1.544e-06,-6.9729
1.5441e-06,-6.6927
1.5442e-06,-6.781
1.5443e-06,-6.8392
1.5444e-06,-6.9365
1.5445e-06,-6.8986
1.5446e-06,-6.699
1.5447e-06,-6.699
1.5448e-06,-6.7867
1.5449e-06,-6.8497
1.545e-06,-6.7135
1.5451e-06,-6.5645
1.5452e-06,-6.7882
1.5453e-06,-6.7799
1.5454e-06,-6.8065
1.5455e-06,-6.8707
1.5456e-06,-6.7393
1.5457e-06,-6.848
1.5458e-06,-6.7285
1.5459e-06,-6.6759
1.546e-06,-6.526
1.5461e-06,-6.8457
1.5462e-06,-6.4815
1.5463e-06,-6.3879
1.5464e-06,-6.5925
1.5465e-06,-6.4013
1.5466e-06,-6.5519
1.5467e-06,-6.5434
1.5468e-06,-6.633
1.5469e-06,-6.4634
1.547e-06,-6.3102
1.5471e-06,-6.3845
1.5472e-06,-6.4552
1.5473e-06,-6.5357
1.5474e-06,-6.3808
1.5475e-06,-6.3756
1.5476e-06,-6.2625
1.5477e-06,-6.4133
1.5478e-06,-6.2962
1.5479e-06,-6.4464
1.548e-06,-6.3422
1.5481e-06,-6.3569
1.5482e-06,-6.3648
1.5483e-06,-6.6286
1.5484e-06,-6.3627
1.5485e-06,-6.2867
1.5486e-06,-6.421
1.5487e-06,-6.2172
1.5488e-06,-6.1813
1.5489e-06,-6.4411
1.549e-06,-6.1149
1.5491e-06,-6.3024
1.5492e-06,-6.1873
1.5493e-06,-6.139
1.5494e-06,-6.2208
1.5495e-06,-6.2287
1.5496e-06,-6.329
1.5497e-06,-5.9644
1.5498e-06,-6.3714
1.5499e-06,-6.085
1.55e-06,-6.36
1.5501e-06,-6.0307
1.5502e-06,-5.9905
1.5503e-06,-6.1608
1.5504e-06,-6.0901
1.5505e-06,-5.8846
1.5506e-06,-5.9904
1.5507e-06,-5.9195
1.5508e-06,-6.1527
1.5509e-06,-5.9463
1.551e-06,-5.8241
1.5511e-06,-6.0122
1.5512e-06,-5.9603
1.5513e-06,-5.9276
1.5514e-06,-5.6605
1.5515e-06,-5.8274
1.5516e-06,-5.891
1.5517e-06,-5.905
1.5518e-06,-5.7175
1.5519e-06,-5.7564
1.552e-06,-5.7008
1.5521e-06,-5.6634
1.5522e-06,-5.8246
1.5523e-06,-5.6804
1.5524e-06,-5.7916
1.5525e-06,-5.7688
1.5526e-06,-5.6701
1.5527e-06,-5.752
1.5528e-06,-5.648
1.5529e-06,-5.6469
1.553e-06,-5.7835
1.5531e-06,-5.7978
1.5532e-06,-5.6555
1.5533e-06,-5.5025
1.5534e-06,-5.5057
1.5535e-06,-5.4233
1.5536e-06,-5.7504
1.5537e-06,-5.6099
1.5538e-06,-5.5669
1.5539e-06,-5.6998
1.554e-06,-5.6208
1.5541e-06,-5.4942
1.5542e-06,-5.546
1.5543e-06,-5.6534
1.5544e-06,-5.4592
1.5545e-06,-5.5725
1.5546e-06,-5.4894
1.5547e-06,-5.4293
1.5548e-06,-5.2135
1.5549e-06,-5.6031
1.555e-06,-5.3452
1.5551e-06,-5.5617
1.5552e-06,-5.4899
1.5553e-06,-5.4391
1.5554e-06,-5.1839
1.5555e-06,-5.3338
1.5556e-06,-5.646
1.5557e-06,-5.4239
1.5558e-06,-5.2263
1.5559e-06,-5.3824
1.556e-06,-5.2665
1.5561e-06,-5.259
1.5562e-06,-5.2424
1.5563e-06,-5.219
1.5564e-06,-5.0819
1.5565e-06,-5.1907
1.5566e-06,-5.0785
1.5567e-06,-5.1127
1.5568e-06,-5.2312
1.5569e-06,-5.15
1.557e-06,-5.0853
1.5571e-06,-5.1334
1.5572e-06,-5.0907
1.5573e-06,-4.9457
1.5574e-06,-5.2076
1.5575e-06,-5.0175
1.5576e-06,-5.1792
1.5577e-06,-4.9529
1.5578e-06,-5.0446
1.5579e-06,-5.1453
1.558e-06,-4.8303
1.5581e-06,-4.9288
1.5582e-06,-5.0299
1.5583e-06,-4.8674
1.5584e-06,-5.0018
1.5585e-06,-4.829
1.5586e-06,-4.8767
1.5587e-06,-5.0212
1.5588e-06,-4.8303
1.5589e-06,-5.0115
1.559e-06,-4.9486
1.5591e-06,-4.775
1.5592e-06,-4.8115
1.5593e-06,-4.7163
1.5594e-06,-4.8585
1.5595e-06,-4.865
1.5596e-06,-4.6825
1.5597e-06,-4.7224
1.5598e-06,-4.8121
1.5599e-06,-4.6982
1.56e-06,-4.5408
1.5601e-06,-4.6892
1.5602e-06,-4.6041
1.5603e-06,-4.5158
1.5604e-06,-4.5642
1.5605e-06,-4.495
1.5606e-06,-4.8287
1.5607e-06,-4.5872
1.5608e-06,-4.5342
1.5609e-06,-4.6594
1.561e-06,-4.7726
1.5611e-06,-4.5532
1.5612e-06,-4.4664
1.5613e-06,-4.498
1.5614e-06,-4.4716
1.5615e-06,-4.4633
1.5616e-06,-4.5024
1.5617e-06,-4.4974
1.5618e-06,-4.4866
1.5619e-06,-4.3652
1.562e-06,-4.6183
1.5621e-06,-4.3935
1.5622e-06,-4.3549
1.5623e-06,-4.3838
1.5624e-06,-4.4953
1.5625e-06,-4.3756
1.5626e-06,-4.4442
1.5627e-06,-4.3599
1.5628e-06,-4.3092
1.5629e-06,-4.3779
1.563e-06,-4.5546
1.5631e-06,-4.2545
1.5632e-06,-4.3636
1.5633e-06,-4.2717
1.5634e-06,-4.2096
1.5635e-06,-4.3622
1.5636e-06,-4.3009
1.5637e-06,-4.1024
1.5638e-06,-4.2769
1.5639e-06,-4.1397
1.564e-06,-4.082
1.5641e-06,-4.1622
1.5642e-06,-4.127
1.5643e-06,-4.2493
1.5644e-06,-4.1968
1.5645e-06,-4.2838
1.5646e-06,-4.128
1.5647e-06,-4.2316
1.5648e-06,-4.0715
1.5649e-06,-4.0895
1.565e-06,-4.0537
1.5651e-06,-3.9912
1.5652e-06,-3.9769
1.5653e-06,-3.9724
1.5654e-06,-3.9427
1.5655e-06,-3.9265
1.5656e-06,-3.9208
1.5657e-06,-3.9244
1.5658e-06,-4.0616
1.5659e-06,-4.0297
1.566e-06,-3.8975
1.5661e-06,-3.7149
1.5662e-06,-3.9158
1.5663e-06,-3.655
1.5664e-06,-3.8026
1.5665e-06,-3.9291
1.5666e-06,-3.906
1.5667e-06,-3.7009
1.5668e-06,-3.8152
1.5669e-06,-3.7805
1.567e-06,-3.8344
1.5671e-06,-3.7085
1.5672e-06,-3.7663
1.5673e-06,-3.7168
1.5674e-06,-3.6866
1.5675e-06,-3.7673
1.5676e-06,-3.7168
1.5677e-06,-3.7485
1.5678e-06,-3.7714
1.5679e-06,-3.7711
1.568e-06,-3.6494
1.5681e-06,-3.5721
1.5682e-06,-3.7435
1.5683e-06,-3.619
1.5684e-06,-3.4891
1.5685e-06,-3.5255
1.5686e-06,-3.5796
1.5687e-06,-3.6486
1.5688e-06,-3.4846
1.5689e-06,-3.6474
1.569e-06,-3.4876
1.5691e-06,-3.6247
1.5692e-06,-3.5117
1.5693e-06,-3.2849
1.5694e-06,-3.5835
1.5695e-06,-3.7004
1.5696e-06,-3.2854
1.5697e-06,-3.4813
1.5698e-06,-3.3149
1.5699e-06,-3.5248
1.57e-06,-3.2874
1.5701e-06,-3.3694
1.5702e-06,-3.2526
1.5703e-06,-3.475
1.5704e-06,-3.2069
1.5705e-06,-3.4068
1.5706e-06,-3.3215
1.5707e-06,-3.3849
1.5708e-06,-3.4004
1.5709e-06,-3.2945
1.571e-06,-3.2368
1.5711e-06,-3.3932
1.5712e-06,-3.1846
1.5713e-06,-3.375
1.5714e-06,-3.4901
1.5715e-06,-3.3848
1.5716e-06,-3.2588
1.5717e-06,-3.2852
1.5718e-06,-3.3306
1.5719e-06,-3.2609
1.572e-06,-3.0456
1.5721e-06,-3.128
1.5722e-06,-3.0228
1.5723e-06,-2.9504
1.5724e-06,-3.0182
1.5725e-06,-2.9318
1.5726e-06,-2.8405
1.5727e-06,-3.0669
1.5728e-06,-3.3049
1.5729e-06,-3.219
1.573e-06,-3.0554
1.5731e-06,-3.2989
1.5732e-06,-3.0448
1.5733e-06,-3.0857
1.5734e-06,-3.0036
1.5735e-06,-2.8992
1.5736e-06,-2.994
1.5737e-06,-3.036
1.5738e-06,-2.8797
1.5739e-06,-3.0292
1.574e-06,-2.9629
1.5741e-06,-2.9314
1.5742e-06,-3.0792
1.5743e-06,-2.8182
1.5744e-06,-3.0041
1.5745e-06,-2.9202
1.5746e-06,-2.8651
1.5747e-06,-2.7829
1.5748e-06,-2.8566
1.5749e-06,-2.7101
1.575e-06,-2.8799
1.5751e-06,-2.7177
1.5752e-06,-2.6877
1.5753e-06,-2.783
1.5754e-06,-2.8586
1.5755e-06,-2.8926
1.5756e-06,-2.6876
1.5757e-06,-3.052
1.5758e-06,-2.8858
1.5759e-06,-2.7037
1.576e-06,-2.6668
1.5761e-06,-2.9186
1.5762e-06,-2.535
1.5763e-06,-2.6848
1.5764e-06,-2.6056
1.5765e-06,-2.5972
1.5766e-06,-2.6525
1.5767e-06,-2.8551
1.5768e-06,-2.6478
1.5769e-06,-2.5502
1.577e-06,-2.848
1.5771e-06,-2.5643
1.5772e-06,-2.765
1.5773e-06,-2.5677
1.5774e-06,-2.7008
1.5775e-06,-2.3932
1.5776e-06,-2.5468
1.5777e-06,-2.4363
1.5778e-06,-2.406
1.5779e-06,-2.3343
1.578e-06,-2.4551
1.5781e-06,-2.5045
1.5782e-06,-2.3211
1.5783e-06,-2.2512
1.5784e-06,-2.4935
1.5785e-06,-2.3125
1.5786e-06,-2.4009
1.5787e-06,-2.393
1.5788e-06,-2.3564
1.5789e-06,-2.3353
1.579e-06,-2.4506
1.5791e-06,-2.1352
1.5792e-06,-2.4527
1.5793e-06,-2.3907
1.5794e-06,-2.3545
1.5795e-06,-2.2211
1.5796e-06,-2.2546
1.5797e-06,-2.3258
1.5798e-06,-2.372
1.5799e-06,-2.2882
1.58e-06,-2.1661
1.5801e-06,-2.0234
1.5802e-06,-2.1503
1.5803e-06,-2.1733
1.5804e-06,-2.067
1.5805e-06,-2.2687
1.5806e-06,-2.2957
1.5807e-06,-2.2187
1.5808e-06,-2.2022
1.5809e-06,-2.1976
1.581e-06,-2.2582
1.5811e-06,-2.09
1.5812e-06,-2.2656
1.5813e-06,-2.1302
1.5814e-06,-2.3292
1.5815e-06,-2.2213
1.5816e-06,-2.0716
1.5817e-06,-1.9815
1.5818e-06,-1.9766
1.5819e-06,-2.164
1.582e-06,-1.9209
1.5821e-06,-1.8447
1.5822e-06,-1.9332
1.5823e-06,-2.079
1.5824e-06,-2.0271
1.5825e-06,-2.2342
1.5826e-06,-2.1822
1.5827e-06,-1.9996
1.5828e-06,-1.8784
1.5829e-06,-1.981
1.583e-06,-1.8212
1.5831e-06,-1.7598
1.5832e-06,-1.9496
1.5833e-06,-2.0013
1.5834e-06,-1.9287
1.5835e-06,-1.8534
1.5836e-06,-1.9483
1.5837e-06,-1.8957
1.5838e-06,-1.6662
1.5839e-06,-1.7409
1.584e-06,-1.954
1.5841e-06,-1.964
1.5842e-06,-1.5474
1.5843e-06,-1.8587
1.5844e-06,-1.9092
1.5845e-06,-1.8716
1.5846e-06,-2.0194
1.5847e-06,-1.7194
1.5848e-06,-1.839
1.5849e-06,-1.7628
1.585e-06,-1.6935
1.5851e-06,-1.661
1.5852e-06,-1.5913
1.5853e-06,-1.5023
1.5854e-06,-1.7148
1.5855e-06,-1.5253
1.5856e-06,-1.7774
1.5857e-06,-1.64
1.5858e-06,-1.555
1.5859e-06,-1.7957
1.586e-06,-1.4882
1.5861e-06,-1.622
1.5862e-06,-1.6236
1.5863e-06,-1.6473
1.5864e-06,-1.5125
1.5865e-06,-1.7482
1.5866e-06,-1.5592
1.5867e-06,-1.7154
1.5868e-06,-1.5327
1.5869e-06,-1.8101
1.587e-06,-1.608
1.5871e-06,-1.7307
1.5872e-06,-1.5286
1.5873e-06,-1.3658
1.5874e-06,-1.4646
1.5875e-06,-1.6047
1.5876e-06,-1.6046
1.5877e-06,-1.3926
1.5878e-06,-1.4547
1.5879e-06,-1.4132
1.588e-06,-1.2594
1.5881e-06,-1.354
1.5882e-06,-1.4547
1.5883e-06,-1.4021
1.5884e-06,-1.2237
1.5885e-06,-1.4329
1.5886e-06,-1.3862
1.5887e-06,-1.3774
1.5888e-06,-1.4448
1.5889e-06,-1.4861
1.589e-06,-1.4279
1.5891e-06,-1.2553
1.5892e-06,-1.3483
1.5893e-06,-1.0883
1.5894e-06,-1.1021
1.5895e-06,-1.3249
1.5896e-06,-1.4992
1.5897e-06,-1.228
1.5898e-06,-1.1126
1.5899e-06,-1.0391
1.59e-06,-1.201
1.5901e-06,-1.2986
1.5902e-06,-1.1937
1.5903e-06,-1.2282
1.5904e-06,-1.2398
1.5905e-06,-1.1956
1.5906e-06,-1.1104
1.5907e-06,-0.96749
1.5908e-06,-1.0139
1.5909e-06,-1.0867
1.591e-06,-1.1043
1.5911e-06,-0.99181
1.5912e-06,-1.35
1.5913e-06,-1.1753
1.5914e-06,-1.3449
1.5915e-06,-1.1472
1.5916e-06,-1.1018
1.5917e-06,-1.0836
1.5918e-06,-0.95187
1.5919e-06,-1.0181
1.592e-06,-1.0097
1.5921e-06,-1.145
1.5922e-06,-1.0439
1.5923e-06,-1.0739
1.5924e-06,-0.97914
1.5925e-06,-0.93577
1.5926e-06,-0.85176
1.5927e-06,-0.92843
1.5928e-06,-0.71873
1.5929e-06,-1.1587
1.593e-06,-1.1454
1.5931e-06,-0.87946
1.5932e-06,-1.0821
1.5933e-06,-0.77749
1.5934e-06,-0.86764
1.5935e-06,-0.81622
1.5936e-06,-1.1782
1.5937e-06,-0.85536
1.5938e-06,-0.79747
1.5939e-06,-0.92361
1.594e-06,-0.78013
1.5941e-06,-0.6853
1.5942e-06,-0.93922
1.5943e-06,-0.77989
1.5944e-06,-1.0595
1.5945e-06,-0.84025
1.5946e-06,-0.89695
1.5947e-06,-0.86792
1.5948e-06,-0.74493
1.5949e-06,-0.70347
1.595e-06,-0.85372
1.5951e-06,-0.91465
1.5952e-06,-0.61718
1.5953e-06,-0.74497
1.5954e-06,-0.66891
1.5955e-06,-0.72472
1.5956e-06,-0.79853
1.5957e-06,-0.69208
1.5958e-06,-0.94975
1.5959e-06,-0.59551
1.596e-06,-0.7601
1.5961e-06,-0.60933
1.5962e-06,-0.72218
1.5963e-06,-0.69014
1.5964e-06,-0.73927
1.5965e-06,-0.64163
1.5966e-06,-0.67237
1.5967e-06,-0.72906
1.5968e-06,-0.59915
1.5969e-06,-0.79963
1.597e-06,-0.38905
1.5971e-06,-0.48464
1.5972e-06,-0.6219
1.5973e-06,-0.53943
1.5974e-06,-0.48153
1.5975e-06,-0.39524
1.5976e-06,-0.68001
1.5977e-06,-0.55141
1.5978e-06,-0.56451
1.5979e-06,-0.68898
1.598e-06,-0.50554
1.5981e-06,-0.56481
1.5982e-06,-0.55369
1.5983e-06,-0.5242
1.5984e-06,-0.39916
1.5985e-06,-0.38034
1.5986e-06,-0.5018
1.5987e-06,-0.51673
1.5988e-06,-0.47459
1.5989e-06,-0.54829
1.599e-06,-0.41492
1.5991e-06,-0.36641
1.5992e-06,-0.17744
1.5993e-06,-0.48396
1.5994e-06,-0.35421
1.5995e-06,-0.051384
1.5996e-06,-0.31643
1.5997e-06,-0.29051
1.5998e-06,-0.35336
1.5999e-06,-0.35824
1.6e-06,-0.45291
1.6001e-06,-0.22108
1.6002e-06,-0.5157
1.6003e-06,-0.47879
1.6004e-06,-0.36061
1.6005e-06,-0.11184
1.6006e-06,-0.2703
1.6007e-06,-0.34725
1.6008e-06,-0.37949
1.6009e-06,-0.35607
1.601e-06,-0.23113
1.6011e-06,-0.55318
1.6012e-06,0.011672
1.6013e-06,-0.27381
1.6014e-06,-0.020814
1.6015e-06,-0.0021319
1.6016e-06,-0.0015409
1.6017e-06,-0.38852
1.6018e-06,-0.11562
1.6019e-06,-0.25235
1.602e-06,-0.064997
1.6021e-06,-0.28618
1.6022e-06,-0.23064
1.6023e-06,-0.10088
1.6024e-06,-0.18195
1.6025e-06,-0.12997
1.6026e-06,-0.13473
1.6027e-06,-0.081757
1.6028e-06,-0.3626
1.6029e-06,-0.020524
1.603e-06,-0.24643
1.6031e-06,-0.31733
1.6032e-06,0.018291
1.6033e-06,-0.1729
1.6034e-06,-0.11984
1.6035e-06,-0.14873
1.6036e-06,-0.16235
1.6037e-06,0.11499
1.6038e-06,-0.24323
1.6039e-06,-0.30469
1.604e-06,-0.10892
1.6041e-06,-0.030121
1.6042e-06,0.1254
1.6043e-06,0.010794
1.6044e-06,-0.060953
1.6045e-06,-0.17776
1.6046e-06,-0.03147
1.6047e-06,-0.1547
1.6048e-06,0.046378
1.6049e-06,0.10321
1.605e-06,0.26494
1.6051e-06,0.14335
1.6052e-06,0.2723
1.6053e-06,0.15798
1.6054e-06,0.13579
1.6055e-06,0.25314
1.6056e-06,0.14742
1.6057e-06,0.25189
1.6058e-06,0.15786
1.6059e-06,0.12382
1.606e-06,-0.023162
1.6061e-06,0.059473
1.6062e-06,0.051153
1.6063e-06,0.18715
1.6064e-06,0.23349
1.6065e-06,0.026756
1.6066e-06,0.32802
1.6067e-06,0.48046
1.6068e-06,0.42049
1.6069e-06,0.22741
1.607e-06,0.16112
1.6071e-06,0.09026
1.6072e-06,0.41342
1.6073e-06,0.1613
1.6074e-06,0.10654
1.6075e-06,0.37851
1.6076e-06,0.070439
1.6077e-06,0.25064
1.6078e-06,0.33596
1.6079e-06,0.35531
1.608e-06,0.23132
1.6081e-06,0.46052
1.6082e-06,0.21566
1.6083e-06,0.19165
1.6084e-06,0.23494
1.6085e-06,0.48085
1.6086e-06,0.22763
1.6087e-06,0.25658
1.6088e-06,0.28546
1.6089e-06,0.33022
1.609e-06,0.22582
1.6091e-06,0.44322
1.6092e-06,0.49563
1.6093e-06,0.28793
1.6094e-06,0.36976
1.6095e-06,0.30193
1.6096e-06,0.43685
1.6097e-06,0.53364
1.6098e-06,0.51079
1.6099e-06,0.36288
1.61e-06,0.49371
1.6101e-06,0.31863
1.6102e-06,0.52305
1.6103e-06,0.60359
1.6104e-06,0.29831
1.6105e-06,0.4858
1.6106e-06,0.45484
1.6107e-06,0.46209
1.6108e-06,0.53821
1.6109e-06,0.72573
1.611e-06,0.23175
1.6111e-06,0.25177
1.6112e-06,0.78526
1.6113e-06,0.53146
1.6114e-06,0.36617
1.6115e-06,0.47635
1.6116e-06,0.51952
1.6117e-06,0.33901
1.6118e-06,0.47458
1.6119e-06,0.48498
1.612e-06,0.69461
1.6121e-06,0.56379
1.6122e-06,0.48691
1.6123e-06,0.65358
1.6124e-06,0.74695
1.6125e-06,0.60387
1.6126e-06,0.68921
1.6127e-06,0.66571
1.6128e-06,0.4171
1.6129e-06,0.56209
1.613e-06,0.68466
1.6131e-06,0.73709
1.6132e-06,0.56811
1.6133e-06,0.64081
1.6134e-06,0.48645
1.6135e-06,0.73422
1.6136e-06,0.63005
1.6137e-06,0.58049
1.6138e-06,0.73394
1.6139e-06,0.6561
1.614e-06,0.6578
1.6141e-06,0.69025
1.6142e-06,0.77893
1.6143e-06,0.65529
1.6144e-06,0.68753
1.6145e-06,0.68417
1.6146e-06,0.82151
1.6147e-06,0.77109
1.6148e-06,0.91885
1.6149e-06,0.75918
1.615e-06,0.7295
1.6151e-06,0.78778
1.6152e-06,0.93387
1.6153e-06,0.76723
1.6154e-06,0.94869
1.6155e-06,0.82426
1.6156e-06,0.83946
1.6157e-06,0.91481
1.6158e-06,0.68858
1.6159e-06,0.70421
1.616e-06,0.80317
1.6161e-06,0.65107
1.6162e-06,0.88541
1.6163e-06,0.85144
1.6164e-06,0.83643
1.6165e-06,0.83668
1.6166e-06,0.89797
1.6167e-06,1.0813
1.6168e-06,0.77319
1.6169e-06,0.94169
1.617e-06,0.96631
1.6171e-06,0.72454
1.6172e-06,0.88228
1.6173e-06,1.0797
1.6174e-06,0.89873
1.6175e-06,0.75825
1.6176e-06,1.0778
1.6177e-06,0.73181
1.6178e-06,0.78528
1.6179e-06,0.88088
1.618e-06,0.93016
1.6181e-06,1.0743
1.6182e-06,1.1362
1.6183e-06,0.91706
1.6184e-06,0.89584
1.6185e-06,1.1255
1.6186e-06,0.89376
1.6187e-06,1.0552
1.6188e-06,1.2204
1.6189e-06,0.93212
1.619e-06,1.3355
1.6191e-06,1.3672
1.6192e-06,1.2423
1.6193e-06,1.2131
1.6194e-06,1.1971
1.6195e-06,1.0741
1.6196e-06,1.1283
1.6197e-06,1.1131
1.6198e-06,0.8114
1.6199e-06,1.021
1.62e-06,0.99902
1.6201e-06,0.96311
1.6202e-06,1.1087
1.6203e-06,1.1473
1.6204e-06,1.3622
1.6205e-06,1.0068
1.6206e-06,1.1614
1.6207e-06,1.0875
1.6208e-06,1.3532
1.6209e-06,1.1898
1.621e-06,1.2413
1.6211e-06,1.2611
1.6212e-06,1.1677
1.6213e-06,1.0137
1.6214e-06,1.2226
1.6215e-06,1.1622
1.6216e-06,1.2541
1.6217e-06,1.2787
1.6218e-06,1.3302
1.6219e-06,1.1607
1.622e-06,1.1982
1.6221e-06,1.2488
1.6222e-06,1.4347
1.6223e-06,1.0383
1.6224e-06,1.3818
1.6225e-06,1.4532
1.6226e-06,0.99221
1.6227e-06,1.3074
1.6228e-06,1.0796
1.6229e-06,1.155
1.623e-06,1.3105
1.6231e-06,1.289
1.6232e-06,1.3575
1.6233e-06,1.284
1.6234e-06,1.4818
1.6235e-06,1.3858
1.6236e-06,1.3779
1.6237e-06,1.2393
1.6238e-06,1.342
1.6239e-06,1.4847
1.624e-06,1.1476
1.6241e-06,1.3263
1.6242e-06,1.1911
1.6243e-06,1.2915
1.6244e-06,1.6897
1.6245e-06,1.4073
1.6246e-06,1.3052
1.6247e-06,1.3802
1.6248e-06,1.2563
1.6249e-06,1.3864
1.625e-06,1.2645
1.6251e-06,1.3615
1.6252e-06,1.2632
1.6253e-06,1.4456
1.6254e-06,1.5722
1.6255e-06,1.2262
1.6256e-06,1.2389
1.6257e-06,1.5275
1.6258e-06,1.4277
1.6259e-06,1.4228
1.626e-06,1.6729
1.6261e-06,1.4377
1.6262e-06,1.4876
1.6263e-06,1.4937
1.6264e-06,1.6252
1.6265e-06,1.4992
1.6266e-06,1.5254
1.6267e-06,1.6366
1.6268e-06,1.7334
1.6269e-06,1.4851
1.627e-06,1.7784
1.6271e-06,1.3641
1.6272e-06,1.5374
1.6273e-06,1.5632
1.6274e-06,1.4917
1.6275e-06,1.5902
1.6276e-06,1.5821
1.6277e-06,1.7605
1.6278e-06,1.576
1.6279e-06,1.6339
1.628e-06,1.7006
1.6281e-06,1.6039
1.6282e-06,1.8516
1.6283e-06,1.5638
1.6284e-06,1.4512
1.6285e-06,1.4253
1.6286e-06,1.4004
1.6287e-06,1.6913
1.6288e-06,1.3577
1.6289e-06,1.8097
1.629e-06,1.2979
1.6291e-06,1.5417
1.6292e-06,1.7125
1.6293e-06,1.6457
1.6294e-06,1.9026
1.6295e-06,1.5894
1.6296e-06,1.5331
1.6297e-06,1.3005
1.6298e-06,1.7043
1.6299e-06,1.4256
1.63e-06,1.71
1.6301e-06,1.7809
1.6302e-06,1.722
1.6303e-06,1.7328
1.6304e-06,1.8446
1.6305e-06,1.7902
1.6306e-06,1.3752
1.6307e-06,1.7788
1.6308e-06,1.5975
1.6309e-06,1.6937
1.631e-06,1.5461
1.6311e-06,1.9033
1.6312e-06,1.7864
1.6313e-06,2.0405
1.6314e-06,1.6783
1.6315e-06,1.9869
1.6316e-06,1.6556
1.6317e-06,1.7588
1.6318e-06,1.5645
1.6319e-06,1.8311
1.632e-06,1.7582
1.6321e-06,1.8033
1.6322e-06,1.789
1.6323e-06,1.8495
1.6324e-06,1.8831
1.6325e-06,1.833
1.6326e-06,1.7851
1.6327e-06,2.1261
1.6328e-06,1.8647
1.6329e-06,1.8921
1.633e-06,2.1872
1.6331e-06,1.8345
1.6332e-06,1.9708
1.6333e-06,1.9257
1.6334e-06,2.0544
1.6335e-06,1.9467
1.6336e-06,2.0499
1.6337e-06,2.1736
1.6338e-06,2.0777
1.6339e-06,1.8704
1.634e-06,2.0896
1.6341e-06,2.1005
1.6342e-06,1.895
1.6343e-06,1.9127
1.6344e-06,1.9726
1.6345e-06,1.9225
1.6346e-06,2.0946
1.6347e-06,2.0695
1.6348e-06,2.06
1.6349e-06,1.8383
1.635e-06,1.9957
1.6351e-06,2.0223
1.6352e-06,1.97
1.6353e-06,2.1651
1.6354e-06,1.892
1.6355e-06,1.9802
1.6356e-06,1.9448
1.6357e-06,1.8657
1.6358e-06,1.9725
1.6359e-06,1.8794
1.636e-06,1.9531
1.6361e-06,1.8662
1.6362e-06,1.9209
1.6363e-06,1.8981
1.6364e-06,2.1437
1.6365e-06,2.0126
1.6366e-06,2.1887
1.6367e-06,2.0337
1.6368e-06,2.1476
1.6369e-06,2.1084
1.637e-06,1.905
1.6371e-06,2.0563
1.6372e-06,2.0454
1.6373e-06,2.1667
1.6374e-06,2.0293
1.6375e-06,1.9539
1.6376e-06,2.0611
1.6377e-06,2.0707
1.6378e-06,2.13
1.6379e-06,2.1525
1.638e-06,2.4291
1.6381e-06,2.1625
1.6382e-06,1.9773
1.6383e-06,2.2393
1.6384e-06,2.0718
1.6385e-06,2.3005
1.6386e-06,2.4652
1.6387e-06,2.1117
1.6388e-06,2.2668
1.6389e-06,2.2962
1.639e-06,2.1947
1.6391e-06,2.3255
1.6392e-06,2.1261
1.6393e-06,2.176
1.6394e-06,2.2988
1.6395e-06,2.331
1.6396e-06,2.3804
1.6397e-06,2.4064
1.6398e-06,2.2381
1.6399e-06,2.247
1.64e-06,2.3496
1.6401e-06,2.29
1.6402e-06,2.4359
1.6403e-06,2.5838
1.6404e-06,2.4682
1.6405e-06,2.3577
1.6406e-06,2.1752
1.6407e-06,2.3953
1.6408e-06,2.3279
1.6409e-06,2.3107
1.641e-06,2.5221
1.6411e-06,2.4208
1.6412e-06,2.331
1.6413e-06,2.4309
1.6414e-06,2.3979
1.6415e-06,2.3136
1.6416e-06,2.2733
1.6417e-06,2.3623
1.6418e-06,2.397
1.6419e-06,2.408
1.642e-06,2.3747
1.6421e-06,2.1271
1.6422e-06,2.4716
1.6423e-06,2.2729
1.6424e-06,2.3263
1.6425e-06,2.6542
1.6426e-06,2.4012
1.6427e-06,2.3844
1.6428e-06,2.4022
1.6429e-06,2.4209
1.643e-06,2.355
1.6431e-06,2.2938
1.6432e-06,2.4098
1.6433e-06,2.5085
1.6434e-06,2.248
1.6435e-06,2.4069
1.6436e-06,2.4695
1.6437e-06,2.4415
1.6438e-06,2.3393
1.6439e-06,2.2791
1.644e-06,2.5741
1.6441e-06,2.3266
1.6442e-06,2.5209
1.6443e-06,2.4384
1.6444e-06,2.5224
1.6445e-06,2.4125
1.6446e-06,2.7472
1.6447e-06,2.474
1.6448e-06,2.3813
1.6449e-06,2.1745
1.645e-06,2.5578
1.6451e-06,2.668
1.6452e-06,2.2463
1.6453e-06,2.4856
1.6454e-06,2.4483
1.6455e-06,2.5469
1.6456e-06,2.52
1.6457e-06,2.5549
1.6458e-06,2.6224
1.6459e-06,2.3753
1.646e-06,2.5615
1.6461e-06,2.5348
1.6462e-06,2.4482
1.6463e-06,2.4352
1.6464e-06,2.4528
1.6465e-06,2.4925
1.6466e-06,2.8311
1.6467e-06,2.6489
1.6468e-06,2.6514
1.6469e-06,2.7007
1.647e-06,2.6586
1.6471e-06,2.6335
1.6472e-06,2.6672
1.6473e-06,2.9658
1.6474e-06,2.552
1.6475e-06,2.6122
1.6476e-06,2.8297
1.6477e-06,2.4403
1.6478e-06,2.848
1.6479e-06,2.5913
1.648e-06,2.4398
1.6481e-06,2.6334
1.6482e-06,2.5724
1.6483e-06,2.5409
1.6484e-06,2.8357
1.6485e-06,2.6946
1.6486e-06,2.7425
1.6487e-06,2.489
1.6488e-06,2.657
1.6489e-06,2.6853
1.649e-06,2.6476
1.6491e-06,2.9269
1.6492e-06,2.6435
1.6493e-06,2.8999
1.6494e-06,3.0222
1.6495e-06,2.8075
1.6496e-06,2.7312
1.6497e-06,2.7287
1.6498e-06,2.5725
1.6499e-06,2.7335
1.65e-06,2.9142
