1.35e-06,8.357
1.3501e-06,8.4287
1.3502e-06,8.4422
1.3503e-06,8.4144
1.3504e-06,8.4034
1.3505e-06,8.3351
1.3506e-06,8.2999
1.3507e-06,8.4229
1.3508e-06,8.5613
1.3509e-06,8.4437
1.351e-06,8.441
1.3511e-06,8.4129
1.3512e-06,8.4057
1.3513e-06,8.4733
1.3514e-06,8.4863
1.3515e-06,8.3721
1.3516e-06,8.4518
1.3517e-06,8.3122
1.3518e-06,8.3604
1.3519e-06,8.4197
1.352e-06,8.3338
1.3521e-06,8.3907
1.3522e-06,8.385
1.3523e-06,8.4858
1.3524e-06,8.3199
1.3525e-06,8.3112
1.3526e-06,8.1755
1.3527e-06,8.2498
1.3528e-06,8.2084
1.3529e-06,8.3944
1.353e-06,8.3829
1.3531e-06,8.2563
1.3532e-06,8.152
1.3533e-06,8.3064
1.3534e-06,8.2434
1.3535e-06,8.2801
1.3536e-06,8.3693
1.3537e-06,8.2367
1.3538e-06,8.262
1.3539e-06,8.1989
1.354e-06,8.2636
1.3541e-06,8.2871
1.3542e-06,8.1709
1.3543e-06,8.1773
1.3544e-06,8.1541
1.3545e-06,8.2472
1.3546e-06,8.0946
1.3547e-06,8.1828
1.3548e-06,8.2162
1.3549e-06,8.1119
1.355e-06,8.1295
1.3551e-06,8.2536
1.3552e-06,8.1436
1.3553e-06,8.2213
1.3554e-06,8.1405
1.3555e-06,8.2008
1.3556e-06,8.1543
1.3557e-06,8.0686
1.3558e-06,8.1598
1.3559e-06,8.238
1.356e-06,8.1903
1.3561e-06,8.291
1.3562e-06,8.2286
1.3563e-06,8.2671
1.3564e-06,8.068
1.3565e-06,8.2318
1.3566e-06,8.2657
1.3567e-06,8.1122
1.3568e-06,8.2067
1.3569e-06,8.1699
1.357e-06,8.2383
1.3571e-06,8.1449
1.3572e-06,8.1031
1.3573e-06,8.0977
1.3574e-06,8.0702
1.3575e-06,8.1758
1.3576e-06,8.0738
1.3577e-06,8.024
1.3578e-06,8.1358
1.3579e-06,8.2208
1.358e-06,8.0108
1.3581e-06,8.0632
1.3582e-06,8.1411
1.3583e-06,8.1722
1.3584e-06,8.0093
1.3585e-06,8.0453
1.3586e-06,8.0497
1.3587e-06,8.0421
1.3588e-06,8.0811
1.3589e-06,8.0717
1.359e-06,8.0553
1.3591e-06,7.901
1.3592e-06,8.0015
1.3593e-06,7.9902
1.3594e-06,8.0617
1.3595e-06,7.8631
1.3596e-06,8.0101
1.3597e-06,8.1823
1.3598e-06,7.8523
1.3599e-06,8.1051
1.36e-06,7.9647
1.3601e-06,7.9552
1.3602e-06,7.8533
1.3603e-06,7.8301
1.3604e-06,7.9198
1.3605e-06,7.9135
1.3606e-06,7.9363
1.3607e-06,7.9824
1.3608e-06,7.9758
1.3609e-06,7.9833
1.361e-06,7.8996
1.3611e-06,7.9321
1.3612e-06,7.8558
1.3613e-06,7.7954
1.3614e-06,7.9856
1.3615e-06,7.8837
1.3616e-06,7.7621
1.3617e-06,7.802
1.3618e-06,7.9523
1.3619e-06,8.0736
1.362e-06,7.8751
1.3621e-06,7.9387
1.3622e-06,7.937
1.3623e-06,7.8754
1.3624e-06,7.9946
1.3625e-06,7.9133
1.3626e-06,7.8213
1.3627e-06,7.9014
1.3628e-06,7.9525
1.3629e-06,7.9193
1.363e-06,7.9189
1.3631e-06,7.8917
1.3632e-06,7.7749
1.3633e-06,7.9028
1.3634e-06,7.8409
1.3635e-06,7.9874
1.3636e-06,7.893
1.3637e-06,7.9195
1.3638e-06,8.0128
1.3639e-06,7.8139
1.364e-06,7.7291
1.3641e-06,7.8181
1.3642e-06,7.8841
1.3643e-06,7.9108
1.3644e-06,7.7831
1.3645e-06,7.8037
1.3646e-06,7.7139
1.3647e-06,7.8015
1.3648e-06,7.8318
1.3649e-06,7.7347
1.365e-06,7.7954
1.3651e-06,7.784
1.3652e-06,7.9101
1.3653e-06,7.76
1.3654e-06,7.731
1.3655e-06,7.812
1.3656e-06,7.7035
1.3657e-06,7.6235
1.3658e-06,7.6144
1.3659e-06,7.7999
1.366e-06,7.729
1.3661e-06,7.7354
1.3662e-06,7.7436
1.3663e-06,7.6426
1.3664e-06,7.8787
1.3665e-06,7.7064
1.3666e-06,7.7871
1.3667e-06,7.6968
1.3668e-06,7.6957
1.3669e-06,7.6123
1.367e-06,7.686
1.3671e-06,7.7052
1.3672e-06,7.7537
1.3673e-06,7.703
1.3674e-06,7.6089
1.3675e-06,7.6034
1.3676e-06,7.7958
1.3677e-06,7.7388
1.3678e-06,7.6934
1.3679e-06,7.7271
1.368e-06,7.7311
1.3681e-06,7.7107
1.3682e-06,7.6599
1.3683e-06,7.7367
1.3684e-06,7.6662
1.3685e-06,7.6838
1.3686e-06,7.5115
1.3687e-06,7.5349
1.3688e-06,7.4835
1.3689e-06,7.5528
1.369e-06,7.7496
1.3691e-06,7.6748
1.3692e-06,7.6434
1.3693e-06,7.6528
1.3694e-06,7.5187
1.3695e-06,7.7242
1.3696e-06,7.6396
1.3697e-06,7.5784
1.3698e-06,7.6223
1.3699e-06,7.574
1.37e-06,7.6885
1.3701e-06,7.5403
1.3702e-06,7.6072
1.3703e-06,7.6077
1.3704e-06,7.5134
1.3705e-06,7.6163
1.3706e-06,7.6585
1.3707e-06,7.5908
1.3708e-06,7.4203
1.3709e-06,7.5291
1.371e-06,7.5893
1.3711e-06,7.6615
1.3712e-06,7.4808
1.3713e-06,7.5398
1.3714e-06,7.5003
1.3715e-06,7.5502
1.3716e-06,7.4465
1.3717e-06,7.4945
1.3718e-06,7.6916
1.3719e-06,7.575
1.372e-06,7.4714
1.3721e-06,7.5086
1.3722e-06,7.4829
1.3723e-06,7.5763
1.3724e-06,7.3583
1.3725e-06,7.4321
1.3726e-06,7.5086
1.3727e-06,7.3675
1.3728e-06,7.468
1.3729e-06,7.3883
1.373e-06,7.3855
1.3731e-06,7.4569
1.3732e-06,7.4805
1.3733e-06,7.3376
1.3734e-06,7.4908
1.3735e-06,7.3948
1.3736e-06,7.3967
1.3737e-06,7.4141
1.3738e-06,7.4413
1.3739e-06,7.4185
1.374e-06,7.5081
1.3741e-06,7.4101
1.3742e-06,7.3011
1.3743e-06,7.4678
1.3744e-06,7.4601
1.3745e-06,7.3259
1.3746e-06,7.3926
1.3747e-06,7.4019
1.3748e-06,7.2775
1.3749e-06,7.4005
1.375e-06,7.3346
1.3751e-06,7.3947
1.3752e-06,7.3596
1.3753e-06,7.3617
1.3754e-06,7.3336
1.3755e-06,7.2955
1.3756e-06,7.2017
1.3757e-06,7.3346
1.3758e-06,7.42
1.3759e-06,7.3484
1.376e-06,7.305
1.3761e-06,7.2303
1.3762e-06,7.3957
1.3763e-06,7.3728
1.3764e-06,7.1942
1.3765e-06,7.2872
1.3766e-06,7.4006
1.3767e-06,7.2902
1.3768e-06,7.2444
1.3769e-06,7.3953
1.377e-06,7.238
1.3771e-06,7.1352
1.3772e-06,7.3016
1.3773e-06,7.3925
1.3774e-06,7.1986
1.3775e-06,7.2169
1.3776e-06,7.2641
1.3777e-06,7.1865
1.3778e-06,7.2164
1.3779e-06,7.3028
1.378e-06,7.3108
1.3781e-06,7.0872
1.3782e-06,7.0975
1.3783e-06,7.1632
1.3784e-06,7.1301
1.3785e-06,7.1935
1.3786e-06,7.21
1.3787e-06,7.2226
1.3788e-06,7.113
1.3789e-06,7.1235
1.379e-06,7.0259
1.3791e-06,7.1646
1.3792e-06,7.29
1.3793e-06,7.2339
1.3794e-06,7.1008
1.3795e-06,7.1371
1.3796e-06,7.1802
1.3797e-06,7.2274
1.3798e-06,7.1809
1.3799e-06,7.0611
1.38e-06,7.0356
1.3801e-06,7.297
1.3802e-06,6.9803
1.3803e-06,7.1806
1.3804e-06,7.1143
1.3805e-06,7.0788
1.3806e-06,7.139
1.3807e-06,7.0235
1.3808e-06,7.1521
1.3809e-06,7.0313
1.381e-06,7.0472
1.3811e-06,6.9728
1.3812e-06,7.156
1.3813e-06,7.0411
1.3814e-06,7.0567
1.3815e-06,7.0476
1.3816e-06,7.0445
1.3817e-06,7.0137
1.3818e-06,7.0741
1.3819e-06,7.0375
1.382e-06,6.9298
1.3821e-06,6.9203
1.3822e-06,6.9364
1.3823e-06,6.9062
1.3824e-06,6.8844
1.3825e-06,6.8836
1.3826e-06,7.0246
1.3827e-06,6.9457
1.3828e-06,7.0385
1.3829e-06,6.8146
1.383e-06,7.1029
1.3831e-06,6.8273
1.3832e-06,6.92
1.3833e-06,6.9564
1.3834e-06,6.9609
1.3835e-06,7.0505
1.3836e-06,6.9556
1.3837e-06,6.8874
1.3838e-06,6.9588
1.3839e-06,6.8149
1.384e-06,7.0048
1.3841e-06,6.7492
1.3842e-06,6.7832
1.3843e-06,6.8803
1.3844e-06,6.7519
1.3845e-06,6.8881
1.3846e-06,7.0323
1.3847e-06,6.8427
1.3848e-06,6.904
1.3849e-06,6.9422
1.385e-06,6.8906
1.3851e-06,6.8939
1.3852e-06,7.1172
1.3853e-06,6.9627
1.3854e-06,6.9133
1.3855e-06,6.9541
1.3856e-06,6.9465
1.3857e-06,6.9538
1.3858e-06,6.7143
1.3859e-06,6.8268
1.386e-06,6.7663
1.3861e-06,6.7054
1.3862e-06,6.6518
1.3863e-06,6.8462
1.3864e-06,6.6942
1.3865e-06,6.7047
1.3866e-06,6.7407
1.3867e-06,6.903
1.3868e-06,6.717
1.3869e-06,6.7061
1.387e-06,6.7786
1.3871e-06,6.6759
1.3872e-06,6.7902
1.3873e-06,6.882
1.3874e-06,6.6728
1.3875e-06,6.7715
1.3876e-06,6.8001
1.3877e-06,6.6765
1.3878e-06,6.6819
1.3879e-06,6.8767
1.388e-06,6.7863
1.3881e-06,6.6947
1.3882e-06,6.713
1.3883e-06,6.7356
1.3884e-06,6.7742
1.3885e-06,6.6909
1.3886e-06,6.7625
1.3887e-06,6.7192
1.3888e-06,6.8126
1.3889e-06,6.5466
1.389e-06,6.5149
1.3891e-06,6.5657
1.3892e-06,6.7839
1.3893e-06,6.8064
1.3894e-06,6.5742
1.3895e-06,6.702
1.3896e-06,6.5286
1.3897e-06,6.6427
1.3898e-06,6.5798
1.3899e-06,6.5573
1.39e-06,6.608
1.3901e-06,6.5771
1.3902e-06,6.6763
1.3903e-06,6.6072
1.3904e-06,6.5802
1.3905e-06,6.6415
1.3906e-06,6.6133
1.3907e-06,6.6906
1.3908e-06,6.8208
1.3909e-06,6.4726
1.391e-06,6.5201
1.3911e-06,6.7435
1.3912e-06,6.5394
1.3913e-06,6.5678
1.3914e-06,6.358
1.3915e-06,6.3483
1.3916e-06,6.6912
1.3917e-06,6.6215
1.3918e-06,6.4045
1.3919e-06,6.5447
1.392e-06,6.5179
1.3921e-06,6.4249
1.3922e-06,6.5399
1.3923e-06,6.5351
1.3924e-06,6.5695
1.3925e-06,6.5978
1.3926e-06,6.5318
1.3927e-06,6.4266
1.3928e-06,6.5263
1.3929e-06,6.4925
1.393e-06,6.3465
1.3931e-06,6.533
1.3932e-06,6.5809
1.3933e-06,6.6264
1.3934e-06,6.4452
1.3935e-06,6.4559
1.3936e-06,6.3613
1.3937e-06,6.485
1.3938e-06,6.4015
1.3939e-06,6.4054
1.394e-06,6.4451
1.3941e-06,6.4218
1.3942e-06,6.511
1.3943e-06,6.415
1.3944e-06,6.3698
1.3945e-06,6.3982
1.3946e-06,6.3011
1.3947e-06,6.341
1.3948e-06,6.494
1.3949e-06,6.2756
1.395e-06,6.2902
1.3951e-06,6.4056
1.3952e-06,6.3569
1.3953e-06,6.2994
1.3954e-06,6.3437
1.3955e-06,6.3959
1.3956e-06,6.3378
1.3957e-06,6.3758
1.3958e-06,6.4877
1.3959e-06,6.3425
1.396e-06,6.2916
1.3961e-06,6.3653
1.3962e-06,6.334
1.3963e-06,6.263
1.3964e-06,6.2496
1.3965e-06,6.1816
1.3966e-06,6.1959
1.3967e-06,6.2507
1.3968e-06,6.3424
1.3969e-06,6.2294
1.397e-06,6.1639
1.3971e-06,6.1355
1.3972e-06,6.1021
1.3973e-06,6.2107
1.3974e-06,6.1221
1.3975e-06,6.2921
1.3976e-06,6.0469
1.3977e-06,6.2199
1.3978e-06,6.3173
1.3979e-06,6.1822
1.398e-06,6.3144
1.3981e-06,6.3513
1.3982e-06,6.1973
1.3983e-06,6.1659
1.3984e-06,6.2844
1.3985e-06,6.116
1.3986e-06,6.128
1.3987e-06,5.9956
1.3988e-06,6.0791
1.3989e-06,6.0536
1.399e-06,6.1719
1.3991e-06,6.0468
1.3992e-06,6.1213
1.3993e-06,6.0712
1.3994e-06,6.1264
1.3995e-06,6.2479
1.3996e-06,6.1031
1.3997e-06,6.23
1.3998e-06,6.1319
1.3999e-06,6.1021
1.4e-06,6.0372
1.4001e-06,6.0048
1.4002e-06,6.0286
1.4003e-06,5.8976
1.4004e-06,6.0089
1.4005e-06,6.029
1.4006e-06,5.9804
1.4007e-06,6.2054
1.4008e-06,6.0197
1.4009e-06,6.0712
1.401e-06,5.9452
1.4011e-06,5.8502
1.4012e-06,5.8935
1.4013e-06,5.9813
1.4014e-06,5.9581
1.4015e-06,5.8604
1.4016e-06,5.9756
1.4017e-06,5.9442
1.4018e-06,5.9913
1.4019e-06,6.0094
1.402e-06,5.9238
1.4021e-06,5.852
1.4022e-06,5.9611
1.4023e-06,5.9231
1.4024e-06,5.8973
1.4025e-06,6.0125
1.4026e-06,5.8733
1.4027e-06,5.8203
1.4028e-06,5.8693
1.4029e-06,6.0518
1.403e-06,5.8588
1.4031e-06,5.8736
1.4032e-06,6.0013
1.4033e-06,5.8688
1.4034e-06,5.9654
1.4035e-06,5.7954
1.4036e-06,5.8051
1.4037e-06,5.8627
1.4038e-06,5.9525
1.4039e-06,5.9557
1.404e-06,5.9674
1.4041e-06,5.8725
1.4042e-06,5.7185
1.4043e-06,5.8713
1.4044e-06,5.8273
1.4045e-06,5.8367
1.4046e-06,5.7425
1.4047e-06,5.8399
1.4048e-06,5.798
1.4049e-06,5.7708
1.405e-06,5.7986
1.4051e-06,5.678
1.4052e-06,5.8086
1.4053e-06,5.7255
1.4054e-06,5.8023
1.4055e-06,5.7571
1.4056e-06,5.6316
1.4057e-06,5.5233
1.4058e-06,5.7788
1.4059e-06,5.7118
1.406e-06,5.6718
1.4061e-06,5.6116
1.4062e-06,5.6504
1.4063e-06,5.5872
1.4064e-06,5.6284
1.4065e-06,5.7569
1.4066e-06,5.7338
1.4067e-06,5.6596
1.4068e-06,5.8446
1.4069e-06,5.6256
1.407e-06,5.615
1.4071e-06,5.556
1.4072e-06,5.6527
1.4073e-06,5.5733
1.4074e-06,5.5113
1.4075e-06,5.5435
1.4076e-06,5.6069
1.4077e-06,5.6628
1.4078e-06,5.4771
1.4079e-06,5.6611
1.408e-06,5.6298
1.4081e-06,5.5109
1.4082e-06,5.4455
1.4083e-06,5.4786
1.4084e-06,5.6193
1.4085e-06,5.4833
1.4086e-06,5.6691
1.4087e-06,5.4715
1.4088e-06,5.5394
1.4089e-06,5.5858
1.409e-06,5.3622
1.4091e-06,5.5243
1.4092e-06,5.6185
1.4093e-06,5.4622
1.4094e-06,5.3326
1.4095e-06,5.4598
1.4096e-06,5.4424
1.4097e-06,5.641
1.4098e-06,5.4419
1.4099e-06,5.4143
1.41e-06,5.3558
1.4101e-06,5.3141
1.4102e-06,5.4495
1.4103e-06,5.2797
1.4104e-06,5.4066
1.4105e-06,5.5381
1.4106e-06,5.4279
1.4107e-06,5.3579
1.4108e-06,5.4829
1.4109e-06,5.4929
1.411e-06,5.4727
1.4111e-06,5.2538
1.4112e-06,5.4603
1.4113e-06,5.4744
1.4114e-06,5.3233
1.4115e-06,5.2753
1.4116e-06,5.2959
1.4117e-06,5.3804
1.4118e-06,5.3066
1.4119e-06,5.445
1.412e-06,5.3181
1.4121e-06,5.3506
1.4122e-06,5.3282
1.4123e-06,5.2497
1.4124e-06,5.3115
1.4125e-06,5.1398
1.4126e-06,5.323
1.4127e-06,5.1847
1.4128e-06,5.3658
1.4129e-06,5.1749
1.413e-06,5.2312
1.4131e-06,5.1937
1.4132e-06,5.2138
1.4133e-06,5.2671
1.4134e-06,5.261
1.4135e-06,5.1854
1.4136e-06,5.2444
1.4137e-06,5.2234
1.4138e-06,5.1893
1.4139e-06,5.2262
1.414e-06,5.1253
1.4141e-06,5.2025
1.4142e-06,5.1596
1.4143e-06,5.1742
1.4144e-06,5.2103
1.4145e-06,5.1328
1.4146e-06,5.2213
1.4147e-06,5.2029
1.4148e-06,4.9724
1.4149e-06,5.1314
1.415e-06,5.0861
1.4151e-06,5.1444
1.4152e-06,5.1532
1.4153e-06,5.1536
1.4154e-06,5.0148
1.4155e-06,5.1643
1.4156e-06,5.1179
1.4157e-06,5.104
1.4158e-06,5.1837
1.4159e-06,5.0572
1.416e-06,5.1205
1.4161e-06,5.0874
1.4162e-06,4.9833
1.4163e-06,5.097
1.4164e-06,4.9764
1.4165e-06,5.0751
1.4166e-06,4.9272
1.4167e-06,5.0774
1.4168e-06,4.8723
1.4169e-06,5.0525
1.417e-06,5.012
1.4171e-06,5.1321
1.4172e-06,5.0196
1.4173e-06,5.0172
1.4174e-06,5.0483
1.4175e-06,4.9074
1.4176e-06,5.0511
1.4177e-06,4.966
1.4178e-06,4.8525
1.4179e-06,4.8932
1.418e-06,4.9664
1.4181e-06,5.077
1.4182e-06,5.0197
1.4183e-06,4.9202
1.4184e-06,4.9279
1.4185e-06,4.95
1.4186e-06,4.9226
1.4187e-06,4.8669
1.4188e-06,4.8203
1.4189e-06,4.8615
1.419e-06,5.0041
1.4191e-06,4.8311
1.4192e-06,4.6729
1.4193e-06,4.7782
1.4194e-06,4.7689
1.4195e-06,4.9794
1.4196e-06,4.767
1.4197e-06,4.8682
1.4198e-06,4.7905
1.4199e-06,4.7788
1.42e-06,4.8851
1.4201e-06,4.6626
1.4202e-06,4.8321
1.4203e-06,4.755
1.4204e-06,4.7317
1.4205e-06,4.6264
1.4206e-06,4.7344
1.4207e-06,4.8445
1.4208e-06,4.7262
1.4209e-06,4.5739
1.421e-06,4.7853
1.4211e-06,4.6696
1.4212e-06,4.7386
1.4213e-06,4.7008
1.4214e-06,4.7157
1.4215e-06,4.6721
1.4216e-06,4.8449
1.4217e-06,4.7062
1.4218e-06,4.6265
1.4219e-06,4.6916
1.422e-06,4.7346
1.4221e-06,4.5818
1.4222e-06,4.4786
1.4223e-06,4.7376
1.4224e-06,4.69
1.4225e-06,4.5657
1.4226e-06,4.6886
1.4227e-06,4.6065
1.4228e-06,4.6109
1.4229e-06,4.4179
1.423e-06,4.463
1.4231e-06,4.6219
1.4232e-06,4.4988
1.4233e-06,4.5466
1.4234e-06,4.5768
1.4235e-06,4.5851
1.4236e-06,4.5591
1.4237e-06,4.3256
1.4238e-06,4.5789
1.4239e-06,4.611
1.424e-06,4.5376
1.4241e-06,4.4838
1.4242e-06,4.4906
1.4243e-06,4.5865
1.4244e-06,4.4163
1.4245e-06,4.5836
1.4246e-06,4.7199
1.4247e-06,4.3825
1.4248e-06,4.4014
1.4249e-06,4.4762
1.425e-06,4.5013
1.4251e-06,4.506
1.4252e-06,4.5898
1.4253e-06,4.446
1.4254e-06,4.5538
1.4255e-06,4.5076
1.4256e-06,4.5466
1.4257e-06,4.5331
1.4258e-06,4.4573
1.4259e-06,4.4099
1.426e-06,4.575
1.4261e-06,4.4038
1.4262e-06,4.3824
1.4263e-06,4.335
1.4264e-06,4.2541
1.4265e-06,4.4122
1.4266e-06,4.2176
1.4267e-06,4.3093
1.4268e-06,4.204
1.4269e-06,4.4067
1.427e-06,4.3161
1.4271e-06,4.3629
1.4272e-06,4.2728
1.4273e-06,4.298
1.4274e-06,4.3847
1.4275e-06,4.1924
1.4276e-06,4.3485
1.4277e-06,4.1746
1.4278e-06,4.2467
1.4279e-06,4.1698
1.428e-06,4.2788
1.4281e-06,4.2164
1.4282e-06,4.193
1.4283e-06,4.1612
1.4284e-06,4.3168
1.4285e-06,4.1071
1.4286e-06,4.2197
1.4287e-06,4.1449
1.4288e-06,4.1965
1.4289e-06,4.1734
1.429e-06,4.186
1.4291e-06,4.2315
1.4292e-06,4.2413
1.4293e-06,4.0841
1.4294e-06,4.0342
1.4295e-06,4.0634
1.4296e-06,3.9993
1.4297e-06,4.1281
1.4298e-06,3.9938
1.4299e-06,4.0413
1.43e-06,4.1715
1.4301e-06,4.1231
1.4302e-06,4.0587
1.4303e-06,4.1038
1.4304e-06,4.1304
1.4305e-06,3.9887
1.4306e-06,4.1004
1.4307e-06,3.8963
1.4308e-06,4.1587
1.4309e-06,3.9829
1.431e-06,3.9825
1.4311e-06,3.9795
1.4312e-06,4.012
1.4313e-06,3.9604
1.4314e-06,4.0432
1.4315e-06,4.0371
1.4316e-06,3.98
1.4317e-06,4.0651
1.4318e-06,4.0784
1.4319e-06,3.9513
1.432e-06,3.9252
1.4321e-06,3.8306
1.4322e-06,3.8703
1.4323e-06,3.8905
1.4324e-06,3.9214
1.4325e-06,3.8749
1.4326e-06,3.8057
1.4327e-06,4.0072
1.4328e-06,3.9778
1.4329e-06,3.8749
1.433e-06,3.7403
1.4331e-06,3.9065
1.4332e-06,3.9187
1.4333e-06,3.8988
1.4334e-06,3.726
1.4335e-06,3.7926
1.4336e-06,3.705
1.4337e-06,3.7932
1.4338e-06,3.7417
1.4339e-06,3.7777
1.434e-06,3.7339
1.4341e-06,3.8042
1.4342e-06,3.7236
1.4343e-06,3.8129
1.4344e-06,3.6218
1.4345e-06,3.902
1.4346e-06,3.9544
1.4347e-06,3.8676
1.4348e-06,3.7788
1.4349e-06,3.8394
1.435e-06,3.7767
1.4351e-06,3.6943
1.4352e-06,3.6637
1.4353e-06,3.7301
1.4354e-06,3.5835
1.4355e-06,3.5523
1.4356e-06,3.4998
1.4357e-06,3.6742
1.4358e-06,3.6808
1.4359e-06,3.665
1.436e-06,3.6409
1.4361e-06,3.7032
1.4362e-06,3.7209
1.4363e-06,3.4935
1.4364e-06,3.6177
1.4365e-06,3.6147
1.4366e-06,3.6061
1.4367e-06,3.6035
1.4368e-06,3.508
1.4369e-06,3.7639
1.437e-06,3.4668
1.4371e-06,3.4883
1.4372e-06,3.5341
1.4373e-06,3.4958
1.4374e-06,3.4716
1.4375e-06,3.3659
1.4376e-06,3.5686
1.4377e-06,3.4905
1.4378e-06,3.3247
1.4379e-06,3.5606
1.438e-06,3.4269
1.4381e-06,3.5725
1.4382e-06,3.552
1.4383e-06,3.4907
1.4384e-06,3.4243
1.4385e-06,3.469
1.4386e-06,3.5692
1.4387e-06,3.3926
1.4388e-06,3.2769
1.4389e-06,3.3338
1.439e-06,3.5323
1.4391e-06,3.4405
1.4392e-06,3.3655
1.4393e-06,3.531
1.4394e-06,3.318
1.4395e-06,3.4464
1.4396e-06,3.3934
1.4397e-06,3.3658
1.4398e-06,3.3801
1.4399e-06,3.4645
1.44e-06,3.4327
1.4401e-06,3.4816
1.4402e-06,3.3479
1.4403e-06,3.3506
1.4404e-06,3.3183
1.4405e-06,3.3225
1.4406e-06,3.3793
1.4407e-06,3.1877
1.4408e-06,3.3365
1.4409e-06,3.4217
1.441e-06,3.2567
1.4411e-06,3.3018
1.4412e-06,3.2126
1.4413e-06,3.2971
1.4414e-06,3.152
1.4415e-06,3.1978
1.4416e-06,3.1885
1.4417e-06,3.1474
1.4418e-06,3.0936
1.4419e-06,3.1786
1.442e-06,3.3613
1.4421e-06,3.1719
1.4422e-06,3.108
1.4423e-06,3.0406
1.4424e-06,3.2828
1.4425e-06,3.1971
1.4426e-06,3.0816
1.4427e-06,3.2713
1.4428e-06,3.2576
1.4429e-06,3.2171
1.443e-06,3.2067
1.4431e-06,3.1973
1.4432e-06,3.0277
1.4433e-06,2.8593
1.4434e-06,2.9919
1.4435e-06,3.0588
1.4436e-06,3.0483
1.4437e-06,3.1783
1.4438e-06,3.0132
1.4439e-06,3.1853
1.444e-06,2.9422
1.4441e-06,3.0275
1.4442e-06,3.0903
1.4443e-06,3.0225
1.4444e-06,3.0966
1.4445e-06,3.1671
1.4446e-06,3.0417
1.4447e-06,3.0386
1.4448e-06,3.1113
1.4449e-06,3.2337
1.445e-06,2.9341
1.4451e-06,2.9612
1.4452e-06,2.7913
1.4453e-06,2.9232
1.4454e-06,2.8676
1.4455e-06,2.8248
1.4456e-06,3.0446
1.4457e-06,2.8391
1.4458e-06,2.9105
1.4459e-06,3.1135
1.446e-06,2.878
1.4461e-06,2.8451
1.4462e-06,2.9124
1.4463e-06,2.7285
1.4464e-06,2.8177
1.4465e-06,2.9557
1.4466e-06,2.7827
1.4467e-06,2.8845
1.4468e-06,2.7186
1.4469e-06,2.6569
1.447e-06,2.7145
1.4471e-06,2.8282
1.4472e-06,2.8144
1.4473e-06,2.7119
1.4474e-06,2.6814
1.4475e-06,2.8478
1.4476e-06,2.6641
1.4477e-06,2.6575
1.4478e-06,2.6519
1.4479e-06,2.8006
1.448e-06,2.6913
1.4481e-06,2.7181
1.4482e-06,2.747
1.4483e-06,2.6621
1.4484e-06,2.7485
1.4485e-06,2.6517
1.4486e-06,2.7343
1.4487e-06,2.5903
1.4488e-06,2.68
1.4489e-06,2.5559
1.449e-06,2.4791
1.4491e-06,2.5971
1.4492e-06,2.5025
1.4493e-06,2.5681
1.4494e-06,2.6908
1.4495e-06,2.4976
1.4496e-06,2.5213
1.4497e-06,2.5531
1.4498e-06,2.4829
1.4499e-06,2.5986
1.45e-06,2.5509
1.4501e-06,2.4869
1.4502e-06,2.4634
1.4503e-06,2.4862
1.4504e-06,2.3311
1.4505e-06,2.5436
1.4506e-06,2.3836
1.4507e-06,2.5669
1.4508e-06,2.5753
1.4509e-06,2.4765
1.451e-06,2.4123
1.4511e-06,2.3815
1.4512e-06,2.481
1.4513e-06,2.3604
1.4514e-06,2.4213
1.4515e-06,2.3472
1.4516e-06,2.2878
1.4517e-06,2.3828
1.4518e-06,2.4419
1.4519e-06,2.3724
1.452e-06,2.1759
1.4521e-06,2.2728
1.4522e-06,2.2275
1.4523e-06,2.349
1.4524e-06,2.472
1.4525e-06,2.4122
1.4526e-06,2.259
1.4527e-06,2.2975
1.4528e-06,2.2421
1.4529e-06,2.2431
1.453e-06,2.3187
1.4531e-06,2.1253
1.4532e-06,2.0829
1.4533e-06,2.2504
1.4534e-06,2.2149
1.4535e-06,2.2168
1.4536e-06,2.112
1.4537e-06,2.0004
1.4538e-06,2.3703
1.4539e-06,2.1681
1.454e-06,2.1809
1.4541e-06,2.2511
1.4542e-06,2.1
1.4543e-06,2.2128
1.4544e-06,2.0385
1.4545e-06,2.0129
1.4546e-06,2.1652
1.4547e-06,2.2875
1.4548e-06,2.0113
1.4549e-06,2.1124
1.455e-06,2.1753
1.4551e-06,2.055
1.4552e-06,1.8789
1.4553e-06,1.9862
1.4554e-06,2.0487
1.4555e-06,2.1179
1.4556e-06,1.9817
1.4557e-06,2.0082
1.4558e-06,1.9553
1.4559e-06,1.8993
1.456e-06,1.9376
1.4561e-06,2.0503
1.4562e-06,1.8395
1.4563e-06,1.7886
1.4564e-06,2.0553
1.4565e-06,1.8967
1.4566e-06,1.7896
1.4567e-06,1.8062
1.4568e-06,1.8974
1.4569e-06,2.0506
1.457e-06,1.7727
1.4571e-06,1.8971
1.4572e-06,1.7591
1.4573e-06,1.7472
1.4574e-06,1.6809
1.4575e-06,1.7764
1.4576e-06,1.699
1.4577e-06,1.7843
1.4578e-06,1.9812
1.4579e-06,1.8744
1.458e-06,1.9003
1.4581e-06,1.926
1.4582e-06,1.7008
1.4583e-06,1.6471
1.4584e-06,1.7967
1.4585e-06,1.6558
1.4586e-06,1.8088
1.4587e-06,1.7739
1.4588e-06,1.7738
1.4589e-06,1.6197
1.459e-06,1.4569
1.4591e-06,1.7267
1.4592e-06,1.6194
1.4593e-06,1.7366
1.4594e-06,1.6445
1.4595e-06,1.61
1.4596e-06,1.754
1.4597e-06,1.6312
1.4598e-06,1.7921
1.4599e-06,1.7533
1.46e-06,1.6886
1.4601e-06,1.6131
1.4602e-06,1.5314
1.4603e-06,1.6002
1.4604e-06,1.5602
1.4605e-06,1.5335
1.4606e-06,1.579
1.4607e-06,1.4117
1.4608e-06,1.6192
1.4609e-06,1.432
1.461e-06,1.5486
1.4611e-06,1.4624
1.4612e-06,1.5108
1.4613e-06,1.3514
1.4614e-06,1.366
1.4615e-06,1.3597
1.4616e-06,1.5399
1.4617e-06,1.3677
1.4618e-06,1.3245
1.4619e-06,1.2562
1.462e-06,1.2127
1.4621e-06,1.4122
1.4622e-06,1.3128
1.4623e-06,1.4853
1.4624e-06,1.4894
1.4625e-06,1.4409
1.4626e-06,1.3725
1.4627e-06,1.381
1.4628e-06,1.4842
1.4629e-06,1.3002
1.463e-06,1.3548
1.4631e-06,1.1965
1.4632e-06,1.2207
1.4633e-06,1.3036
1.4634e-06,1.2951
1.4635e-06,1.088
1.4636e-06,1.2272
1.4637e-06,1.0945
1.4638e-06,1.2321
1.4639e-06,1.2288
1.464e-06,1.1598
1.4641e-06,1.1254
1.4642e-06,1.0711
1.4643e-06,1.029
1.4644e-06,1.1353
1.4645e-06,0.93985
1.4646e-06,1.1688
1.4647e-06,1.0958
1.4648e-06,1.0234
1.4649e-06,0.89616
1.465e-06,1.0649
1.4651e-06,0.99228
1.4652e-06,1.1511
1.4653e-06,1.0364
1.4654e-06,0.93053
1.4655e-06,0.97945
1.4656e-06,0.91479
1.4657e-06,0.81557
1.4658e-06,0.99905
1.4659e-06,1.0109
1.466e-06,1.0102
1.4661e-06,1.0435
1.4662e-06,0.88099
1.4663e-06,0.91707
1.4664e-06,0.95054
1.4665e-06,0.88653
1.4666e-06,0.81926
1.4667e-06,0.77174
1.4668e-06,0.8319
1.4669e-06,0.89099
1.467e-06,0.76632
1.4671e-06,0.80792
1.4672e-06,0.92423
1.4673e-06,0.88119
1.4674e-06,0.92719
1.4675e-06,0.7857
1.4676e-06,0.88063
1.4677e-06,0.55852
1.4678e-06,0.90231
1.4679e-06,0.6755
1.468e-06,0.64682
1.4681e-06,0.67182
1.4682e-06,0.73673
1.4683e-06,0.73878
1.4684e-06,0.61231
1.4685e-06,0.72973
1.4686e-06,0.72205
1.4687e-06,0.59965
1.4688e-06,0.61672
1.4689e-06,0.62312
1.469e-06,0.75945
1.4691e-06,0.583
1.4692e-06,0.54096
1.4693e-06,0.61851
1.4694e-06,0.45461
1.4695e-06,0.59933
1.4696e-06,0.60291
1.4697e-06,0.64695
1.4698e-06,0.80185
1.4699e-06,0.45505
1.47e-06,0.46177
1.4701e-06,0.48019
1.4702e-06,0.39654
1.4703e-06,0.49667
1.4704e-06,0.52077
1.4705e-06,0.43263
1.4706e-06,0.50442
1.4707e-06,0.56296
1.4708e-06,0.5151
1.4709e-06,0.56573
1.471e-06,0.4538
1.4711e-06,0.51656
1.4712e-06,0.44713
1.4713e-06,0.39305
1.4714e-06,0.27662
1.4715e-06,0.53946
1.4716e-06,0.40579
1.4717e-06,0.28092
1.4718e-06,0.39541
1.4719e-06,0.31884
1.472e-06,0.44707
1.4721e-06,0.35354
1.4722e-06,0.3335
1.4723e-06,0.26451
1.4724e-06,0.21391
1.4725e-06,0.34417
1.4726e-06,0.20658
1.4727e-06,0.33076
1.4728e-06,0.30712
1.4729e-06,0.22194
1.473e-06,0.20316
1.4731e-06,0.22966
1.4732e-06,0.31758
1.4733e-06,-0.052828
1.4734e-06,0.15006
1.4735e-06,0.21773
1.4736e-06,0.062893
1.4737e-06,0.19323
1.4738e-06,0.083386
1.4739e-06,0.29489
1.474e-06,0.24677
1.4741e-06,0.17254
1.4742e-06,0.22493
1.4743e-06,-0.17288
1.4744e-06,0.17557
1.4745e-06,-0.3604
1.4746e-06,0.085072
1.4747e-06,-0.0090884
1.4748e-06,0.076127
1.4749e-06,-0.13166
1.475e-06,-0.15442
1.4751e-06,0.01554
1.4752e-06,0.038716
1.4753e-06,-0.075684
1.4754e-06,0.048994
1.4755e-06,-0.26413
1.4756e-06,-0.03915
1.4757e-06,-0.20326
1.4758e-06,-0.16586
1.4759e-06,-0.18691
1.476e-06,-0.25725
1.4761e-06,-0.21545
1.4762e-06,-0.14512
1.4763e-06,-0.21853
1.4764e-06,-0.06695
1.4765e-06,-0.16537
1.4766e-06,-0.21951
1.4767e-06,-0.17922
1.4768e-06,-0.26263
1.4769e-06,-0.27737
1.477e-06,-0.3195
1.4771e-06,-0.32444
1.4772e-06,-0.24427
1.4773e-06,-0.28341
1.4774e-06,-0.30645
1.4775e-06,-0.38112
1.4776e-06,-0.35874
1.4777e-06,-0.30239
1.4778e-06,-0.36322
1.4779e-06,-0.39437
1.478e-06,-0.34642
1.4781e-06,-0.45697
1.4782e-06,-0.31894
1.4783e-06,-0.44622
1.4784e-06,-0.34589
1.4785e-06,-0.44722
1.4786e-06,-0.42038
1.4787e-06,-0.40363
1.4788e-06,-0.45172
1.4789e-06,-0.59657
1.479e-06,-0.53413
1.4791e-06,-0.54622
1.4792e-06,-0.4792
1.4793e-06,-0.64839
1.4794e-06,-0.54661
1.4795e-06,-0.65765
1.4796e-06,-0.64674
1.4797e-06,-0.603
1.4798e-06,-0.51407
1.4799e-06,-0.65366
1.48e-06,-0.67656
1.4801e-06,-0.55348
1.4802e-06,-0.65136
1.4803e-06,-0.82374
1.4804e-06,-0.72587
1.4805e-06,-0.52297
1.4806e-06,-0.67787
1.4807e-06,-0.66121
1.4808e-06,-0.84351
1.4809e-06,-0.80026
1.481e-06,-0.72668
1.4811e-06,-0.78368
1.4812e-06,-1.0126
1.4813e-06,-0.66921
1.4814e-06,-0.81013
1.4815e-06,-0.64048
1.4816e-06,-0.97956
1.4817e-06,-0.95802
1.4818e-06,-0.90138
1.4819e-06,-0.7698
1.482e-06,-0.88948
1.4821e-06,-0.81715
1.4822e-06,-0.82825
1.4823e-06,-0.81417
1.4824e-06,-0.97018
1.4825e-06,-0.90155
1.4826e-06,-0.96377
1.4827e-06,-0.8656
1.4828e-06,-0.79341
1.4829e-06,-0.84073
1.483e-06,-1.0678
1.4831e-06,-1.0256
1.4832e-06,-1.1323
1.4833e-06,-1.0742
1.4834e-06,-1.0262
1.4835e-06,-1.0402
1.4836e-06,-1.0529
1.4837e-06,-0.99101
1.4838e-06,-0.99638
1.4839e-06,-1.1013
1.484e-06,-1.0953
1.4841e-06,-1.2243
1.4842e-06,-1.234
1.4843e-06,-1.2638
1.4844e-06,-1.1109
1.4845e-06,-1.152
1.4846e-06,-1.3188
1.4847e-06,-1.2565
1.4848e-06,-1.1539
1.4849e-06,-1.4282
1.485e-06,-1.3042
1.4851e-06,-1.146
1.4852e-06,-1.2876
1.4853e-06,-1.3838
1.4854e-06,-1.4107
1.4855e-06,-1.3102
1.4856e-06,-1.3853
1.4857e-06,-1.3246
1.4858e-06,-1.359
1.4859e-06,-1.4807
1.486e-06,-1.2667
1.4861e-06,-1.4805
1.4862e-06,-1.5394
1.4863e-06,-1.5182
1.4864e-06,-1.6205
1.4865e-06,-1.6334
1.4866e-06,-1.4969
1.4867e-06,-1.5232
1.4868e-06,-1.5685
1.4869e-06,-1.5203
1.487e-06,-1.4417
1.4871e-06,-1.4917
1.4872e-06,-1.5398
1.4873e-06,-1.5935
1.4874e-06,-1.6892
1.4875e-06,-1.7503
1.4876e-06,-1.7451
1.4877e-06,-1.8437
1.4878e-06,-1.8504
1.4879e-06,-1.8251
1.488e-06,-1.8633
1.4881e-06,-1.7409
1.4882e-06,-1.8361
1.4883e-06,-1.6961
1.4884e-06,-1.8207
1.4885e-06,-1.8015
1.4886e-06,-1.8439
1.4887e-06,-1.7295
1.4888e-06,-1.7433
1.4889e-06,-1.6313
1.489e-06,-1.8428
1.4891e-06,-1.9705
1.4892e-06,-1.8373
1.4893e-06,-1.8985
1.4894e-06,-2.0035
1.4895e-06,-1.9117
1.4896e-06,-1.9239
1.4897e-06,-1.9105
1.4898e-06,-1.9921
1.4899e-06,-1.9112
1.49e-06,-2.076
1.4901e-06,-2.0207
1.4902e-06,-2.0211
1.4903e-06,-2.1234
1.4904e-06,-2.0165
1.4905e-06,-1.9399
1.4906e-06,-2.0713
1.4907e-06,-1.9845
1.4908e-06,-2.1151
1.4909e-06,-2.1204
1.491e-06,-2.065
1.4911e-06,-1.9086
1.4912e-06,-2.1621
1.4913e-06,-2.1612
1.4914e-06,-2.1434
1.4915e-06,-2.1086
1.4916e-06,-2.0907
1.4917e-06,-2.2321
1.4918e-06,-2.3671
1.4919e-06,-2.3399
1.492e-06,-2.2016
1.4921e-06,-2.2324
1.4922e-06,-2.3204
1.4923e-06,-2.133
1.4924e-06,-2.2688
1.4925e-06,-2.267
1.4926e-06,-2.3744
1.4927e-06,-2.4014
1.4928e-06,-2.4033
1.4929e-06,-2.2449
1.493e-06,-2.2491
1.4931e-06,-2.4171
1.4932e-06,-2.273
1.4933e-06,-2.3933
1.4934e-06,-2.4183
1.4935e-06,-2.4456
1.4936e-06,-2.3928
1.4937e-06,-2.4602
1.4938e-06,-2.5136
1.4939e-06,-2.619
1.494e-06,-2.4379
1.4941e-06,-2.3292
1.4942e-06,-2.5599
1.4943e-06,-2.72
1.4944e-06,-2.5668
1.4945e-06,-2.7714
1.4946e-06,-2.6642
1.4947e-06,-2.5757
1.4948e-06,-2.5975
1.4949e-06,-2.6555
1.495e-06,-2.8955
1.4951e-06,-2.8099
1.4952e-06,-2.7171
1.4953e-06,-2.7263
1.4954e-06,-2.7551
1.4955e-06,-2.6093
1.4956e-06,-2.7518
1.4957e-06,-2.676
1.4958e-06,-2.7913
1.4959e-06,-2.9229
1.496e-06,-2.8675
1.4961e-06,-2.8131
1.4962e-06,-2.9312
1.4963e-06,-2.8644
1.4964e-06,-2.9421
1.4965e-06,-3.0329
1.4966e-06,-3.037
1.4967e-06,-2.9445
1.4968e-06,-2.9684
1.4969e-06,-3.0051
1.497e-06,-3.0114
1.4971e-06,-3.0029
1.4972e-06,-3.0023
1.4973e-06,-3.1285
1.4974e-06,-2.9367
1.4975e-06,-3.0772
1.4976e-06,-3.16
1.4977e-06,-3.0947
1.4978e-06,-3.0982
1.4979e-06,-3.2895
1.498e-06,-3.2409
1.4981e-06,-3.0436
1.4982e-06,-3.2738
1.4983e-06,-3.0778
1.4984e-06,-3.2531
1.4985e-06,-3.1198
1.4986e-06,-3.2972
1.4987e-06,-3.1749
1.4988e-06,-3.2131
1.4989e-06,-3.244
1.499e-06,-3.2832
1.4991e-06,-3.3473
1.4992e-06,-3.3337
1.4993e-06,-3.4761
1.4994e-06,-3.5879
1.4995e-06,-3.4673
1.4996e-06,-3.4633
1.4997e-06,-3.3454
1.4998e-06,-3.4419
1.4999e-06,-3.5082
1.5e-06,-3.5145
1.5001e-06,-3.453
1.5002e-06,-3.4187
1.5003e-06,-3.6568
1.5004e-06,-3.6995
1.5005e-06,-3.5597
1.5006e-06,-3.596
1.5007e-06,-3.6994
1.5008e-06,-3.5407
1.5009e-06,-3.4872
1.501e-06,-3.5186
1.5011e-06,-3.5366
1.5012e-06,-3.9156
1.5013e-06,-3.5508
1.5014e-06,-3.6116
1.5015e-06,-3.8344
1.5016e-06,-3.8368
1.5017e-06,-3.8616
1.5018e-06,-3.7339
1.5019e-06,-3.8908
1.502e-06,-3.9707
1.5021e-06,-3.6723
1.5022e-06,-3.9765
1.5023e-06,-4.0119
1.5024e-06,-3.9185
1.5025e-06,-3.987
1.5026e-06,-3.958
1.5027e-06,-3.8532
1.5028e-06,-3.9156
1.5029e-06,-3.9998
1.503e-06,-4.0111
1.5031e-06,-3.7249
1.5032e-06,-4.0165
1.5033e-06,-4.0649
1.5034e-06,-3.9583
1.5035e-06,-3.9221
1.5036e-06,-4.0923
1.5037e-06,-4.0771
1.5038e-06,-4.2323
1.5039e-06,-4.3387
1.504e-06,-4.319
1.5041e-06,-4.1805
1.5042e-06,-4.071
1.5043e-06,-4.2621
1.5044e-06,-4.2417
1.5045e-06,-4.2501
1.5046e-06,-4.2599
1.5047e-06,-4.2035
1.5048e-06,-4.3307
1.5049e-06,-4.0742
1.505e-06,-4.2513
1.5051e-06,-4.3805
1.5052e-06,-4.2591
1.5053e-06,-4.2195
1.5054e-06,-4.3273
1.5055e-06,-4.5192
1.5056e-06,-4.4504
1.5057e-06,-4.4655
1.5058e-06,-4.3998
1.5059e-06,-4.4463
1.506e-06,-4.5457
1.5061e-06,-4.6186
1.5062e-06,-4.3864
1.5063e-06,-4.6007
1.5064e-06,-4.7271
1.5065e-06,-4.6521
1.5066e-06,-4.4317
1.5067e-06,-4.6481
1.5068e-06,-4.7091
1.5069e-06,-4.656
1.507e-06,-4.6103
1.5071e-06,-4.6531
1.5072e-06,-4.8205
1.5073e-06,-4.6045
1.5074e-06,-4.9012
1.5075e-06,-4.9878
1.5076e-06,-4.6749
1.5077e-06,-4.9138
1.5078e-06,-4.8059
1.5079e-06,-4.8229
1.508e-06,-4.8202
1.5081e-06,-5.004
1.5082e-06,-4.9166
1.5083e-06,-4.9327
1.5084e-06,-4.8501
1.5085e-06,-4.9995
1.5086e-06,-4.9878
1.5087e-06,-4.8834
1.5088e-06,-4.9428
1.5089e-06,-5.3199
1.509e-06,-5.0743
1.5091e-06,-4.9595
1.5092e-06,-5.2166
1.5093e-06,-5.0368
1.5094e-06,-5.1339
1.5095e-06,-4.9829
1.5096e-06,-5.21
1.5097e-06,-5.1437
1.5098e-06,-5.2809
1.5099e-06,-5.3182
1.51e-06,-5.2238
1.5101e-06,-5.2049
1.5102e-06,-5.1966
1.5103e-06,-5.291
1.5104e-06,-5.3288
1.5105e-06,-5.4027
1.5106e-06,-5.5106
1.5107e-06,-5.208
1.5108e-06,-5.5094
1.5109e-06,-5.534
1.511e-06,-5.5864
1.5111e-06,-5.4924
1.5112e-06,-5.4653
1.5113e-06,-5.6912
1.5114e-06,-5.565
1.5115e-06,-5.4457
1.5116e-06,-5.399
1.5117e-06,-5.6196
1.5118e-06,-5.5246
1.5119e-06,-5.6796
1.512e-06,-5.6378
1.5121e-06,-5.7074
1.5122e-06,-5.5839
1.5123e-06,-5.5454
1.5124e-06,-5.797
1.5125e-06,-5.7552
1.5126e-06,-5.6673
1.5127e-06,-5.7157
1.5128e-06,-5.6919
1.5129e-06,-5.7486
1.513e-06,-5.7529
1.5131e-06,-5.7098
1.5132e-06,-5.6371
1.5133e-06,-5.6504
1.5134e-06,-5.9327
1.5135e-06,-5.9153
1.5136e-06,-5.903
1.5137e-06,-6.1019
1.5138e-06,-6.2044
1.5139e-06,-5.9551
1.514e-06,-6.0269
1.5141e-06,-6.129
1.5142e-06,-6.0159
1.5143e-06,-6.0016
1.5144e-06,-6.0064
1.5145e-06,-6.0518
1.5146e-06,-6.2122
1.5147e-06,-6.2788
1.5148e-06,-5.9079
1.5149e-06,-6.1458
1.515e-06,-6.2436
1.5151e-06,-6.2039
1.5152e-06,-6.3928
1.5153e-06,-6.1624
1.5154e-06,-6.2737
1.5155e-06,-6.1641
1.5156e-06,-6.3181
1.5157e-06,-6.4131
1.5158e-06,-6.2174
1.5159e-06,-6.2912
1.516e-06,-6.3383
1.5161e-06,-6.422
1.5162e-06,-6.2888
1.5163e-06,-6.5363
1.5164e-06,-6.4998
1.5165e-06,-6.4484
1.5166e-06,-6.5954
1.5167e-06,-6.5254
1.5168e-06,-6.5231
1.5169e-06,-6.6757
1.517e-06,-6.5846
1.5171e-06,-6.5906
1.5172e-06,-6.8951
1.5173e-06,-6.4817
1.5174e-06,-6.7067
1.5175e-06,-6.7144
1.5176e-06,-6.6386
1.5177e-06,-6.5277
1.5178e-06,-6.5309
1.5179e-06,-6.6316
1.518e-06,-6.8658
1.5181e-06,-6.8678
1.5182e-06,-6.9138
1.5183e-06,-6.9047
1.5184e-06,-6.9281
1.5185e-06,-6.9794
1.5186e-06,-6.9751
1.5187e-06,-6.7406
1.5188e-06,-7.012
1.5189e-06,-7.0146
1.519e-06,-6.9146
1.5191e-06,-6.9978
1.5192e-06,-6.8042
1.5193e-06,-7.1141
1.5194e-06,-7.2097
1.5195e-06,-6.9734
1.5196e-06,-6.9764
1.5197e-06,-7.222
1.5198e-06,-6.9647
1.5199e-06,-7.2038
1.52e-06,-7.2244
1.5201e-06,-7.3043
1.5202e-06,-7.0538
1.5203e-06,-7.1063
1.5204e-06,-7.2725
1.5205e-06,-7.235
1.5206e-06,-7.1604
1.5207e-06,-7.3627
1.5208e-06,-7.456
1.5209e-06,-7.2401
1.521e-06,-7.4181
1.5211e-06,-7.4261
1.5212e-06,-7.4234
1.5213e-06,-7.6917
1.5214e-06,-7.6697
1.5215e-06,-7.4275
1.5216e-06,-7.5787
1.5217e-06,-7.6413
1.5218e-06,-7.6061
1.5219e-06,-7.4711
1.522e-06,-7.7341
1.5221e-06,-7.7702
1.5222e-06,-7.6825
1.5223e-06,-7.5442
1.5224e-06,-7.7074
1.5225e-06,-7.5778
1.5226e-06,-7.7535
1.5227e-06,-7.8739
1.5228e-06,-7.9275
1.5229e-06,-8.0171
1.523e-06,-7.6917
1.5231e-06,-7.9542
1.5232e-06,-7.7669
1.5233e-06,-8.022
1.5234e-06,-7.9792
1.5235e-06,-7.8063
1.5236e-06,-7.8371
1.5237e-06,-8.0609
1.5238e-06,-7.9242
1.5239e-06,-8.2161
1.524e-06,-8.0303
1.5241e-06,-8.1102
1.5242e-06,-8.2695
1.5243e-06,-8.1934
1.5244e-06,-8.1924
1.5245e-06,-8.1684
1.5246e-06,-8.2621
1.5247e-06,-8.1555
1.5248e-06,-8.2248
1.5249e-06,-8.3019
1.525e-06,-8.2748
1.5251e-06,-8.2756
1.5252e-06,-8.4139
1.5253e-06,-8.2326
1.5254e-06,-8.4569
1.5255e-06,-8.4456
1.5256e-06,-8.4905
1.5257e-06,-8.3255
1.5258e-06,-8.6776
1.5259e-06,-8.6227
1.526e-06,-8.4836
1.5261e-06,-8.5808
1.5262e-06,-8.6522
1.5263e-06,-8.4129
1.5264e-06,-8.5937
1.5265e-06,-8.705
1.5266e-06,-8.6234
1.5267e-06,-8.7132
1.5268e-06,-8.7616
1.5269e-06,-8.7134
1.527e-06,-8.6373
1.5271e-06,-8.709
1.5272e-06,-8.8012
1.5273e-06,-8.9528
1.5274e-06,-8.7743
1.5275e-06,-8.7008
1.5276e-06,-9.0284
1.5277e-06,-8.7697
1.5278e-06,-8.9655
1.5279e-06,-8.9396
1.528e-06,-8.9565
1.5281e-06,-9.1055
1.5282e-06,-9.061
1.5283e-06,-8.9031
1.5284e-06,-8.8527
1.5285e-06,-9.1144
1.5286e-06,-9.0913
1.5287e-06,-9.1349
1.5288e-06,-9.2088
1.5289e-06,-9.132
1.529e-06,-9.259
1.5291e-06,-9.2829
1.5292e-06,-9.2111
1.5293e-06,-9.4309
1.5294e-06,-9.5655
1.5295e-06,-9.1858
1.5296e-06,-9.4107
1.5297e-06,-9.2942
1.5298e-06,-9.4597
1.5299e-06,-9.3945
1.53e-06,-9.3052
1.5301e-06,-9.5649
1.5302e-06,-9.6081
1.5303e-06,-9.3917
1.5304e-06,-9.6257
1.5305e-06,-9.6491
1.5306e-06,-9.6881
1.5307e-06,-9.7068
1.5308e-06,-9.6965
1.5309e-06,-9.7822
1.531e-06,-9.5903
1.5311e-06,-9.7628
1.5312e-06,-9.8195
1.5313e-06,-9.8397
1.5314e-06,-9.7714
1.5315e-06,-9.9458
1.5316e-06,-9.8921
1.5317e-06,-10.02
1.5318e-06,-9.8021
1.5319e-06,-10.037
1.532e-06,-10.13
1.5321e-06,-9.9889
1.5322e-06,-10.158
1.5323e-06,-9.9989
1.5324e-06,-10.031
1.5325e-06,-9.9855
1.5326e-06,-9.9395
1.5327e-06,-10.142
1.5328e-06,-10.007
1.5329e-06,-10.139
1.533e-06,-10.166
1.5331e-06,-10.157
1.5332e-06,-10.113
1.5333e-06,-10.319
1.5334e-06,-10.435
1.5335e-06,-10.33
1.5336e-06,-10.26
1.5337e-06,-10.48
1.5338e-06,-10.318
1.5339e-06,-10.308
1.534e-06,-10.424
1.5341e-06,-10.369
1.5342e-06,-10.36
1.5343e-06,-10.391
1.5344e-06,-10.601
1.5345e-06,-10.379
1.5346e-06,-10.602
1.5347e-06,-10.637
1.5348e-06,-10.659
1.5349e-06,-10.523
1.535e-06,-10.713
1.5351e-06,-10.668
1.5352e-06,-10.527
1.5353e-06,-10.606
1.5354e-06,-10.716
1.5355e-06,-10.732
1.5356e-06,-10.745
1.5357e-06,-10.859
1.5358e-06,-10.949
1.5359e-06,-10.86
1.536e-06,-10.71
1.5361e-06,-10.712
1.5362e-06,-11.066
1.5363e-06,-11.131
1.5364e-06,-10.9
1.5365e-06,-10.957
1.5366e-06,-11.036
1.5367e-06,-11.15
1.5368e-06,-10.945
1.5369e-06,-11.052
1.537e-06,-10.948
1.5371e-06,-11.013
1.5372e-06,-10.901
1.5373e-06,-11.15
1.5374e-06,-11.186
1.5375e-06,-11.325
1.5376e-06,-11.329
1.5377e-06,-11.283
1.5378e-06,-11.12
1.5379e-06,-11.417
1.538e-06,-11.182
1.5381e-06,-11.289
1.5382e-06,-11.313
1.5383e-06,-11.315
1.5384e-06,-11.371
1.5385e-06,-11.451
1.5386e-06,-11.4
1.5387e-06,-11.442
1.5388e-06,-11.361
1.5389e-06,-11.559
1.539e-06,-11.637
1.5391e-06,-11.327
1.5392e-06,-11.573
1.5393e-06,-11.449
1.5394e-06,-11.38
1.5395e-06,-11.686
1.5396e-06,-11.764
1.5397e-06,-11.504
1.5398e-06,-11.53
1.5399e-06,-11.753
1.54e-06,-11.604
1.5401e-06,-11.823
1.5402e-06,-11.908
1.5403e-06,-11.747
1.5404e-06,-11.778
1.5405e-06,-11.681
1.5406e-06,-11.816
1.5407e-06,-11.919
1.5408e-06,-11.708
1.5409e-06,-11.899
1.541e-06,-11.873
1.5411e-06,-11.901
1.5412e-06,-11.971
1.5413e-06,-11.813
1.5414e-06,-12.079
1.5415e-06,-11.999
1.5416e-06,-12.042
1.5417e-06,-12.026
1.5418e-06,-11.946
1.5419e-06,-11.97
1.542e-06,-12.014
1.5421e-06,-12.047
1.5422e-06,-12.108
1.5423e-06,-12.156
1.5424e-06,-12.199
1.5425e-06,-12.298
1.5426e-06,-12.036
1.5427e-06,-12.345
1.5428e-06,-12.455
1.5429e-06,-12.321
1.543e-06,-12.186
1.5431e-06,-12.162
1.5432e-06,-12.262
1.5433e-06,-12.355
1.5434e-06,-12.561
1.5435e-06,-12.425
1.5436e-06,-12.568
1.5437e-06,-12.168
1.5438e-06,-12.331
1.5439e-06,-12.264
1.544e-06,-12.427
1.5441e-06,-12.303
1.5442e-06,-12.438
1.5443e-06,-12.182
1.5444e-06,-12.494
1.5445e-06,-12.489
1.5446e-06,-12.46
1.5447e-06,-12.389
1.5448e-06,-12.592
1.5449e-06,-12.504
1.545e-06,-12.711
1.5451e-06,-12.339
1.5452e-06,-12.558
1.5453e-06,-12.535
1.5454e-06,-12.658
1.5455e-06,-12.724
1.5456e-06,-12.705
1.5457e-06,-12.815
1.5458e-06,-12.71
1.5459e-06,-12.596
1.546e-06,-12.569
1.5461e-06,-12.706
1.5462e-06,-12.324
1.5463e-06,-12.548
1.5464e-06,-12.758
1.5465e-06,-12.631
1.5466e-06,-12.684
1.5467e-06,-12.613
1.5468e-06,-12.816
1.5469e-06,-12.694
1.547e-06,-12.574
1.5471e-06,-12.604
1.5472e-06,-12.622
1.5473e-06,-12.787
1.5474e-06,-12.672
1.5475e-06,-12.812
1.5476e-06,-12.647
1.5477e-06,-12.755
1.5478e-06,-12.774
1.5479e-06,-12.837
1.548e-06,-12.629
1.5481e-06,-12.996
1.5482e-06,-12.717
1.5483e-06,-12.987
1.5484e-06,-12.957
1.5485e-06,-12.682
1.5486e-06,-12.949
1.5487e-06,-12.952
1.5488e-06,-12.86
1.5489e-06,-12.958
1.549e-06,-12.676
1.5491e-06,-12.96
1.5492e-06,-12.878
1.5493e-06,-12.954
1.5494e-06,-12.832
1.5495e-06,-12.883
1.5496e-06,-13.1
1.5497e-06,-12.667
1.5498e-06,-13.115
1.5499e-06,-13.005
1.55e-06,-12.77
1.5501e-06,-12.858
1.5502e-06,-12.718
1.5503e-06,-12.92
1.5504e-06,-13.1
1.5505e-06,-12.824
1.5506e-06,-12.871
1.5507e-06,-13.038
1.5508e-06,-13.05
1.5509e-06,-12.997
1.551e-06,-12.806
1.5511e-06,-12.934
1.5512e-06,-13.077
1.5513e-06,-12.673
1.5514e-06,-12.674
1.5515e-06,-12.839
1.5516e-06,-12.981
1.5517e-06,-13.083
1.5518e-06,-12.783
1.5519e-06,-12.853
1.552e-06,-12.824
1.5521e-06,-12.773
1.5522e-06,-12.967
1.5523e-06,-12.938
1.5524e-06,-13.013
1.5525e-06,-13.06
1.5526e-06,-12.916
1.5527e-06,-12.935
1.5528e-06,-12.833
1.5529e-06,-12.702
1.553e-06,-12.97
1.5531e-06,-13.02
1.5532e-06,-12.943
1.5533e-06,-12.722
1.5534e-06,-12.71
1.5535e-06,-12.78
1.5536e-06,-12.981
1.5537e-06,-12.723
1.5538e-06,-12.843
1.5539e-06,-12.948
1.554e-06,-12.884
1.5541e-06,-12.698
1.5542e-06,-12.901
1.5543e-06,-12.868
1.5544e-06,-12.806
1.5545e-06,-12.879
1.5546e-06,-12.574
1.5547e-06,-12.665
1.5548e-06,-12.602
1.5549e-06,-12.715
1.555e-06,-12.49
1.5551e-06,-12.807
1.5552e-06,-12.768
1.5553e-06,-12.806
1.5554e-06,-12.687
1.5555e-06,-12.573
1.5556e-06,-12.829
1.5557e-06,-12.752
1.5558e-06,-12.558
1.5559e-06,-12.811
1.556e-06,-12.714
1.5561e-06,-12.61
1.5562e-06,-12.631
1.5563e-06,-12.586
1.5564e-06,-12.48
1.5565e-06,-12.722
1.5566e-06,-12.342
1.5567e-06,-12.481
1.5568e-06,-12.651
1.5569e-06,-12.386
1.557e-06,-12.452
1.5571e-06,-12.48
1.5572e-06,-12.594
1.5573e-06,-12.478
1.5574e-06,-12.465
1.5575e-06,-12.506
1.5576e-06,-12.539
1.5577e-06,-12.279
1.5578e-06,-12.429
1.5579e-06,-12.507
1.558e-06,-12.248
1.5581e-06,-12.269
1.5582e-06,-12.422
1.5583e-06,-12.384
1.5584e-06,-12.461
1.5585e-06,-12.368
1.5586e-06,-12.254
1.5587e-06,-12.328
1.5588e-06,-12.102
1.5589e-06,-12.256
1.559e-06,-12.36
1.5591e-06,-12.171
1.5592e-06,-11.992
1.5593e-06,-12.171
1.5594e-06,-12.385
1.5595e-06,-12.155
1.5596e-06,-12.312
1.5597e-06,-12.013
1.5598e-06,-12.229
1.5599e-06,-12.017
1.56e-06,-11.904
1.5601e-06,-11.757
1.5602e-06,-12.019
1.5603e-06,-12.105
1.5604e-06,-12.001
1.5605e-06,-11.807
1.5606e-06,-11.99
1.5607e-06,-11.947
1.5608e-06,-12.074
1.5609e-06,-12.149
1.561e-06,-11.879
1.5611e-06,-11.867
1.5612e-06,-11.737
1.5613e-06,-12.066
1.5614e-06,-11.768
1.5615e-06,-11.791
1.5616e-06,-11.92
1.5617e-06,-11.793
1.5618e-06,-12.046
1.5619e-06,-11.768
1.562e-06,-11.71
1.5621e-06,-11.663
1.5622e-06,-11.647
1.5623e-06,-11.612
1.5624e-06,-11.6
1.5625e-06,-11.478
1.5626e-06,-11.591
1.5627e-06,-11.726
1.5628e-06,-11.55
1.5629e-06,-11.541
1.563e-06,-11.638
1.5631e-06,-11.519
1.5632e-06,-11.708
1.5633e-06,-11.588
1.5634e-06,-11.37
1.5635e-06,-11.532
1.5636e-06,-11.396
1.5637e-06,-11.304
1.5638e-06,-11.415
1.5639e-06,-11.278
1.564e-06,-11.298
1.5641e-06,-11.187
1.5642e-06,-11.238
1.5643e-06,-11.318
1.5644e-06,-11.327
1.5645e-06,-11.312
1.5646e-06,-11.252
1.5647e-06,-11.244
1.5648e-06,-11.342
1.5649e-06,-11.267
1.565e-06,-11.132
1.5651e-06,-11.198
1.5652e-06,-11.044
1.5653e-06,-11.035
1.5654e-06,-10.944
1.5655e-06,-10.945
1.5656e-06,-11.072
1.5657e-06,-11.013
1.5658e-06,-11.107
1.5659e-06,-11.187
1.566e-06,-10.851
1.5661e-06,-10.958
1.5662e-06,-10.957
1.5663e-06,-10.747
1.5664e-06,-10.755
1.5665e-06,-11.046
1.5666e-06,-10.848
1.5667e-06,-10.564
1.5668e-06,-10.613
1.5669e-06,-10.815
1.567e-06,-10.878
1.5671e-06,-10.735
1.5672e-06,-10.804
1.5673e-06,-10.574
1.5674e-06,-10.445
1.5675e-06,-10.637
1.5676e-06,-10.686
1.5677e-06,-10.677
1.5678e-06,-10.623
1.5679e-06,-10.454
1.568e-06,-10.461
1.5681e-06,-10.476
1.5682e-06,-10.39
1.5683e-06,-10.534
1.5684e-06,-10.461
1.5685e-06,-10.454
1.5686e-06,-10.491
1.5687e-06,-10.509
1.5688e-06,-10.476
1.5689e-06,-10.338
1.569e-06,-10.236
1.5691e-06,-10.687
1.5692e-06,-10.402
1.5693e-06,-10.066
1.5694e-06,-10.319
1.5695e-06,-10.334
1.5696e-06,-10.25
1.5697e-06,-10.489
1.5698e-06,-10.198
1.5699e-06,-10.274
1.57e-06,-10.18
1.5701e-06,-10.131
1.5702e-06,-10.065
1.5703e-06,-10.092
1.5704e-06,-9.9921
1.5705e-06,-10.012
1.5706e-06,-10.019
1.5707e-06,-9.8138
1.5708e-06,-10.071
1.5709e-06,-9.9302
1.571e-06,-9.8734
1.5711e-06,-10.18
1.5712e-06,-9.8791
1.5713e-06,-9.855
1.5714e-06,-10.01
1.5715e-06,-9.8554
1.5716e-06,-10.024
1.5717e-06,-9.8537
1.5718e-06,-9.7742
1.5719e-06,-9.8283
1.572e-06,-9.6346
1.5721e-06,-9.802
1.5722e-06,-9.7458
1.5723e-06,-9.6035
1.5724e-06,-9.6104
1.5725e-06,-9.5798
1.5726e-06,-9.4523
1.5727e-06,-9.5797
1.5728e-06,-9.8199
1.5729e-06,-9.5041
1.573e-06,-9.4654
1.5731e-06,-9.7278
1.5732e-06,-9.5296
1.5733e-06,-9.7175
1.5734e-06,-9.546
1.5735e-06,-9.2737
1.5736e-06,-9.362
1.5737e-06,-9.4606
1.5738e-06,-9.3372
1.5739e-06,-9.4638
1.574e-06,-9.2855
1.5741e-06,-9.391
1.5742e-06,-9.6961
1.5743e-06,-9.2734
1.5744e-06,-9.3475
1.5745e-06,-9.312
1.5746e-06,-9.2071
1.5747e-06,-9.1606
1.5748e-06,-9.2324
1.5749e-06,-9.0509
1.575e-06,-9.2255
1.5751e-06,-9.0654
1.5752e-06,-9.0964
1.5753e-06,-9.2387
1.5754e-06,-9.0543
1.5755e-06,-9.1053
1.5756e-06,-8.9461
1.5757e-06,-9.1859
1.5758e-06,-9.1559
1.5759e-06,-8.737
1.576e-06,-8.8504
1.5761e-06,-9.1672
1.5762e-06,-8.8885
1.5763e-06,-8.8571
1.5764e-06,-8.7832
1.5765e-06,-8.8337
1.5766e-06,-8.8232
1.5767e-06,-9.1469
1.5768e-06,-8.8974
1.5769e-06,-8.8753
1.577e-06,-8.8408
1.5771e-06,-8.6834
1.5772e-06,-8.7245
1.5773e-06,-8.714
1.5774e-06,-8.811
1.5775e-06,-8.7479
1.5776e-06,-8.6595
1.5777e-06,-8.5556
1.5778e-06,-8.4339
1.5779e-06,-8.3369
1.578e-06,-8.6885
1.5781e-06,-8.6485
1.5782e-06,-8.6653
1.5783e-06,-8.3724
1.5784e-06,-8.403
1.5785e-06,-8.3572
1.5786e-06,-8.6451
1.5787e-06,-8.4646
1.5788e-06,-8.3082
1.5789e-06,-8.4312
1.579e-06,-8.594
1.5791e-06,-8.2219
1.5792e-06,-8.3494
1.5793e-06,-8.2676
1.5794e-06,-8.0644
1.5795e-06,-8.1925
1.5796e-06,-8.4605
1.5797e-06,-8.49
1.5798e-06,-8.3708
1.5799e-06,-8.2687
1.58e-06,-8.2626
1.5801e-06,-7.9899
1.5802e-06,-8.1439
1.5803e-06,-8.1241
1.5804e-06,-7.9295
1.5805e-06,-8.2349
1.5806e-06,-8.0911
1.5807e-06,-8.2337
1.5808e-06,-8.1903
1.5809e-06,-8.1384
1.581e-06,-7.9403
1.5811e-06,-7.9135
1.5812e-06,-8.2478
1.5813e-06,-7.9601
1.5814e-06,-8.06
1.5815e-06,-8.0059
1.5816e-06,-8.0255
1.5817e-06,-7.7715
1.5818e-06,-7.7997
1.5819e-06,-7.9208
1.582e-06,-7.753
1.5821e-06,-7.7795
1.5822e-06,-7.8611
1.5823e-06,-7.9001
1.5824e-06,-7.5156
1.5825e-06,-7.7724
1.5826e-06,-7.8093
1.5827e-06,-7.7429
1.5828e-06,-7.6738
1.5829e-06,-7.7227
1.583e-06,-7.5437
1.5831e-06,-7.4866
1.5832e-06,-7.4488
1.5833e-06,-7.5989
1.5834e-06,-7.659
1.5835e-06,-7.6258
1.5836e-06,-7.5694
1.5837e-06,-7.5671
1.5838e-06,-7.3284
1.5839e-06,-7.4292
1.584e-06,-7.547
1.5841e-06,-7.5823
1.5842e-06,-7.1861
1.5843e-06,-7.4975
1.5844e-06,-7.4694
1.5845e-06,-7.2995
1.5846e-06,-7.4842
1.5847e-06,-7.3781
1.5848e-06,-7.269
1.5849e-06,-7.2273
1.585e-06,-7.1906
1.5851e-06,-7.285
1.5852e-06,-7.2086
1.5853e-06,-7.214
1.5854e-06,-7.1891
1.5855e-06,-7.1029
1.5856e-06,-7.1286
1.5857e-06,-7.1086
1.5858e-06,-7.0196
1.5859e-06,-7.1518
1.586e-06,-7.0144
1.5861e-06,-7.0786
1.5862e-06,-7.1007
1.5863e-06,-7.1107
1.5864e-06,-7.1394
1.5865e-06,-7.0536
1.5866e-06,-6.8516
1.5867e-06,-7.0326
1.5868e-06,-6.9502
1.5869e-06,-6.98
1.587e-06,-6.9881
1.5871e-06,-7.0442
1.5872e-06,-6.8031
1.5873e-06,-6.4768
1.5874e-06,-6.811
1.5875e-06,-6.9519
1.5876e-06,-7.0635
1.5877e-06,-6.7649
1.5878e-06,-6.8246
1.5879e-06,-6.6906
1.588e-06,-6.7276
1.5881e-06,-6.7376
1.5882e-06,-6.7561
1.5883e-06,-6.5477
1.5884e-06,-6.7633
1.5885e-06,-6.553
1.5886e-06,-6.5098
1.5887e-06,-6.5147
1.5888e-06,-6.5768
1.5889e-06,-6.6345
1.589e-06,-6.6309
1.5891e-06,-6.4261
1.5892e-06,-6.4889
1.5893e-06,-6.2768
1.5894e-06,-6.4256
1.5895e-06,-6.447
1.5896e-06,-6.7311
1.5897e-06,-6.4082
1.5898e-06,-6.2467
1.5899e-06,-6.5063
1.59e-06,-6.2766
1.5901e-06,-6.5358
1.5902e-06,-6.289
1.5903e-06,-6.3833
1.5904e-06,-6.4293
1.5905e-06,-6.2728
1.5906e-06,-6.3006
1.5907e-06,-6.2493
1.5908e-06,-6.2947
1.5909e-06,-6.3066
1.591e-06,-6.357
1.5911e-06,-6.2428
1.5912e-06,-6.4205
1.5913e-06,-6.1909
1.5914e-06,-6.1537
1.5915e-06,-6.1823
1.5916e-06,-6.1256
1.5917e-06,-6.2592
1.5918e-06,-5.9651
1.5919e-06,-6.1465
1.592e-06,-5.9228
1.5921e-06,-6.1008
1.5922e-06,-6.0891
1.5923e-06,-6.0152
1.5924e-06,-5.8883
1.5925e-06,-6.1032
1.5926e-06,-6.0462
1.5927e-06,-5.9724
1.5928e-06,-5.7435
1.5929e-06,-6.0743
1.593e-06,-6.0956
1.5931e-06,-5.781
1.5932e-06,-5.8921
1.5933e-06,-5.9583
1.5934e-06,-5.83
1.5935e-06,-6.0081
1.5936e-06,-5.92
1.5937e-06,-5.7434
1.5938e-06,-5.8107
1.5939e-06,-5.8771
1.594e-06,-5.7258
1.5941e-06,-5.7536
1.5942e-06,-5.871
1.5943e-06,-5.6022
1.5944e-06,-5.8285
1.5945e-06,-5.8564
1.5946e-06,-5.7977
1.5947e-06,-5.9416
1.5948e-06,-5.7505
1.5949e-06,-5.637
1.595e-06,-5.7872
1.5951e-06,-5.6369
1.5952e-06,-5.8811
1.5953e-06,-5.6793
1.5954e-06,-5.6987
1.5955e-06,-5.653
1.5956e-06,-5.5098
1.5957e-06,-5.6237
1.5958e-06,-5.7373
1.5959e-06,-5.612
1.596e-06,-5.5012
1.5961e-06,-5.5307
1.5962e-06,-5.4108
1.5963e-06,-5.5263
1.5964e-06,-5.6588
1.5965e-06,-5.3392
1.5966e-06,-5.3384
1.5967e-06,-5.4775
1.5968e-06,-5.2501
1.5969e-06,-5.5131
1.597e-06,-5.1964
1.5971e-06,-5.4674
1.5972e-06,-5.5063
1.5973e-06,-5.2881
1.5974e-06,-5.2787
1.5975e-06,-5.2495
1.5976e-06,-5.3657
1.5977e-06,-5.2494
1.5978e-06,-5.3036
1.5979e-06,-5.3078
1.598e-06,-5.4859
1.5981e-06,-5.2171
1.5982e-06,-5.3135
1.5983e-06,-5.2441
1.5984e-06,-5.0976
1.5985e-06,-4.866
1.5986e-06,-5.3169
1.5987e-06,-5.0548
1.5988e-06,-5.1103
1.5989e-06,-5.2835
1.599e-06,-4.8328
1.5991e-06,-5.1194
1.5992e-06,-4.8402
1.5993e-06,-5.14
1.5994e-06,-5.0082
1.5995e-06,-4.9439
1.5996e-06,-5.066
1.5997e-06,-4.7627
1.5998e-06,-5.0339
1.5999e-06,-5.0705
1.6e-06,-4.9838
1.6001e-06,-4.9869
1.6002e-06,-5.2155
1.6003e-06,-5.0523
1.6004e-06,-5.0392
1.6005e-06,-4.7199
1.6006e-06,-4.8294
1.6007e-06,-4.833
1.6008e-06,-5.1012
1.6009e-06,-4.9906
1.601e-06,-4.8507
1.6011e-06,-5.0601
1.6012e-06,-4.7629
1.6013e-06,-4.7835
1.6014e-06,-4.8593
1.6015e-06,-4.5836
1.6016e-06,-4.6976
1.6017e-06,-4.9259
1.6018e-06,-4.7026
1.6019e-06,-4.7649
1.602e-06,-4.7066
1.6021e-06,-4.7998
1.6022e-06,-4.6357
1.6023e-06,-4.5394
1.6024e-06,-4.7274
1.6025e-06,-4.666
1.6026e-06,-4.7103
1.6027e-06,-4.5073
1.6028e-06,-4.688
1.6029e-06,-4.3852
1.603e-06,-4.6702
1.6031e-06,-4.7825
1.6032e-06,-4.6082
1.6033e-06,-4.5261
1.6034e-06,-4.579
1.6035e-06,-4.5481
1.6036e-06,-4.5786
1.6037e-06,-4.3497
1.6038e-06,-4.4583
1.6039e-06,-4.6588
1.604e-06,-4.3126
1.6041e-06,-4.4534
1.6042e-06,-4.3255
1.6043e-06,-4.473
1.6044e-06,-4.5038
1.6045e-06,-4.5768
1.6046e-06,-4.5911
1.6047e-06,-4.3477
1.6048e-06,-4.2473
1.6049e-06,-4.3392
1.605e-06,-4.112
1.6051e-06,-4.2654
1.6052e-06,-4.2587
1.6053e-06,-4.294
1.6054e-06,-4.2951
1.6055e-06,-4.2286
1.6056e-06,-4.2368
1.6057e-06,-4.3385
1.6058e-06,-4.3187
1.6059e-06,-4.1392
1.606e-06,-4.1787
1.6061e-06,-4.3465
1.6062e-06,-4.1562
1.6063e-06,-4.2988
1.6064e-06,-4.2367
1.6065e-06,-4.2361
1.6066e-06,-3.8269
1.6067e-06,-3.9656
1.6068e-06,-4.0346
1.6069e-06,-4.2036
1.607e-06,-4.0599
1.6071e-06,-4.2934
1.6072e-06,-4
1.6073e-06,-3.9346
1.6074e-06,-4.1684
1.6075e-06,-3.8161
1.6076e-06,-3.9737
1.6077e-06,-4.0864
1.6078e-06,-3.8055
1.6079e-06,-3.7495
1.608e-06,-3.957
1.6081e-06,-3.929
1.6082e-06,-3.9958
1.6083e-06,-4.0333
1.6084e-06,-3.9577
1.6085e-06,-3.7747
1.6086e-06,-4.1288
1.6087e-06,-3.7077
1.6088e-06,-4.0143
1.6089e-06,-4.1718
1.609e-06,-3.9228
1.6091e-06,-3.5551
1.6092e-06,-3.6454
1.6093e-06,-3.8389
1.6094e-06,-3.7612
1.6095e-06,-3.7355
1.6096e-06,-3.9202
1.6097e-06,-3.7061
1.6098e-06,-3.7809
1.6099e-06,-3.7622
1.61e-06,-3.7964
1.6101e-06,-3.8817
1.6102e-06,-3.5877
1.6103e-06,-3.4851
1.6104e-06,-3.7876
1.6105e-06,-3.8242
1.6106e-06,-3.4432
1.6107e-06,-3.9092
1.6108e-06,-3.613
1.6109e-06,-3.5163
1.611e-06,-3.5624
1.6111e-06,-3.9661
1.6112e-06,-3.5058
1.6113e-06,-3.5529
1.6114e-06,-3.7406
1.6115e-06,-3.773
1.6116e-06,-3.6146
1.6117e-06,-3.6129
1.6118e-06,-3.4893
1.6119e-06,-3.4417
1.612e-06,-3.4939
1.6121e-06,-3.453
1.6122e-06,-3.3717
1.6123e-06,-3.6942
1.6124e-06,-3.3242
1.6125e-06,-3.3029
1.6126e-06,-3.447
1.6127e-06,-3.4938
1.6128e-06,-3.4232
1.6129e-06,-3.5194
1.613e-06,-3.4013
1.6131e-06,-3.3328
1.6132e-06,-3.4587
1.6133e-06,-3.4476
1.6134e-06,-3.5328
1.6135e-06,-3.4245
1.6136e-06,-3.2815
1.6137e-06,-3.3608
1.6138e-06,-3.2864
1.6139e-06,-3.4703
1.614e-06,-3.5869
1.6141e-06,-3.2267
1.6142e-06,-3.4188
1.6143e-06,-3.1562
1.6144e-06,-3.2015
1.6145e-06,-3.2083
1.6146e-06,-3.2213
1.6147e-06,-3.3144
1.6148e-06,-3.1464
1.6149e-06,-3.2534
1.615e-06,-3.3566
1.6151e-06,-3.241
1.6152e-06,-3.0954
1.6153e-06,-3.2365
1.6154e-06,-3.1075
1.6155e-06,-3.2406
1.6156e-06,-3.0145
1.6157e-06,-3.081
1.6158e-06,-3.2826
1.6159e-06,-3.1391
1.616e-06,-3.15
1.6161e-06,-3.1237
1.6162e-06,-3.0672
1.6163e-06,-3.1303
1.6164e-06,-3.0729
1.6165e-06,-2.9455
1.6166e-06,-2.9904
1.6167e-06,-3.0002
1.6168e-06,-3.1427
1.6169e-06,-3.0355
1.617e-06,-2.8452
1.6171e-06,-3.0488
1.6172e-06,-3.0257
1.6173e-06,-2.8145
1.6174e-06,-3.0331
1.6175e-06,-3.0509
1.6176e-06,-2.7684
1.6177e-06,-3.1539
1.6178e-06,-3.0292
1.6179e-06,-2.8844
1.618e-06,-2.698
1.6181e-06,-2.8988
1.6182e-06,-2.6045
1.6183e-06,-2.7066
1.6184e-06,-2.8363
1.6185e-06,-2.89
1.6186e-06,-3.0035
1.6187e-06,-2.8083
1.6188e-06,-2.7428
1.6189e-06,-2.9559
1.619e-06,-2.3841
1.6191e-06,-2.7929
1.6192e-06,-2.7091
1.6193e-06,-2.664
1.6194e-06,-2.7092
1.6195e-06,-2.7825
1.6196e-06,-2.7461
1.6197e-06,-2.8221
1.6198e-06,-2.8319
1.6199e-06,-2.7252
1.62e-06,-2.748
1.6201e-06,-2.868
1.6202e-06,-2.7629
1.6203e-06,-2.6581
1.6204e-06,-2.4211
1.6205e-06,-2.7445
1.6206e-06,-2.6895
1.6207e-06,-2.8843
1.6208e-06,-2.601
1.6209e-06,-2.7363
1.621e-06,-2.6944
1.6211e-06,-2.6718
1.6212e-06,-2.6765
1.6213e-06,-2.7063
1.6214e-06,-2.5597
1.6215e-06,-2.5069
1.6216e-06,-2.5947
1.6217e-06,-2.5731
1.6218e-06,-2.3678
1.6219e-06,-2.6385
1.622e-06,-2.7056
1.6221e-06,-2.2726
1.6222e-06,-2.5251
1.6223e-06,-2.5654
1.6224e-06,-2.2354
1.6225e-06,-2.3871
1.6226e-06,-2.482
1.6227e-06,-2.3696
1.6228e-06,-2.6076
1.6229e-06,-2.4011
1.623e-06,-2.4169
1.6231e-06,-2.3843
1.6232e-06,-2.4201
1.6233e-06,-2.3153
1.6234e-06,-2.2323
1.6235e-06,-2.2672
1.6236e-06,-2.1781
1.6237e-06,-2.4726
1.6238e-06,-2.3785
1.6239e-06,-2.1816
1.624e-06,-2.6908
1.6241e-06,-2.3631
1.6242e-06,-2.386
1.6243e-06,-2.2413
1.6244e-06,-2.1234
1.6245e-06,-2.2283
1.6246e-06,-2.4324
1.6247e-06,-2.2699
1.6248e-06,-2.3815
1.6249e-06,-2.3647
1.625e-06,-2.4374
1.6251e-06,-2.351
1.6252e-06,-2.4291
1.6253e-06,-2.1457
1.6254e-06,-2.2045
1.6255e-06,-2.4116
1.6256e-06,-2.18
1.6257e-06,-2.1432
1.6258e-06,-2.2157
1.6259e-06,-2.2917
1.626e-06,-2.1227
1.6261e-06,-2.2902
1.6262e-06,-2.1287
1.6263e-06,-1.9905
1.6264e-06,-2.0399
1.6265e-06,-2.1258
1.6266e-06,-2.1232
1.6267e-06,-2.1794
1.6268e-06,-1.9373
1.6269e-06,-2.2399
1.627e-06,-1.8424
1.6271e-06,-2.0978
1.6272e-06,-2.1628
1.6273e-06,-1.8464
1.6274e-06,-1.9163
1.6275e-06,-2.1474
1.6276e-06,-1.9977
1.6277e-06,-1.7929
1.6278e-06,-2.1257
1.6279e-06,-1.7502
1.628e-06,-1.8441
1.6281e-06,-1.876
1.6282e-06,-1.7644
1.6283e-06,-2.0241
1.6284e-06,-1.8111
1.6285e-06,-2.1856
1.6286e-06,-1.9951
1.6287e-06,-1.9429
1.6288e-06,-2.052
1.6289e-06,-1.667
1.629e-06,-2.1647
1.6291e-06,-2.0465
1.6292e-06,-2.0019
1.6293e-06,-1.9618
1.6294e-06,-1.7969
1.6295e-06,-1.6856
1.6296e-06,-1.8185
1.6297e-06,-2.1797
1.6298e-06,-1.7818
1.6299e-06,-1.9045
1.63e-06,-1.886
1.6301e-06,-1.8054
1.6302e-06,-1.7896
1.6303e-06,-1.8161
1.6304e-06,-1.7761
1.6305e-06,-1.6117
1.6306e-06,-2.1287
1.6307e-06,-1.6762
1.6308e-06,-1.7807
1.6309e-06,-1.7805
1.631e-06,-1.8216
1.6311e-06,-1.6648
1.6312e-06,-1.7641
1.6313e-06,-1.4328
1.6314e-06,-1.8263
1.6315e-06,-1.576
1.6316e-06,-1.8546
1.6317e-06,-1.8572
1.6318e-06,-1.6974
1.6319e-06,-1.6869
1.632e-06,-1.8511
1.6321e-06,-1.736
1.6322e-06,-1.702
1.6323e-06,-1.5903
1.6324e-06,-1.511
1.6325e-06,-1.7327
1.6326e-06,-1.7602
1.6327e-06,-1.7745
1.6328e-06,-1.5707
1.6329e-06,-1.6609
1.633e-06,-1.6159
1.6331e-06,-1.6041
1.6332e-06,-1.6152
1.6333e-06,-1.6672
1.6334e-06,-1.6231
1.6335e-06,-1.5375
1.6336e-06,-1.5888
1.6337e-06,-1.3218
1.6338e-06,-1.3373
1.6339e-06,-1.523
1.634e-06,-1.5978
1.6341e-06,-1.5731
1.6342e-06,-1.6709
1.6343e-06,-1.5512
1.6344e-06,-1.5333
1.6345e-06,-1.2364
1.6346e-06,-1.357
1.6347e-06,-1.4327
1.6348e-06,-1.2812
1.6349e-06,-1.7252
1.635e-06,-1.5038
1.6351e-06,-1.5447
1.6352e-06,-1.6378
1.6353e-06,-1.4128
1.6354e-06,-1.3505
1.6355e-06,-1.5636
1.6356e-06,-1.4264
1.6357e-06,-1.6292
1.6358e-06,-1.5056
1.6359e-06,-1.4039
1.636e-06,-1.4719
1.6361e-06,-1.671
1.6362e-06,-1.4346
1.6363e-06,-1.5786
1.6364e-06,-1.3322
1.6365e-06,-1.301
1.6366e-06,-1.3851
1.6367e-06,-1.4021
1.6368e-06,-1.2189
1.6369e-06,-1.1659
1.637e-06,-1.2852
1.6371e-06,-1.2598
1.6372e-06,-1.1074
1.6373e-06,-1.3346
1.6374e-06,-1.2511
1.6375e-06,-1.398
1.6376e-06,-1.291
1.6377e-06,-1.3451
1.6378e-06,-0.94917
1.6379e-06,-1.116
1.638e-06,-1.1551
1.6381e-06,-1.1964
1.6382e-06,-1.3247
1.6383e-06,-0.95633
1.6384e-06,-0.99373
1.6385e-06,-1.1042
1.6386e-06,-1.0446
1.6387e-06,-1.2292
1.6388e-06,-1.1177
1.6389e-06,-1.1187
1.639e-06,-1.0515
1.6391e-06,-1.212
1.6392e-06,-1.09
1.6393e-06,-1.0115
1.6394e-06,-1.1078
1.6395e-06,-1.0036
1.6396e-06,-1.0376
1.6397e-06,-1.1156
1.6398e-06,-1.1672
1.6399e-06,-1.1595
1.64e-06,-1.0556
1.6401e-06,-1.1135
1.6402e-06,-0.84759
1.6403e-06,-0.65368
1.6404e-06,-0.85963
1.6405e-06,-0.98112
1.6406e-06,-1.0195
1.6407e-06,-0.81012
1.6408e-06,-1.0422
1.6409e-06,-1.1272
1.641e-06,-0.92747
1.6411e-06,-0.9062
1.6412e-06,-0.84918
1.6413e-06,-0.92965
1.6414e-06,-0.97925
1.6415e-06,-1.0543
1.6416e-06,-0.86374
1.6417e-06,-1.1208
1.6418e-06,-0.8701
1.6419e-06,-0.91809
1.642e-06,-0.94395
1.6421e-06,-0.9901
1.6422e-06,-0.97029
1.6423e-06,-0.85992
1.6424e-06,-0.8877
1.6425e-06,-0.75335
1.6426e-06,-0.98955
1.6427e-06,-0.8356
1.6428e-06,-0.84087
1.6429e-06,-0.64236
1.643e-06,-0.64695
1.6431e-06,-0.96061
1.6432e-06,-0.91971
1.6433e-06,-0.93708
1.6434e-06,-1.0888
1.6435e-06,-0.86216
1.6436e-06,-0.89731
1.6437e-06,-0.84104
1.6438e-06,-0.96332
1.6439e-06,-0.8946
1.644e-06,-0.70646
1.6441e-06,-0.73119
1.6442e-06,-0.65264
1.6443e-06,-0.7504
1.6444e-06,-0.85638
1.6445e-06,-0.76981
1.6446e-06,-0.64696
1.6447e-06,-0.65534
1.6448e-06,-0.61299
1.6449e-06,-0.90011
1.645e-06,-0.66985
1.6451e-06,-0.56448
1.6452e-06,-0.65746
1.6453e-06,-0.59929
1.6454e-06,-0.66985
1.6455e-06,-0.55565
1.6456e-06,-0.84731
1.6457e-06,-0.87766
1.6458e-06,-0.52258
1.6459e-06,-0.61595
1.646e-06,-0.5768
1.6461e-06,-0.57077
1.6462e-06,-0.614
1.6463e-06,-0.74274
1.6464e-06,-0.62001
1.6465e-06,-0.56998
1.6466e-06,-0.5108
1.6467e-06,-0.61572
1.6468e-06,-0.63075
1.6469e-06,-0.45056
1.647e-06,-0.51583
1.6471e-06,-0.54631
1.6472e-06,-0.41594
1.6473e-06,-0.30424
1.6474e-06,-0.46133
1.6475e-06,-0.5271
1.6476e-06,-0.27611
1.6477e-06,-0.50703
1.6478e-06,-0.12892
1.6479e-06,-0.65858
1.648e-06,-0.63194
1.6481e-06,-0.5125
1.6482e-06,-0.38858
1.6483e-06,-0.48858
1.6484e-06,-0.17099
1.6485e-06,-0.58341
1.6486e-06,-0.56671
1.6487e-06,-0.36791
1.6488e-06,-0.42303
1.6489e-06,-0.23592
1.649e-06,-0.15626
1.6491e-06,-0.078101
1.6492e-06,-0.52431
1.6493e-06,-0.15767
1.6494e-06,-0.12913
1.6495e-06,-0.30786
1.6496e-06,-0.51536
1.6497e-06,-0.36859
1.6498e-06,-0.57172
1.6499e-06,-0.19214
1.65e-06,-0.25055
