1.35e-06,9.1792
1.3501e-06,9.2003
1.3502e-06,9.1968
1.3503e-06,9.1028
1.3504e-06,9.0601
1.3505e-06,9.1118
1.3506e-06,9.1082
1.3507e-06,9.1401
1.3508e-06,9.2533
1.3509e-06,9.1403
1.351e-06,9.1642
1.3511e-06,9.1522
1.3512e-06,9.2372
1.3513e-06,9.1998
1.3514e-06,9.2123
1.3515e-06,9.1693
1.3516e-06,9.1075
1.3517e-06,9.0306
1.3518e-06,9.1427
1.3519e-06,9.1874
1.352e-06,8.9653
1.3521e-06,9.1733
1.3522e-06,9.1273
1.3523e-06,9.1126
1.3524e-06,9.0496
1.3525e-06,9.0127
1.3526e-06,8.9364
1.3527e-06,9.0412
1.3528e-06,8.9016
1.3529e-06,9.0555
1.353e-06,9.0938
1.3531e-06,8.9699
1.3532e-06,8.9064
1.3533e-06,9.0215
1.3534e-06,9.0071
1.3535e-06,8.9933
1.3536e-06,9.1028
1.3537e-06,8.9823
1.3538e-06,8.953
1.3539e-06,9.0648
1.354e-06,9.1206
1.3541e-06,8.9809
1.3542e-06,8.8376
1.3543e-06,8.9758
1.3544e-06,8.9541
1.3545e-06,8.9957
1.3546e-06,8.9457
1.3547e-06,9.026
1.3548e-06,8.9132
1.3549e-06,8.8332
1.355e-06,8.9349
1.3551e-06,8.9791
1.3552e-06,8.9832
1.3553e-06,8.8246
1.3554e-06,8.7612
1.3555e-06,8.9166
1.3556e-06,8.9312
1.3557e-06,8.8688
1.3558e-06,8.9458
1.3559e-06,8.8674
1.356e-06,8.729
1.3561e-06,8.9006
1.3562e-06,8.8708
1.3563e-06,8.9648
1.3564e-06,8.8541
1.3565e-06,8.9448
1.3566e-06,8.8626
1.3567e-06,8.9078
1.3568e-06,8.8672
1.3569e-06,8.8686
1.357e-06,8.9362
1.3571e-06,8.8496
1.3572e-06,8.7267
1.3573e-06,8.8841
1.3574e-06,8.862
1.3575e-06,8.7722
1.3576e-06,8.8108
1.3577e-06,8.7993
1.3578e-06,8.7802
1.3579e-06,8.773
1.358e-06,8.7448
1.3581e-06,8.6978
1.3582e-06,8.745
1.3583e-06,8.9651
1.3584e-06,8.6981
1.3585e-06,8.8735
1.3586e-06,8.6372
1.3587e-06,8.693
1.3588e-06,8.8464
1.3589e-06,8.6925
1.359e-06,8.6447
1.3591e-06,8.7235
1.3592e-06,8.7942
1.3593e-06,8.8104
1.3594e-06,8.8211
1.3595e-06,8.678
1.3596e-06,8.6746
1.3597e-06,8.7525
1.3598e-06,8.6243
1.3599e-06,8.7078
1.36e-06,8.7626
1.3601e-06,8.7139
1.3602e-06,8.4792
1.3603e-06,8.5823
1.3604e-06,8.6408
1.3605e-06,8.6277
1.3606e-06,8.7377
1.3607e-06,8.7145
1.3608e-06,8.5971
1.3609e-06,8.6633
1.361e-06,8.5564
1.3611e-06,8.6347
1.3612e-06,8.6377
1.3613e-06,8.5045
1.3614e-06,8.67
1.3615e-06,8.7256
1.3616e-06,8.6165
1.3617e-06,8.6167
1.3618e-06,8.4743
1.3619e-06,8.6451
1.362e-06,8.598
1.3621e-06,8.6034
1.3622e-06,8.6323
1.3623e-06,8.5351
1.3624e-06,8.6507
1.3625e-06,8.5734
1.3626e-06,8.5018
1.3627e-06,8.6766
1.3628e-06,8.6228
1.3629e-06,8.6025
1.363e-06,8.6591
1.3631e-06,8.5661
1.3632e-06,8.576
1.3633e-06,8.6019
1.3634e-06,8.4908
1.3635e-06,8.6171
1.3636e-06,8.5162
1.3637e-06,8.6744
1.3638e-06,8.5164
1.3639e-06,8.6565
1.364e-06,8.6118
1.3641e-06,8.5054
1.3642e-06,8.6768
1.3643e-06,8.6582
1.3644e-06,8.488
1.3645e-06,8.4417
1.3646e-06,8.3453
1.3647e-06,8.4949
1.3648e-06,8.4359
1.3649e-06,8.4354
1.365e-06,8.4518
1.3651e-06,8.4808
1.3652e-06,8.609
1.3653e-06,8.4365
1.3654e-06,8.4087
1.3655e-06,8.5634
1.3656e-06,8.4281
1.3657e-06,8.3437
1.3658e-06,8.3327
1.3659e-06,8.4675
1.366e-06,8.4877
1.3661e-06,8.5039
1.3662e-06,8.4759
1.3663e-06,8.4039
1.3664e-06,8.4949
1.3665e-06,8.5977
1.3666e-06,8.4306
1.3667e-06,8.4489
1.3668e-06,8.4922
1.3669e-06,8.4514
1.367e-06,8.4247
1.3671e-06,8.3237
1.3672e-06,8.4595
1.3673e-06,8.2801
1.3674e-06,8.4628
1.3675e-06,8.2482
1.3676e-06,8.3877
1.3677e-06,8.4166
1.3678e-06,8.4308
1.3679e-06,8.4496
1.368e-06,8.3405
1.3681e-06,8.3392
1.3682e-06,8.3891
1.3683e-06,8.4009
1.3684e-06,8.4236
1.3685e-06,8.3427
1.3686e-06,8.3469
1.3687e-06,8.2661
1.3688e-06,8.2792
1.3689e-06,8.3337
1.369e-06,8.3136
1.3691e-06,8.3583
1.3692e-06,8.2916
1.3693e-06,8.3789
1.3694e-06,8.2785
1.3695e-06,8.3639
1.3696e-06,8.37
1.3697e-06,8.2922
1.3698e-06,8.3339
1.3699e-06,8.2923
1.37e-06,8.3296
1.3701e-06,8.1802
1.3702e-06,8.3754
1.3703e-06,8.3737
1.3704e-06,8.3108
1.3705e-06,8.2747
1.3706e-06,8.3937
1.3707e-06,8.3641
1.3708e-06,7.9995
1.3709e-06,8.1724
1.371e-06,8.2569
1.3711e-06,8.3084
1.3712e-06,8.2749
1.3713e-06,8.2408
1.3714e-06,8.2569
1.3715e-06,8.3101
1.3716e-06,8.2543
1.3717e-06,8.0998
1.3718e-06,8.1657
1.3719e-06,8.1929
1.372e-06,8.1175
1.3721e-06,8.213
1.3722e-06,8.1462
1.3723e-06,8.2552
1.3724e-06,8.1652
1.3725e-06,8.1284
1.3726e-06,8.2137
1.3727e-06,8.0144
1.3728e-06,8.2276
1.3729e-06,8.0381
1.373e-06,8.0706
1.3731e-06,8.0988
1.3732e-06,8.1194
1.3733e-06,8.0478
1.3734e-06,8.1552
1.3735e-06,8.1448
1.3736e-06,8.0023
1.3737e-06,8.2122
1.3738e-06,8.0499
1.3739e-06,8.0709
1.374e-06,8.1802
1.3741e-06,8.0702
1.3742e-06,8.237
1.3743e-06,8.0725
1.3744e-06,8.0525
1.3745e-06,7.9913
1.3746e-06,7.9711
1.3747e-06,8.0386
1.3748e-06,8.1474
1.3749e-06,8.1156
1.375e-06,8.0763
1.3751e-06,8.0306
1.3752e-06,7.9382
1.3753e-06,8.0205
1.3754e-06,8.1388
1.3755e-06,8.0355
1.3756e-06,7.9172
1.3757e-06,8.0181
1.3758e-06,8.041
1.3759e-06,7.9385
1.376e-06,7.9926
1.3761e-06,7.9708
1.3762e-06,8.0276
1.3763e-06,8.1395
1.3764e-06,7.9104
1.3765e-06,7.9868
1.3766e-06,8.061
1.3767e-06,7.9675
1.3768e-06,8.0496
1.3769e-06,8.0905
1.377e-06,8.0057
1.3771e-06,7.8897
1.3772e-06,7.9258
1.3773e-06,7.9649
1.3774e-06,7.8858
1.3775e-06,7.8969
1.3776e-06,7.8535
1.3777e-06,7.8664
1.3778e-06,7.8912
1.3779e-06,7.9746
1.378e-06,7.8508
1.3781e-06,7.7269
1.3782e-06,7.8898
1.3783e-06,7.8137
1.3784e-06,7.7743
1.3785e-06,7.966
1.3786e-06,7.8086
1.3787e-06,7.801
1.3788e-06,7.7699
1.3789e-06,7.9258
1.379e-06,7.767
1.3791e-06,7.7539
1.3792e-06,7.8247
1.3793e-06,7.8756
1.3794e-06,7.7786
1.3795e-06,7.7729
1.3796e-06,7.8802
1.3797e-06,7.7721
1.3798e-06,7.731
1.3799e-06,7.8225
1.38e-06,7.7552
1.3801e-06,7.9347
1.3802e-06,7.7831
1.3803e-06,7.8377
1.3804e-06,7.921
1.3805e-06,7.7195
1.3806e-06,7.7794
1.3807e-06,7.7735
1.3808e-06,7.7155
1.3809e-06,7.6262
1.381e-06,7.836
1.3811e-06,7.6744
1.3812e-06,7.7578
1.3813e-06,7.7324
1.3814e-06,7.8118
1.3815e-06,7.7962
1.3816e-06,7.709
1.3817e-06,7.7498
1.3818e-06,7.7682
1.3819e-06,7.7302
1.382e-06,7.622
1.3821e-06,7.6153
1.3822e-06,7.6577
1.3823e-06,7.7058
1.3824e-06,7.585
1.3825e-06,7.7225
1.3826e-06,7.758
1.3827e-06,7.572
1.3828e-06,7.7754
1.3829e-06,7.5225
1.383e-06,7.6888
1.3831e-06,7.6009
1.3832e-06,7.4692
1.3833e-06,7.5057
1.3834e-06,7.5024
1.3835e-06,7.5667
1.3836e-06,7.6361
1.3837e-06,7.5834
1.3838e-06,7.7005
1.3839e-06,7.5431
1.384e-06,7.6146
1.3841e-06,7.4628
1.3842e-06,7.6356
1.3843e-06,7.4994
1.3844e-06,7.5112
1.3845e-06,7.5185
1.3846e-06,7.6736
1.3847e-06,7.5181
1.3848e-06,7.4988
1.3849e-06,7.535
1.385e-06,7.6088
1.3851e-06,7.5261
1.3852e-06,7.649
1.3853e-06,7.5105
1.3854e-06,7.5235
1.3855e-06,7.55
1.3856e-06,7.5647
1.3857e-06,7.4985
1.3858e-06,7.2899
1.3859e-06,7.5638
1.386e-06,7.4505
1.3861e-06,7.4912
1.3862e-06,7.3424
1.3863e-06,7.4328
1.3864e-06,7.4002
1.3865e-06,7.5116
1.3866e-06,7.4183
1.3867e-06,7.4685
1.3868e-06,7.4169
1.3869e-06,7.2933
1.387e-06,7.4439
1.3871e-06,7.3084
1.3872e-06,7.3571
1.3873e-06,7.463
1.3874e-06,7.3511
1.3875e-06,7.4332
1.3876e-06,7.4546
1.3877e-06,7.443
1.3878e-06,7.3298
1.3879e-06,7.4442
1.388e-06,7.4803
1.3881e-06,7.3754
1.3882e-06,7.2687
1.3883e-06,7.4781
1.3884e-06,7.2759
1.3885e-06,7.3181
1.3886e-06,7.2541
1.3887e-06,7.4305
1.3888e-06,7.4221
1.3889e-06,7.2892
1.389e-06,7.1394
1.3891e-06,7.1195
1.3892e-06,7.4004
1.3893e-06,7.3776
1.3894e-06,7.4236
1.3895e-06,7.1985
1.3896e-06,7.115
1.3897e-06,7.3353
1.3898e-06,7.2206
1.3899e-06,7.1646
1.39e-06,7.2444
1.3901e-06,7.2717
1.3902e-06,7.3519
1.3903e-06,7.2238
1.3904e-06,7.2937
1.3905e-06,7.2616
1.3906e-06,7.2785
1.3907e-06,7.3134
1.3908e-06,7.3835
1.3909e-06,7.131
1.391e-06,7.0613
1.3911e-06,7.3067
1.3912e-06,7.1774
1.3913e-06,7.0978
1.3914e-06,7.0977
1.3915e-06,7.0876
1.3916e-06,7.287
1.3917e-06,7.0891
1.3918e-06,7.066
1.3919e-06,6.9136
1.392e-06,7.2684
1.3921e-06,7.1316
1.3922e-06,7.1886
1.3923e-06,7.16
1.3924e-06,7.0964
1.3925e-06,7.1963
1.3926e-06,7.0112
1.3927e-06,7.0427
1.3928e-06,7.0846
1.3929e-06,7.1092
1.393e-06,7.0787
1.3931e-06,7.0288
1.3932e-06,7.0963
1.3933e-06,7.1995
1.3934e-06,7.1193
1.3935e-06,7.093
1.3936e-06,6.9524
1.3937e-06,7.0771
1.3938e-06,7.0449
1.3939e-06,7.049
1.394e-06,7.1428
1.3941e-06,7.0084
1.3942e-06,6.9913
1.3943e-06,7.0193
1.3944e-06,6.865
1.3945e-06,6.9568
1.3946e-06,6.9395
1.3947e-06,6.9224
1.3948e-06,6.9815
1.3949e-06,6.8756
1.395e-06,6.9277
1.3951e-06,6.9584
1.3952e-06,7.025
1.3953e-06,6.9504
1.3954e-06,6.9052
1.3955e-06,6.8898
1.3956e-06,7.0851
1.3957e-06,6.8962
1.3958e-06,6.911
1.3959e-06,6.9827
1.396e-06,6.8411
1.3961e-06,7.0228
1.3962e-06,6.9739
1.3963e-06,6.8598
1.3964e-06,6.8368
1.3965e-06,6.6958
1.3966e-06,6.8044
1.3967e-06,6.7825
1.3968e-06,6.9206
1.3969e-06,6.8157
1.397e-06,6.7837
1.3971e-06,6.8071
1.3972e-06,6.8087
1.3973e-06,6.799
1.3974e-06,6.8816
1.3975e-06,6.7474
1.3976e-06,6.7084
1.3977e-06,6.8133
1.3978e-06,6.8582
1.3979e-06,6.7256
1.398e-06,6.8075
1.3981e-06,6.7393
1.3982e-06,6.7505
1.3983e-06,6.848
1.3984e-06,6.7794
1.3985e-06,6.6644
1.3986e-06,6.7817
1.3987e-06,6.6013
1.3988e-06,6.6619
1.3989e-06,6.686
1.399e-06,6.7441
1.3991e-06,6.5835
1.3992e-06,6.606
1.3993e-06,6.7435
1.3994e-06,6.7232
1.3995e-06,6.8031
1.3996e-06,6.6722
1.3997e-06,6.8423
1.3998e-06,6.6555
1.3999e-06,6.613
1.4e-06,6.637
1.4001e-06,6.6519
1.4002e-06,6.5892
1.4003e-06,6.4278
1.4004e-06,6.6683
1.4005e-06,6.4458
1.4006e-06,6.5746
1.4007e-06,6.5632
1.4008e-06,6.711
1.4009e-06,6.6435
1.401e-06,6.6041
1.4011e-06,6.4915
1.4012e-06,6.5995
1.4013e-06,6.5073
1.4014e-06,6.511
1.4015e-06,6.6268
1.4016e-06,6.6479
1.4017e-06,6.6006
1.4018e-06,6.5365
1.4019e-06,6.6156
1.402e-06,6.5821
1.4021e-06,6.5755
1.4022e-06,6.5057
1.4023e-06,6.4989
1.4024e-06,6.5478
1.4025e-06,6.6548
1.4026e-06,6.5111
1.4027e-06,6.4115
1.4028e-06,6.3631
1.4029e-06,6.4886
1.403e-06,6.5027
1.4031e-06,6.3701
1.4032e-06,6.5794
1.4033e-06,6.436
1.4034e-06,6.4943
1.4035e-06,6.3577
1.4036e-06,6.4773
1.4037e-06,6.4358
1.4038e-06,6.459
1.4039e-06,6.5395
1.404e-06,6.5433
1.4041e-06,6.4837
1.4042e-06,6.3834
1.4043e-06,6.3527
1.4044e-06,6.5288
1.4045e-06,6.4578
1.4046e-06,6.261
1.4047e-06,6.3749
1.4048e-06,6.4171
1.4049e-06,6.3603
1.405e-06,6.2653
1.4051e-06,6.2454
1.4052e-06,6.2609
1.4053e-06,6.1955
1.4054e-06,6.2789
1.4055e-06,6.3458
1.4056e-06,6.2769
1.4057e-06,6.2689
1.4058e-06,6.3356
1.4059e-06,6.4618
1.406e-06,6.321
1.4061e-06,6.2187
1.4062e-06,6.2718
1.4063e-06,6.3038
1.4064e-06,6.2306
1.4065e-06,6.2773
1.4066e-06,6.2121
1.4067e-06,6.2378
1.4068e-06,6.3015
1.4069e-06,6.1204
1.407e-06,6.2559
1.4071e-06,6.3513
1.4072e-06,6.1998
1.4073e-06,6.1981
1.4074e-06,6.3025
1.4075e-06,6.1784
1.4076e-06,6.1955
1.4077e-06,6.2354
1.4078e-06,6.1304
1.4079e-06,6.1177
1.408e-06,6.2741
1.4081e-06,6.0149
1.4082e-06,5.9133
1.4083e-06,6.1391
1.4084e-06,6.1043
1.4085e-06,6.182
1.4086e-06,6.2417
1.4087e-06,6.1556
1.4088e-06,6.1885
1.4089e-06,6.1505
1.409e-06,6.1058
1.4091e-06,6.0767
1.4092e-06,6.1708
1.4093e-06,5.9666
1.4094e-06,6.1672
1.4095e-06,6.1188
1.4096e-06,6.037
1.4097e-06,6.124
1.4098e-06,6.0108
1.4099e-06,6.0949
1.41e-06,5.9647
1.4101e-06,6.0279
1.4102e-06,6.1795
1.4103e-06,5.9839
1.4104e-06,5.9089
1.4105e-06,6.0844
1.4106e-06,6.0592
1.4107e-06,5.8848
1.4108e-06,6.1042
1.4109e-06,5.9564
1.411e-06,5.9687
1.4111e-06,5.8485
1.4112e-06,6.0056
1.4113e-06,6.0053
1.4114e-06,5.9757
1.4115e-06,5.9181
1.4116e-06,5.8711
1.4117e-06,5.8525
1.4118e-06,5.9931
1.4119e-06,6.0165
1.412e-06,5.7856
1.4121e-06,5.9411
1.4122e-06,5.8425
1.4123e-06,5.8722
1.4124e-06,5.9131
1.4125e-06,5.7547
1.4126e-06,5.74
1.4127e-06,5.5512
1.4128e-06,5.823
1.4129e-06,5.8608
1.413e-06,5.7366
1.4131e-06,5.7353
1.4132e-06,5.7541
1.4133e-06,5.7745
1.4134e-06,5.6727
1.4135e-06,5.7342
1.4136e-06,5.7462
1.4137e-06,5.8801
1.4138e-06,5.6448
1.4139e-06,5.757
1.414e-06,5.6166
1.4141e-06,5.831
1.4142e-06,5.7364
1.4143e-06,5.6656
1.4144e-06,5.6144
1.4145e-06,5.7437
1.4146e-06,5.7172
1.4147e-06,5.7949
1.4148e-06,5.5818
1.4149e-06,5.805
1.415e-06,5.5519
1.4151e-06,5.6546
1.4152e-06,5.8036
1.4153e-06,5.6387
1.4154e-06,5.5693
1.4155e-06,5.5653
1.4156e-06,5.5762
1.4157e-06,5.5163
1.4158e-06,5.6753
1.4159e-06,5.6006
1.416e-06,5.7189
1.4161e-06,5.4977
1.4162e-06,5.5574
1.4163e-06,5.5778
1.4164e-06,5.4837
1.4165e-06,5.6952
1.4166e-06,5.4878
1.4167e-06,5.6118
1.4168e-06,5.4171
1.4169e-06,5.4782
1.417e-06,5.5056
1.4171e-06,5.5319
1.4172e-06,5.4172
1.4173e-06,5.5141
1.4174e-06,5.4333
1.4175e-06,5.4861
1.4176e-06,5.5689
1.4177e-06,5.5025
1.4178e-06,5.4098
1.4179e-06,5.4436
1.418e-06,5.408
1.4181e-06,5.4856
1.4182e-06,5.4989
1.4183e-06,5.4378
1.4184e-06,5.3839
1.4185e-06,5.3831
1.4186e-06,5.4216
1.4187e-06,5.2851
1.4188e-06,5.3962
1.4189e-06,5.348
1.419e-06,5.4644
1.4191e-06,5.334
1.4192e-06,5.172
1.4193e-06,5.2669
1.4194e-06,5.4115
1.4195e-06,5.2601
1.4196e-06,5.2808
1.4197e-06,5.3033
1.4198e-06,5.3391
1.4199e-06,5.1178
1.42e-06,5.4238
1.4201e-06,5.1677
1.4202e-06,5.389
1.4203e-06,5.203
1.4204e-06,5.2265
1.4205e-06,5.1432
1.4206e-06,5.2421
1.4207e-06,5.1832
1.4208e-06,5.2661
1.4209e-06,5.124
1.421e-06,5.4391
1.4211e-06,5.2635
1.4212e-06,5.1654
1.4213e-06,5.2014
1.4214e-06,5.0533
1.4215e-06,5.1242
1.4216e-06,5.1682
1.4217e-06,5.3036
1.4218e-06,5.1862
1.4219e-06,5.1234
1.422e-06,5.1867
1.4221e-06,5.0221
1.4222e-06,5.0282
1.4223e-06,5.0598
1.4224e-06,5.1385
1.4225e-06,5.1475
1.4226e-06,5.1106
1.4227e-06,4.8697
1.4228e-06,5.0359
1.4229e-06,4.9844
1.423e-06,5.0131
1.4231e-06,4.8781
1.4232e-06,4.9593
1.4233e-06,5.0307
1.4234e-06,4.9635
1.4235e-06,4.8334
1.4236e-06,4.9532
1.4237e-06,4.9307
1.4238e-06,4.9611
1.4239e-06,5.1142
1.424e-06,5.0644
1.4241e-06,4.8441
1.4242e-06,4.9629
1.4243e-06,4.9274
1.4244e-06,4.8856
1.4245e-06,5.0208
1.4246e-06,5.0221
1.4247e-06,4.8861
1.4248e-06,4.8906
1.4249e-06,4.8245
1.425e-06,4.8646
1.4251e-06,4.9689
1.4252e-06,4.8021
1.4253e-06,4.9292
1.4254e-06,5.0757
1.4255e-06,5.0066
1.4256e-06,4.8616
1.4257e-06,4.8778
1.4258e-06,4.939
1.4259e-06,4.8402
1.426e-06,5.0164
1.4261e-06,4.816
1.4262e-06,4.7917
1.4263e-06,4.8751
1.4264e-06,4.7631
1.4265e-06,4.7555
1.4266e-06,4.7687
1.4267e-06,4.8752
1.4268e-06,4.7701
1.4269e-06,4.7937
1.427e-06,4.6412
1.4271e-06,4.8208
1.4272e-06,4.6925
1.4273e-06,4.7103
1.4274e-06,4.7769
1.4275e-06,4.6804
1.4276e-06,4.7026
1.4277e-06,4.4786
1.4278e-06,4.6665
1.4279e-06,4.5649
1.428e-06,4.6227
1.4281e-06,4.6884
1.4282e-06,4.5043
1.4283e-06,4.5867
1.4284e-06,4.5891
1.4285e-06,4.4629
1.4286e-06,4.5979
1.4287e-06,4.4217
1.4288e-06,4.5047
1.4289e-06,4.6638
1.429e-06,4.528
1.4291e-06,4.4271
1.4292e-06,4.5552
1.4293e-06,4.5197
1.4294e-06,4.4473
1.4295e-06,4.4973
1.4296e-06,4.4145
1.4297e-06,4.456
1.4298e-06,4.3914
1.4299e-06,4.3954
1.43e-06,4.5398
1.4301e-06,4.4929
1.4302e-06,4.4834
1.4303e-06,4.5463
1.4304e-06,4.4649
1.4305e-06,4.4558
1.4306e-06,4.4746
1.4307e-06,4.3015
1.4308e-06,4.5559
1.4309e-06,4.4753
1.431e-06,4.213
1.4311e-06,4.3439
1.4312e-06,4.3417
1.4313e-06,4.1661
1.4314e-06,4.2777
1.4315e-06,4.4455
1.4316e-06,4.2256
1.4317e-06,4.4584
1.4318e-06,4.4179
1.4319e-06,4.2243
1.432e-06,4.375
1.4321e-06,4.2187
1.4322e-06,4.2005
1.4323e-06,4.1668
1.4324e-06,4.2651
1.4325e-06,4.1955
1.4326e-06,4.1304
1.4327e-06,4.2305
1.4328e-06,4.4084
1.4329e-06,4.3229
1.433e-06,4.1528
1.4331e-06,4.3417
1.4332e-06,4.2138
1.4333e-06,4.2056
1.4334e-06,4.0466
1.4335e-06,4.1515
1.4336e-06,4.2255
1.4337e-06,4.0306
1.4338e-06,4.1167
1.4339e-06,4.1503
1.434e-06,4.0346
1.4341e-06,4.1799
1.4342e-06,4.0549
1.4343e-06,4.007
1.4344e-06,4.0139
1.4345e-06,4.1246
1.4346e-06,3.9909
1.4347e-06,4.0138
1.4348e-06,4.0404
1.4349e-06,4.1531
1.435e-06,4.1072
1.4351e-06,4.1238
1.4352e-06,3.959
1.4353e-06,4.0658
1.4354e-06,3.9602
1.4355e-06,3.943
1.4356e-06,3.8136
1.4357e-06,3.9694
1.4358e-06,3.8321
1.4359e-06,3.879
1.436e-06,3.9248
1.4361e-06,3.7734
1.4362e-06,4.0151
1.4363e-06,3.761
1.4364e-06,3.9548
1.4365e-06,3.8598
1.4366e-06,3.9208
1.4367e-06,3.8546
1.4368e-06,3.8315
1.4369e-06,4.0879
1.437e-06,3.614
1.4371e-06,3.9074
1.4372e-06,3.932
1.4373e-06,3.7097
1.4374e-06,3.7249
1.4375e-06,3.6996
1.4376e-06,3.8269
1.4377e-06,3.8361
1.4378e-06,3.796
1.4379e-06,3.7335
1.438e-06,3.8204
1.4381e-06,3.77
1.4382e-06,3.756
1.4383e-06,3.6692
1.4384e-06,3.7231
1.4385e-06,3.6994
1.4386e-06,3.7635
1.4387e-06,3.4709
1.4388e-06,3.6527
1.4389e-06,3.4892
1.439e-06,3.771
1.4391e-06,3.615
1.4392e-06,3.5724
1.4393e-06,3.7673
1.4394e-06,3.5266
1.4395e-06,3.6486
1.4396e-06,3.4536
1.4397e-06,3.6049
1.4398e-06,3.5523
1.4399e-06,3.7231
1.44e-06,3.5359
1.4401e-06,3.6677
1.4402e-06,3.4747
1.4403e-06,3.5246
1.4404e-06,3.356
1.4405e-06,3.4868
1.4406e-06,3.4769
1.4407e-06,3.4493
1.4408e-06,3.5233
1.4409e-06,3.5572
1.441e-06,3.457
1.4411e-06,3.5737
1.4412e-06,3.2377
1.4413e-06,3.4785
1.4414e-06,3.3001
1.4415e-06,3.4105
1.4416e-06,3.3924
1.4417e-06,3.5107
1.4418e-06,3.4227
1.4419e-06,3.3979
1.442e-06,3.4614
1.4421e-06,3.391
1.4422e-06,3.2651
1.4423e-06,3.3107
1.4424e-06,3.3597
1.4425e-06,3.2423
1.4426e-06,3.1306
1.4427e-06,3.3021
1.4428e-06,3.321
1.4429e-06,3.2946
1.443e-06,3.3625
1.4431e-06,3.2547
1.4432e-06,3.1809
1.4433e-06,3.3255
1.4434e-06,3.1378
1.4435e-06,3.3286
1.4436e-06,3.1749
1.4437e-06,3.2361
1.4438e-06,3.126
1.4439e-06,3.0523
1.444e-06,3.0896
1.4441e-06,3.1293
1.4442e-06,3.1645
1.4443e-06,3.197
1.4444e-06,3.1012
1.4445e-06,3.2331
1.4446e-06,3.0972
1.4447e-06,3.1598
1.4448e-06,3.1426
1.4449e-06,3.313
1.445e-06,3.259
1.4451e-06,3.0163
1.4452e-06,2.8726
1.4453e-06,3.1374
1.4454e-06,3.0523
1.4455e-06,3.1556
1.4456e-06,3.0716
1.4457e-06,2.9826
1.4458e-06,2.8866
1.4459e-06,3.2259
1.446e-06,2.9559
1.4461e-06,3.0792
1.4462e-06,2.9387
1.4463e-06,2.8909
1.4464e-06,2.8921
1.4465e-06,3.1074
1.4466e-06,2.9677
1.4467e-06,2.9529
1.4468e-06,2.9579
1.4469e-06,2.7391
1.447e-06,3.0114
1.4471e-06,2.9649
1.4472e-06,3.0448
1.4473e-06,2.8344
1.4474e-06,2.72
1.4475e-06,2.8473
1.4476e-06,2.7454
1.4477e-06,2.787
1.4478e-06,2.7768
1.4479e-06,2.8183
1.448e-06,2.7374
1.4481e-06,2.8416
1.4482e-06,2.7122
1.4483e-06,2.6529
1.4484e-06,2.6524
1.4485e-06,2.9219
1.4486e-06,2.7085
1.4487e-06,2.745
1.4488e-06,2.7322
1.4489e-06,2.6081
1.449e-06,2.7501
1.4491e-06,2.4924
1.4492e-06,2.665
1.4493e-06,2.6611
1.4494e-06,2.6205
1.4495e-06,2.5209
1.4496e-06,2.6143
1.4497e-06,2.5355
1.4498e-06,2.5051
1.4499e-06,2.5659
1.45e-06,2.5273
1.4501e-06,2.749
1.4502e-06,2.536
1.4503e-06,2.3841
1.4504e-06,2.5535
1.4505e-06,2.5279
1.4506e-06,2.4531
1.4507e-06,2.3688
1.4508e-06,2.5579
1.4509e-06,2.4221
1.451e-06,2.4607
1.4511e-06,2.473
1.4512e-06,2.323
1.4513e-06,2.3427
1.4514e-06,2.3656
1.4515e-06,2.3358
1.4516e-06,2.3171
1.4517e-06,2.3538
1.4518e-06,2.4044
1.4519e-06,2.2441
1.452e-06,2.2483
1.4521e-06,2.5175
1.4522e-06,2.3607
1.4523e-06,2.3658
1.4524e-06,2.3336
1.4525e-06,2.4349
1.4526e-06,2.1742
1.4527e-06,2.2394
1.4528e-06,2.2633
1.4529e-06,2.1602
1.453e-06,2.4688
1.4531e-06,2.1929
1.4532e-06,2.1899
1.4533e-06,2.4362
1.4534e-06,2.1972
1.4535e-06,2.1928
1.4536e-06,2.2535
1.4537e-06,2.1076
1.4538e-06,2.2729
1.4539e-06,2.1833
1.454e-06,1.9585
1.4541e-06,2.2627
1.4542e-06,2.171
1.4543e-06,2.1685
1.4544e-06,2.0289
1.4545e-06,2.0631
1.4546e-06,2.1496
1.4547e-06,2.1225
1.4548e-06,1.9748
1.4549e-06,2.0674
1.455e-06,2.0498
1.4551e-06,2.0301
1.4552e-06,1.979
1.4553e-06,1.9013
1.4554e-06,1.9575
1.4555e-06,2.129
1.4556e-06,1.9725
1.4557e-06,2.0083
1.4558e-06,1.9723
1.4559e-06,1.9341
1.456e-06,1.8214
1.4561e-06,1.9586
1.4562e-06,1.8904
1.4563e-06,1.6839
1.4564e-06,1.6793
1.4565e-06,1.9252
1.4566e-06,1.8179
1.4567e-06,1.8459
1.4568e-06,1.7247
1.4569e-06,1.901
1.457e-06,1.6978
1.4571e-06,1.7719
1.4572e-06,1.8126
1.4573e-06,1.6828
1.4574e-06,1.4458
1.4575e-06,1.8162
1.4576e-06,1.6306
1.4577e-06,1.7024
1.4578e-06,1.8364
1.4579e-06,1.7091
1.458e-06,1.735
1.4581e-06,1.6204
1.4582e-06,1.5135
1.4583e-06,1.516
1.4584e-06,1.8059
1.4585e-06,1.5239
1.4586e-06,1.64
1.4587e-06,1.6022
1.4588e-06,1.4977
1.4589e-06,1.5373
1.459e-06,1.4449
1.4591e-06,1.5557
1.4592e-06,1.3162
1.4593e-06,1.6593
1.4594e-06,1.5083
1.4595e-06,1.5749
1.4596e-06,1.5859
1.4597e-06,1.3332
1.4598e-06,1.433
1.4599e-06,1.5363
1.46e-06,1.4572
1.4601e-06,1.4067
1.4602e-06,1.3858
1.4603e-06,1.3733
1.4604e-06,1.4102
1.4605e-06,1.4658
1.4606e-06,1.4213
1.4607e-06,1.3227
1.4608e-06,1.3994
1.4609e-06,1.2426
1.461e-06,1.4222
1.4611e-06,1.0971
1.4612e-06,1.2334
1.4613e-06,1.3137
1.4614e-06,1.0037
1.4615e-06,1.2994
1.4616e-06,1.2523
1.4617e-06,1.2607
1.4618e-06,1.2246
1.4619e-06,1.143
1.462e-06,1.1992
1.4621e-06,1.27
1.4622e-06,1.1468
1.4623e-06,1.1499
1.4624e-06,1.2902
1.4625e-06,1.2171
1.4626e-06,1.1799
1.4627e-06,1.1992
1.4628e-06,1.2276
1.4629e-06,1.0464
1.463e-06,0.97722
1.4631e-06,0.98119
1.4632e-06,0.91911
1.4633e-06,1.084
1.4634e-06,0.96124
1.4635e-06,0.8014
1.4636e-06,0.94648
1.4637e-06,1.0213
1.4638e-06,0.95546
1.4639e-06,1.1178
1.464e-06,1.0791
1.4641e-06,1.0186
1.4642e-06,0.9245
1.4643e-06,0.97173
1.4644e-06,0.9117
1.4645e-06,0.73466
1.4646e-06,0.78322
1.4647e-06,0.94431
1.4648e-06,0.92152
1.4649e-06,0.65307
1.465e-06,0.86096
1.4651e-06,0.77364
1.4652e-06,0.8543
1.4653e-06,0.72204
1.4654e-06,0.87666
1.4655e-06,0.75322
1.4656e-06,0.69797
1.4657e-06,0.72759
1.4658e-06,0.71031
1.4659e-06,0.77929
1.466e-06,0.60881
1.4661e-06,0.67823
1.4662e-06,0.72168
1.4663e-06,0.65505
1.4664e-06,0.8033
1.4665e-06,0.60056
1.4666e-06,0.46224
1.4667e-06,0.5354
1.4668e-06,0.73644
1.4669e-06,0.61596
1.467e-06,0.61361
1.4671e-06,0.60533
1.4672e-06,0.58738
1.4673e-06,0.45955
1.4674e-06,0.61654
1.4675e-06,0.54329
1.4676e-06,0.48694
1.4677e-06,0.41172
1.4678e-06,0.54513
1.4679e-06,0.5347
1.468e-06,0.45234
1.4681e-06,0.33913
1.4682e-06,0.64046
1.4683e-06,0.44326
1.4684e-06,0.34942
1.4685e-06,0.4409
1.4686e-06,0.33575
1.4687e-06,0.18828
1.4688e-06,0.30868
1.4689e-06,0.42369
1.469e-06,0.31134
1.4691e-06,0.30051
1.4692e-06,0.2373
1.4693e-06,0.39043
1.4694e-06,0.21791
1.4695e-06,0.32399
1.4696e-06,0.34795
1.4697e-06,0.15134
1.4698e-06,0.28437
1.4699e-06,0.18246
1.47e-06,0.13365
1.4701e-06,0.049196
1.4702e-06,0.10393
1.4703e-06,0.28412
1.4704e-06,0.15666
1.4705e-06,0.13193
1.4706e-06,0.0013679
1.4707e-06,-0.029268
1.4708e-06,0.032889
1.4709e-06,-0.015955
1.471e-06,0.16038
1.4711e-06,-0.041619
1.4712e-06,0.075566
1.4713e-06,0.037735
1.4714e-06,0.01991
1.4715e-06,0.12896
1.4716e-06,-0.10258
1.4717e-06,-0.083943
1.4718e-06,-0.097376
1.4719e-06,-0.24011
1.472e-06,0.072056
1.4721e-06,-0.15678
1.4722e-06,-0.17799
1.4723e-06,-0.28862
1.4724e-06,-0.19826
1.4725e-06,-0.18768
1.4726e-06,-0.2013
1.4727e-06,-0.077565
1.4728e-06,-0.26367
1.4729e-06,-0.38445
1.473e-06,-0.24205
1.4731e-06,-0.12322
1.4732e-06,-0.17026
1.4733e-06,-0.34747
1.4734e-06,-0.28844
1.4735e-06,-0.38668
1.4736e-06,-0.29258
1.4737e-06,-0.2951
1.4738e-06,-0.35659
1.4739e-06,-0.17522
1.474e-06,-0.3631
1.4741e-06,-0.39486
1.4742e-06,-0.40824
1.4743e-06,-0.48177
1.4744e-06,-0.35941
1.4745e-06,-0.62814
1.4746e-06,-0.39963
1.4747e-06,-0.61897
1.4748e-06,-0.39274
1.4749e-06,-0.59888
1.475e-06,-0.45897
1.4751e-06,-0.59067
1.4752e-06,-0.6342
1.4753e-06,-0.53169
1.4754e-06,-0.58379
1.4755e-06,-0.72333
1.4756e-06,-0.56032
1.4757e-06,-0.62041
1.4758e-06,-0.73455
1.4759e-06,-0.58211
1.476e-06,-0.66689
1.4761e-06,-0.83319
1.4762e-06,-0.6377
1.4763e-06,-0.80679
1.4764e-06,-0.63088
1.4765e-06,-0.84532
1.4766e-06,-0.75747
1.4767e-06,-0.83358
1.4768e-06,-0.80651
1.4769e-06,-0.83873
1.477e-06,-0.75487
1.4771e-06,-0.89438
1.4772e-06,-0.78192
1.4773e-06,-0.89595
1.4774e-06,-0.90466
1.4775e-06,-0.92566
1.4776e-06,-0.78883
1.4777e-06,-0.91036
1.4778e-06,-0.88008
1.4779e-06,-0.94585
1.478e-06,-0.9007
1.4781e-06,-0.90181
1.4782e-06,-0.90825
1.4783e-06,-0.95026
1.4784e-06,-1.041
1.4785e-06,-1.079
1.4786e-06,-1.059
1.4787e-06,-1.0025
1.4788e-06,-1.1092
1.4789e-06,-1.0517
1.479e-06,-1.3286
1.4791e-06,-1.0396
1.4792e-06,-1.2351
1.4793e-06,-1.1864
1.4794e-06,-1.2336
1.4795e-06,-1.2732
1.4796e-06,-1.2224
1.4797e-06,-1.1874
1.4798e-06,-1.1558
1.4799e-06,-1.2968
1.48e-06,-1.3302
1.4801e-06,-1.258
1.4802e-06,-1.3491
1.4803e-06,-1.3697
1.4804e-06,-1.4029
1.4805e-06,-1.1212
1.4806e-06,-1.3387
1.4807e-06,-1.4387
1.4808e-06,-1.3477
1.4809e-06,-1.3261
1.481e-06,-1.5233
1.4811e-06,-1.4568
1.4812e-06,-1.5872
1.4813e-06,-1.3499
1.4814e-06,-1.4276
1.4815e-06,-1.4362
1.4816e-06,-1.5416
1.4817e-06,-1.5909
1.4818e-06,-1.4843
1.4819e-06,-1.5203
1.482e-06,-1.664
1.4821e-06,-1.4006
1.4822e-06,-1.6503
1.4823e-06,-1.4662
1.4824e-06,-1.7191
1.4825e-06,-1.5542
1.4826e-06,-1.4957
1.4827e-06,-1.6955
1.4828e-06,-1.4548
1.4829e-06,-1.6772
1.483e-06,-1.7596
1.4831e-06,-1.7746
1.4832e-06,-1.8059
1.4833e-06,-1.8111
1.4834e-06,-1.6846
1.4835e-06,-1.8273
1.4836e-06,-1.7328
1.4837e-06,-1.7137
1.4838e-06,-1.8672
1.4839e-06,-1.8997
1.484e-06,-1.8703
1.4841e-06,-1.9528
1.4842e-06,-1.9
1.4843e-06,-2.0059
1.4844e-06,-1.8569
1.4845e-06,-1.7832
1.4846e-06,-1.9216
1.4847e-06,-1.8913
1.4848e-06,-1.7443
1.4849e-06,-2.144
1.485e-06,-2.013
1.4851e-06,-1.9525
1.4852e-06,-1.9701
1.4853e-06,-2.0287
1.4854e-06,-1.9121
1.4855e-06,-2.1185
1.4856e-06,-2.1079
1.4857e-06,-2.0548
1.4858e-06,-2.1982
1.4859e-06,-2.1885
1.486e-06,-2.0426
1.4861e-06,-2.1978
1.4862e-06,-2.2378
1.4863e-06,-2.1931
1.4864e-06,-2.3979
1.4865e-06,-2.3133
1.4866e-06,-2.1761
1.4867e-06,-2.4451
1.4868e-06,-2.1488
1.4869e-06,-2.3233
1.487e-06,-2.2949
1.4871e-06,-2.208
1.4872e-06,-2.36
1.4873e-06,-2.3746
1.4874e-06,-2.406
1.4875e-06,-2.5244
1.4876e-06,-2.4446
1.4877e-06,-2.5595
1.4878e-06,-2.5936
1.4879e-06,-2.5008
1.488e-06,-2.6519
1.4881e-06,-2.4312
1.4882e-06,-2.4798
1.4883e-06,-2.3787
1.4884e-06,-2.5298
1.4885e-06,-2.3856
1.4886e-06,-2.6391
1.4887e-06,-2.4211
1.4888e-06,-2.3795
1.4889e-06,-2.6154
1.489e-06,-2.5859
1.4891e-06,-2.6361
1.4892e-06,-2.7507
1.4893e-06,-2.7663
1.4894e-06,-2.7716
1.4895e-06,-2.7232
1.4896e-06,-2.6347
1.4897e-06,-2.6596
1.4898e-06,-2.8082
1.4899e-06,-2.711
1.49e-06,-2.8122
1.4901e-06,-2.6177
1.4902e-06,-2.8353
1.4903e-06,-2.7721
1.4904e-06,-2.7555
1.4905e-06,-2.7623
1.4906e-06,-2.8804
1.4907e-06,-2.9712
1.4908e-06,-2.8532
1.4909e-06,-2.9866
1.491e-06,-2.8981
1.4911e-06,-2.9805
1.4912e-06,-2.8504
1.4913e-06,-2.9262
1.4914e-06,-3.047
1.4915e-06,-2.985
1.4916e-06,-2.9136
1.4917e-06,-3.0367
1.4918e-06,-3.1375
1.4919e-06,-3.1362
1.492e-06,-3.0579
1.4921e-06,-3.2357
1.4922e-06,-3.1812
1.4923e-06,-3.1238
1.4924e-06,-3.0488
1.4925e-06,-3.2028
1.4926e-06,-3.2987
1.4927e-06,-3.2528
1.4928e-06,-3.2152
1.4929e-06,-3.2683
1.493e-06,-3.2551
1.4931e-06,-3.3594
1.4932e-06,-3.2206
1.4933e-06,-3.3181
1.4934e-06,-3.3064
1.4935e-06,-3.3787
1.4936e-06,-3.3283
1.4937e-06,-3.3912
1.4938e-06,-3.498
1.4939e-06,-3.4714
1.494e-06,-3.3815
1.4941e-06,-3.3319
1.4942e-06,-3.4313
1.4943e-06,-3.4521
1.4944e-06,-3.4733
1.4945e-06,-3.5218
1.4946e-06,-3.4928
1.4947e-06,-3.5351
1.4948e-06,-3.6248
1.4949e-06,-3.5488
1.495e-06,-3.5836
1.4951e-06,-3.6086
1.4952e-06,-3.5714
1.4953e-06,-3.5425
1.4954e-06,-3.91
1.4955e-06,-3.4919
1.4956e-06,-3.79
1.4957e-06,-3.8159
1.4958e-06,-3.7969
1.4959e-06,-3.7455
1.496e-06,-3.7593
1.4961e-06,-3.8216
1.4962e-06,-3.8589
1.4963e-06,-3.7248
1.4964e-06,-3.738
1.4965e-06,-3.8971
1.4966e-06,-3.9757
1.4967e-06,-3.903
1.4968e-06,-3.6856
1.4969e-06,-3.8777
1.497e-06,-3.9242
1.4971e-06,-3.9207
1.4972e-06,-3.9506
1.4973e-06,-4.1844
1.4974e-06,-3.9116
1.4975e-06,-3.9731
1.4976e-06,-4.1198
1.4977e-06,-3.8263
1.4978e-06,-4.0845
1.4979e-06,-4.2588
1.498e-06,-4.2092
1.4981e-06,-3.9929
1.4982e-06,-4.196
1.4983e-06,-4.0367
1.4984e-06,-4.1364
1.4985e-06,-4.1123
1.4986e-06,-4.343
1.4987e-06,-4.2043
1.4988e-06,-4.3452
1.4989e-06,-4.1328
1.499e-06,-4.2257
1.4991e-06,-4.3475
1.4992e-06,-4.2634
1.4993e-06,-4.415
1.4994e-06,-4.5623
1.4995e-06,-4.3974
1.4996e-06,-4.3745
1.4997e-06,-4.3483
1.4998e-06,-4.5096
1.4999e-06,-4.388
1.5e-06,-4.5298
1.5001e-06,-4.6267
1.5002e-06,-4.392
1.5003e-06,-4.5626
1.5004e-06,-4.4379
1.5005e-06,-4.5277
1.5006e-06,-4.5174
1.5007e-06,-4.628
1.5008e-06,-4.5551
1.5009e-06,-4.4885
1.501e-06,-4.5124
1.5011e-06,-4.6392
1.5012e-06,-4.7579
1.5013e-06,-4.4793
1.5014e-06,-4.499
1.5015e-06,-4.7065
1.5016e-06,-4.6389
1.5017e-06,-4.6432
1.5018e-06,-4.8299
1.5019e-06,-4.6935
1.502e-06,-4.8634
1.5021e-06,-4.7306
1.5022e-06,-4.9088
1.5023e-06,-4.8802
1.5024e-06,-4.6913
1.5025e-06,-4.8685
1.5026e-06,-5.002
1.5027e-06,-4.7596
1.5028e-06,-4.8476
1.5029e-06,-4.968
1.503e-06,-4.8459
1.5031e-06,-4.6962
1.5032e-06,-4.7868
1.5033e-06,-5.0003
1.5034e-06,-4.9181
1.5035e-06,-4.8874
1.5036e-06,-5.0712
1.5037e-06,-5.1009
1.5038e-06,-5.2712
1.5039e-06,-5.2924
1.504e-06,-5.1849
1.5041e-06,-5.0686
1.5042e-06,-4.959
1.5043e-06,-5.2574
1.5044e-06,-5.1065
1.5045e-06,-5.1137
1.5046e-06,-5.1218
1.5047e-06,-5.0169
1.5048e-06,-5.2325
1.5049e-06,-4.9946
1.505e-06,-5.0361
1.5051e-06,-5.251
1.5052e-06,-5.1161
1.5053e-06,-5.0383
1.5054e-06,-5.2394
1.5055e-06,-5.4014
1.5056e-06,-5.2978
1.5057e-06,-5.3478
1.5058e-06,-5.3172
1.5059e-06,-5.1916
1.506e-06,-5.2402
1.5061e-06,-5.543
1.5062e-06,-5.4131
1.5063e-06,-5.5041
1.5064e-06,-5.5319
1.5065e-06,-5.3844
1.5066e-06,-5.3769
1.5067e-06,-5.4168
1.5068e-06,-5.4894
1.5069e-06,-5.4514
1.507e-06,-5.5007
1.5071e-06,-5.4526
1.5072e-06,-5.4782
1.5073e-06,-5.4788
1.5074e-06,-5.5652
1.5075e-06,-5.6954
1.5076e-06,-5.6027
1.5077e-06,-5.6785
1.5078e-06,-5.7075
1.5079e-06,-5.5985
1.508e-06,-5.5006
1.5081e-06,-5.7752
1.5082e-06,-5.5533
1.5083e-06,-5.6893
1.5084e-06,-5.6854
1.5085e-06,-5.656
1.5086e-06,-5.7393
1.5087e-06,-5.598
1.5088e-06,-5.6984
1.5089e-06,-5.9717
1.509e-06,-5.7317
1.5091e-06,-5.886
1.5092e-06,-5.8199
1.5093e-06,-5.9111
1.5094e-06,-5.9307
1.5095e-06,-5.694
1.5096e-06,-5.8008
1.5097e-06,-5.9409
1.5098e-06,-5.9213
1.5099e-06,-5.9384
1.51e-06,-6.0546
1.5101e-06,-5.9033
1.5102e-06,-5.9558
1.5103e-06,-5.872
1.5104e-06,-5.9951
1.5105e-06,-5.9461
1.5106e-06,-6.0688
1.5107e-06,-5.8772
1.5108e-06,-6.1518
1.5109e-06,-6.0698
1.511e-06,-6.1708
1.5111e-06,-6.0033
1.5112e-06,-5.9519
1.5113e-06,-6.1337
1.5114e-06,-6.1073
1.5115e-06,-6.111
1.5116e-06,-6.0859
1.5117e-06,-6.1589
1.5118e-06,-6.1001
1.5119e-06,-6.2322
1.512e-06,-6.1972
1.5121e-06,-6.1039
1.5122e-06,-6.2193
1.5123e-06,-5.9648
1.5124e-06,-6.0836
1.5125e-06,-6.1965
1.5126e-06,-6.1706
1.5127e-06,-6.1644
1.5128e-06,-6.2436
1.5129e-06,-6.4799
1.513e-06,-6.1939
1.5131e-06,-6.1866
1.5132e-06,-6.2491
1.5133e-06,-6.1343
1.5134e-06,-6.323
1.5135e-06,-6.5099
1.5136e-06,-6.3992
1.5137e-06,-6.3635
1.5138e-06,-6.5646
1.5139e-06,-6.3081
1.514e-06,-6.534
1.5141e-06,-6.3545
1.5142e-06,-6.2676
1.5143e-06,-6.3067
1.5144e-06,-6.4194
1.5145e-06,-6.3659
1.5146e-06,-6.5181
1.5147e-06,-6.3512
1.5148e-06,-6.2241
1.5149e-06,-6.4136
1.515e-06,-6.5076
1.5151e-06,-6.5715
1.5152e-06,-6.5647
1.5153e-06,-6.5412
1.5154e-06,-6.4896
1.5155e-06,-6.4928
1.5156e-06,-6.4171
1.5157e-06,-6.4743
1.5158e-06,-6.4338
1.5159e-06,-6.5129
1.516e-06,-6.4161
1.5161e-06,-6.3624
1.5162e-06,-6.4263
1.5163e-06,-6.6482
1.5164e-06,-6.5774
1.5165e-06,-6.5465
1.5166e-06,-6.4685
1.5167e-06,-6.5762
1.5168e-06,-6.5797
1.5169e-06,-6.6517
1.517e-06,-6.7193
1.5171e-06,-6.7691
1.5172e-06,-6.8101
1.5173e-06,-6.5796
1.5174e-06,-6.6932
1.5175e-06,-6.584
1.5176e-06,-6.5228
1.5177e-06,-6.5806
1.5178e-06,-6.6104
1.5179e-06,-6.5343
1.518e-06,-6.7439
1.5181e-06,-6.817
1.5182e-06,-6.7086
1.5183e-06,-6.7071
1.5184e-06,-6.8903
1.5185e-06,-6.9403
1.5186e-06,-6.8124
1.5187e-06,-6.8892
1.5188e-06,-6.8221
1.5189e-06,-6.6708
1.519e-06,-6.8903
1.5191e-06,-6.7046
1.5192e-06,-6.6455
1.5193e-06,-6.9354
1.5194e-06,-6.7768
1.5195e-06,-6.6445
1.5196e-06,-6.7853
1.5197e-06,-6.9597
1.5198e-06,-6.6494
1.5199e-06,-6.8555
1.52e-06,-6.6041
1.5201e-06,-6.8376
1.5202e-06,-6.6669
1.5203e-06,-6.7157
1.5204e-06,-6.797
1.5205e-06,-6.5679
1.5206e-06,-6.8101
1.5207e-06,-6.7936
1.5208e-06,-6.856
1.5209e-06,-6.8414
1.521e-06,-6.922
1.5211e-06,-6.8732
1.5212e-06,-6.967
1.5213e-06,-7.1512
1.5214e-06,-6.9354
1.5215e-06,-6.6702
1.5216e-06,-6.9206
1.5217e-06,-6.7629
1.5218e-06,-6.8377
1.5219e-06,-6.7143
1.522e-06,-6.851
1.5221e-06,-6.9858
1.5222e-06,-6.8948
1.5223e-06,-6.6209
1.5224e-06,-7.0602
1.5225e-06,-6.8693
1.5226e-06,-6.741
1.5227e-06,-6.9612
1.5228e-06,-6.9623
1.5229e-06,-6.8893
1.523e-06,-6.9274
1.5231e-06,-6.8837
1.5232e-06,-6.9351
1.5233e-06,-6.8166
1.5234e-06,-7.0341
1.5235e-06,-6.8622
1.5236e-06,-6.7091
1.5237e-06,-6.8476
1.5238e-06,-6.6568
1.5239e-06,-7.0448
1.524e-06,-6.8556
1.5241e-06,-6.9679
1.5242e-06,-7.0659
1.5243e-06,-7.1418
1.5244e-06,-6.926
1.5245e-06,-6.8144
1.5246e-06,-6.9022
1.5247e-06,-7.0189
1.5248e-06,-6.7604
1.5249e-06,-6.9202
1.525e-06,-6.9132
1.5251e-06,-6.8616
1.5252e-06,-7.085
1.5253e-06,-6.7907
1.5254e-06,-6.8595
1.5255e-06,-7.0378
1.5256e-06,-6.9278
1.5257e-06,-6.8693
1.5258e-06,-6.8086
1.5259e-06,-7.0862
1.526e-06,-6.8854
1.5261e-06,-6.974
1.5262e-06,-6.8492
1.5263e-06,-6.9074
1.5264e-06,-6.9799
1.5265e-06,-6.887
1.5266e-06,-6.9027
1.5267e-06,-7.0627
1.5268e-06,-6.8317
1.5269e-06,-6.7514
1.527e-06,-6.7401
1.5271e-06,-6.973
1.5272e-06,-6.9386
1.5273e-06,-6.8711
1.5274e-06,-6.8922
1.5275e-06,-6.721
1.5276e-06,-7.0481
1.5277e-06,-6.7436
1.5278e-06,-6.9311
1.5279e-06,-6.8654
1.528e-06,-6.8765
1.5281e-06,-6.9803
1.5282e-06,-6.8216
1.5283e-06,-6.8595
1.5284e-06,-6.6408
1.5285e-06,-6.7742
1.5286e-06,-6.9392
1.5287e-06,-6.8495
1.5288e-06,-6.7145
1.5289e-06,-6.8885
1.529e-06,-6.7572
1.5291e-06,-6.7271
1.5292e-06,-6.7368
1.5293e-06,-6.7434
1.5294e-06,-6.8356
1.5295e-06,-6.6341
1.5296e-06,-6.7987
1.5297e-06,-6.636
1.5298e-06,-6.707
1.5299e-06,-6.6801
1.53e-06,-6.6785
1.5301e-06,-6.8085
1.5302e-06,-6.708
1.5303e-06,-6.3615
1.5304e-06,-6.6781
1.5305e-06,-6.644
1.5306e-06,-6.7381
1.5307e-06,-6.7464
1.5308e-06,-6.8146
1.5309e-06,-6.7185
1.531e-06,-6.4213
1.5311e-06,-6.7998
1.5312e-06,-6.7083
1.5313e-06,-6.9167
1.5314e-06,-6.7733
1.5315e-06,-6.6661
1.5316e-06,-6.6861
1.5317e-06,-6.836
1.5318e-06,-6.5258
1.5319e-06,-6.6777
1.532e-06,-6.7089
1.5321e-06,-6.4662
1.5322e-06,-6.6874
1.5323e-06,-6.5285
1.5324e-06,-6.6132
1.5325e-06,-6.6046
1.5326e-06,-6.4505
1.5327e-06,-6.5824
1.5328e-06,-6.4818
1.5329e-06,-6.5282
1.533e-06,-6.5051
1.5331e-06,-6.6348
1.5332e-06,-6.5726
1.5333e-06,-6.6484
1.5334e-06,-6.5431
1.5335e-06,-6.5316
1.5336e-06,-6.5202
1.5337e-06,-6.5457
1.5338e-06,-6.4217
1.5339e-06,-6.3847
1.534e-06,-6.2662
1.5341e-06,-6.3901
1.5342e-06,-6.4867
1.5343e-06,-6.4629
1.5344e-06,-6.5858
1.5345e-06,-6.1938
1.5346e-06,-6.4434
1.5347e-06,-6.4842
1.5348e-06,-6.4102
1.5349e-06,-6.3057
1.535e-06,-6.3062
1.5351e-06,-6.2421
1.5352e-06,-6.3019
1.5353e-06,-6.1498
1.5354e-06,-6.2717
1.5355e-06,-6.2788
1.5356e-06,-6.1805
1.5357e-06,-6.271
1.5358e-06,-6.318
1.5359e-06,-6.2147
1.536e-06,-6.2388
1.5361e-06,-6.0823
1.5362e-06,-6.3118
1.5363e-06,-6.3271
1.5364e-06,-6.2996
1.5365e-06,-6.0664
1.5366e-06,-6.2157
1.5367e-06,-6.3627
1.5368e-06,-6.1068
1.5369e-06,-6.2574
1.537e-06,-6.0518
1.5371e-06,-6.1389
1.5372e-06,-6.1871
1.5373e-06,-6.1834
1.5374e-06,-6.1452
1.5375e-06,-6.1871
1.5376e-06,-6.196
1.5377e-06,-6.0661
1.5378e-06,-6.0399
1.5379e-06,-6.1083
1.538e-06,-6.0731
1.5381e-06,-6.002
1.5382e-06,-6.2689
1.5383e-06,-5.9566
1.5384e-06,-6.0607
1.5385e-06,-5.9345
1.5386e-06,-6.0577
1.5387e-06,-5.9932
1.5388e-06,-5.8311
1.5389e-06,-6.1684
1.539e-06,-6.1412
1.5391e-06,-5.8774
1.5392e-06,-5.8693
1.5393e-06,-5.7726
1.5394e-06,-5.779
1.5395e-06,-5.9728
1.5396e-06,-5.9044
1.5397e-06,-5.8752
1.5398e-06,-5.8905
1.5399e-06,-5.6807
1.54e-06,-5.6443
1.5401e-06,-5.8582
1.5402e-06,-5.8905
1.5403e-06,-5.5193
1.5404e-06,-5.7724
1.5405e-06,-5.8045
1.5406e-06,-5.5713
1.5407e-06,-5.8271
1.5408e-06,-5.5987
1.5409e-06,-5.9064
1.541e-06,-5.8253
1.5411e-06,-5.6492
1.5412e-06,-5.7561
1.5413e-06,-5.5223
1.5414e-06,-5.6076
1.5415e-06,-5.7302
1.5416e-06,-5.7973
1.5417e-06,-5.6597
1.5418e-06,-5.4935
1.5419e-06,-5.5301
1.542e-06,-5.4868
1.5421e-06,-5.6482
1.5422e-06,-5.378
1.5423e-06,-5.6842
1.5424e-06,-5.6071
1.5425e-06,-5.6482
1.5426e-06,-5.5844
1.5427e-06,-5.6664
1.5428e-06,-5.5043
1.5429e-06,-5.4518
1.543e-06,-5.4921
1.5431e-06,-5.4365
1.5432e-06,-5.4543
1.5433e-06,-5.5381
1.5434e-06,-5.5461
1.5435e-06,-5.4479
1.5436e-06,-5.6368
1.5437e-06,-5.2934
1.5438e-06,-5.385
1.5439e-06,-5.2553
1.544e-06,-5.4058
1.5441e-06,-5.3127
1.5442e-06,-5.3078
1.5443e-06,-5.2927
1.5444e-06,-5.4844
1.5445e-06,-5.3912
1.5446e-06,-5.1037
1.5447e-06,-5.2448
1.5448e-06,-5.3172
1.5449e-06,-5.3258
1.545e-06,-5.3267
1.5451e-06,-5.0604
1.5452e-06,-5.144
1.5453e-06,-5.1436
1.5454e-06,-5.3553
1.5455e-06,-5.328
1.5456e-06,-5.3101
1.5457e-06,-5.3174
1.5458e-06,-5.1202
1.5459e-06,-5.2096
1.546e-06,-4.9504
1.5461e-06,-5.2329
1.5462e-06,-4.8026
1.5463e-06,-4.8544
1.5464e-06,-5.1439
1.5465e-06,-5.1395
1.5466e-06,-4.9656
1.5467e-06,-5.1601
1.5468e-06,-5.217
1.5469e-06,-4.959
1.547e-06,-4.9032
1.5471e-06,-4.8119
1.5472e-06,-5.0249
1.5473e-06,-5.0545
1.5474e-06,-4.8675
1.5475e-06,-4.8473
1.5476e-06,-4.8343
1.5477e-06,-4.8933
1.5478e-06,-4.6833
1.5479e-06,-4.9401
1.548e-06,-4.8627
1.5481e-06,-4.8271
1.5482e-06,-4.847
1.5483e-06,-5.0127
1.5484e-06,-4.946
1.5485e-06,-4.6437
1.5486e-06,-4.9246
1.5487e-06,-4.8144
1.5488e-06,-4.6528
1.5489e-06,-4.8365
1.549e-06,-4.6955
1.5491e-06,-4.89
1.5492e-06,-4.4699
1.5493e-06,-4.7035
1.5494e-06,-4.7168
1.5495e-06,-4.6893
1.5496e-06,-4.6394
1.5497e-06,-4.4272
1.5498e-06,-4.7102
1.5499e-06,-4.495
1.55e-06,-4.5709
1.5501e-06,-4.4932
1.5502e-06,-4.3961
1.5503e-06,-4.5339
1.5504e-06,-4.5698
1.5505e-06,-4.4748
1.5506e-06,-4.331
1.5507e-06,-4.4828
1.5508e-06,-4.4903
1.5509e-06,-4.6373
1.551e-06,-4.5422
1.5511e-06,-4.5104
1.5512e-06,-4.3776
1.5513e-06,-4.2983
1.5514e-06,-4.0601
1.5515e-06,-4.2906
1.5516e-06,-4.4162
1.5517e-06,-4.3998
1.5518e-06,-4.2327
1.5519e-06,-4.2849
1.552e-06,-4.129
1.5521e-06,-4.1775
1.5522e-06,-4.266
1.5523e-06,-4.2258
1.5524e-06,-4.3617
1.5525e-06,-4.2455
1.5526e-06,-4.1083
1.5527e-06,-4.2871
1.5528e-06,-4.1327
1.5529e-06,-4.0531
1.553e-06,-4.2079
1.5531e-06,-4.1579
1.5532e-06,-4.166
1.5533e-06,-4.1365
1.5534e-06,-4.0949
1.5535e-06,-3.8798
1.5536e-06,-4.2855
1.5537e-06,-3.9278
1.5538e-06,-4.0179
1.5539e-06,-4.2113
1.554e-06,-3.9656
1.5541e-06,-4.0931
1.5542e-06,-4.0814
1.5543e-06,-4.0067
1.5544e-06,-3.9254
1.5545e-06,-3.9603
1.5546e-06,-3.7265
1.5547e-06,-3.7902
1.5548e-06,-3.8759
1.5549e-06,-3.9896
1.555e-06,-3.7483
1.5551e-06,-3.8497
1.5552e-06,-3.9325
1.5553e-06,-3.9408
1.5554e-06,-3.7526
1.5555e-06,-3.6012
1.5556e-06,-3.9491
1.5557e-06,-3.9295
1.5558e-06,-3.5684
1.5559e-06,-3.8556
1.556e-06,-3.6027
1.5561e-06,-3.9572
1.5562e-06,-3.573
1.5563e-06,-3.5936
1.5564e-06,-3.408
1.5565e-06,-3.4197
1.5566e-06,-3.5155
1.5567e-06,-3.499
1.5568e-06,-3.8371
1.5569e-06,-3.4949
1.557e-06,-3.5327
1.5571e-06,-3.5194
1.5572e-06,-3.5372
1.5573e-06,-3.5431
1.5574e-06,-3.5991
1.5575e-06,-3.5331
1.5576e-06,-3.5885
1.5577e-06,-3.513
1.5578e-06,-3.5366
1.5579e-06,-3.4333
1.558e-06,-3.4823
1.5581e-06,-3.4653
1.5582e-06,-3.5528
1.5583e-06,-3.4743
1.5584e-06,-3.598
1.5585e-06,-3.3872
1.5586e-06,-3.4207
1.5587e-06,-3.3403
1.5588e-06,-3.3318
1.5589e-06,-3.2696
1.559e-06,-3.51
1.5591e-06,-3.2246
1.5592e-06,-3.1284
1.5593e-06,-3.1522
1.5594e-06,-3.5259
1.5595e-06,-3.3072
1.5596e-06,-3.1709
1.5597e-06,-3.1013
1.5598e-06,-3.2444
1.5599e-06,-3.2577
1.56e-06,-3.1067
1.5601e-06,-3.0201
1.5602e-06,-3.2133
1.5603e-06,-3.1813
1.5604e-06,-3.0375
1.5605e-06,-3.0328
1.5606e-06,-3.1197
1.5607e-06,-3.1673
1.5608e-06,-3.0419
1.5609e-06,-3.2465
1.561e-06,-3.0971
1.5611e-06,-3.052
1.5612e-06,-2.976
1.5613e-06,-3.0434
1.5614e-06,-3.0322
1.5615e-06,-3.1557
1.5616e-06,-3.013
1.5617e-06,-2.9799
1.5618e-06,-3.1773
1.5619e-06,-2.8757
1.562e-06,-3.11
1.5621e-06,-2.8121
1.5622e-06,-2.8916
1.5623e-06,-3.0155
1.5624e-06,-3.0255
1.5625e-06,-2.7211
1.5626e-06,-2.8136
1.5627e-06,-2.7649
1.5628e-06,-2.7251
1.5629e-06,-2.9263
1.563e-06,-2.7702
1.5631e-06,-2.6517
1.5632e-06,-2.883
1.5633e-06,-2.7985
1.5634e-06,-2.7135
1.5635e-06,-2.6912
1.5636e-06,-2.5271
1.5637e-06,-2.5575
1.5638e-06,-2.7549
1.5639e-06,-2.6653
1.564e-06,-2.4485
1.5641e-06,-2.6053
1.5642e-06,-2.5854
1.5643e-06,-2.7691
1.5644e-06,-2.4321
1.5645e-06,-2.8277
1.5646e-06,-2.5907
1.5647e-06,-2.7058
1.5648e-06,-2.5212
1.5649e-06,-2.4535
1.565e-06,-2.4653
1.5651e-06,-2.465
1.5652e-06,-2.3973
1.5653e-06,-2.5167
1.5654e-06,-2.4164
1.5655e-06,-2.3709
1.5656e-06,-2.5259
1.5657e-06,-2.5047
1.5658e-06,-2.464
1.5659e-06,-2.5807
1.566e-06,-2.486
1.5661e-06,-2.3257
1.5662e-06,-2.3549
1.5663e-06,-2.3639
1.5664e-06,-2.2341
1.5665e-06,-2.5327
1.5666e-06,-2.3402
1.5667e-06,-2.1581
1.5668e-06,-2.3255
1.5669e-06,-2.3699
1.567e-06,-2.3863
1.5671e-06,-2.1774
1.5672e-06,-2.3128
1.5673e-06,-2.2454
1.5674e-06,-2.2801
1.5675e-06,-2.4226
1.5676e-06,-2.158
1.5677e-06,-2.4355
1.5678e-06,-2.3756
1.5679e-06,-2.3415
1.568e-06,-2.0886
1.5681e-06,-2.1757
1.5682e-06,-2.2494
1.5683e-06,-2.1349
1.5684e-06,-2.1077
1.5685e-06,-2.0847
1.5686e-06,-2.2361
1.5687e-06,-2.2941
1.5688e-06,-2.2651
1.5689e-06,-2.2551
1.569e-06,-2.0306
1.5691e-06,-2.0012
1.5692e-06,-2.0477
1.5693e-06,-1.9342
1.5694e-06,-2.0146
1.5695e-06,-2.1289
1.5696e-06,-2.0828
1.5697e-06,-2.1223
1.5698e-06,-1.8396
1.5699e-06,-2.1641
1.57e-06,-2.0876
1.5701e-06,-2.0378
1.5702e-06,-1.8068
1.5703e-06,-2.0433
1.5704e-06,-1.8411
1.5705e-06,-2.012
1.5706e-06,-1.8423
1.5707e-06,-1.7836
1.5708e-06,-1.9841
1.5709e-06,-1.8028
1.571e-06,-1.8291
1.5711e-06,-2.0721
1.5712e-06,-1.8621
1.5713e-06,-1.9221
1.5714e-06,-1.9187
1.5715e-06,-1.7843
1.5716e-06,-1.9779
1.5717e-06,-1.868
1.5718e-06,-1.8625
1.5719e-06,-1.9461
1.572e-06,-1.6499
1.5721e-06,-1.8259
1.5722e-06,-1.7725
1.5723e-06,-1.51
1.5724e-06,-1.7076
1.5725e-06,-1.7653
1.5726e-06,-1.6162
1.5727e-06,-1.67
1.5728e-06,-1.888
1.5729e-06,-1.5466
1.573e-06,-1.6551
1.5731e-06,-1.8568
1.5732e-06,-1.6871
1.5733e-06,-1.725
1.5734e-06,-1.7479
1.5735e-06,-1.5908
1.5736e-06,-1.7369
1.5737e-06,-1.4299
1.5738e-06,-1.301
1.5739e-06,-1.5515
1.574e-06,-1.4111
1.5741e-06,-1.5917
1.5742e-06,-1.6677
1.5743e-06,-1.3169
1.5744e-06,-1.5202
1.5745e-06,-1.4907
1.5746e-06,-1.3846
1.5747e-06,-1.4061
1.5748e-06,-1.6572
1.5749e-06,-1.4674
1.575e-06,-1.4175
1.5751e-06,-1.3549
1.5752e-06,-1.3973
1.5753e-06,-1.4597
1.5754e-06,-1.3624
1.5755e-06,-1.4584
1.5756e-06,-1.3084
1.5757e-06,-1.5357
1.5758e-06,-1.4998
1.5759e-06,-1.2772
1.576e-06,-1.2746
1.5761e-06,-1.5736
1.5762e-06,-1.207
1.5763e-06,-1.2187
1.5764e-06,-1.2162
1.5765e-06,-1.2567
1.5766e-06,-1.3522
1.5767e-06,-1.3172
1.5768e-06,-1.4484
1.5769e-06,-1.2648
1.577e-06,-1.3015
1.5771e-06,-1.1992
1.5772e-06,-1.2726
1.5773e-06,-1.2241
1.5774e-06,-1.2756
1.5775e-06,-1.2283
1.5776e-06,-1.2211
1.5777e-06,-1.2439
1.5778e-06,-0.90805
1.5779e-06,-1.0703
1.578e-06,-1.2029
1.5781e-06,-1.1287
1.5782e-06,-1.079
1.5783e-06,-1.0127
1.5784e-06,-1.0062
1.5785e-06,-0.98614
1.5786e-06,-1.1256
1.5787e-06,-1.0759
1.5788e-06,-1.029
1.5789e-06,-1.051
1.579e-06,-1.0872
1.5791e-06,-0.7278
1.5792e-06,-0.96424
1.5793e-06,-0.94008
1.5794e-06,-0.93518
1.5795e-06,-0.87535
1.5796e-06,-0.92729
1.5797e-06,-1.0149
1.5798e-06,-0.92806
1.5799e-06,-0.94537
1.58e-06,-0.93582
1.5801e-06,-0.7686
1.5802e-06,-0.77661
1.5803e-06,-0.87331
1.5804e-06,-0.61063
1.5805e-06,-0.82749
1.5806e-06,-0.91571
1.5807e-06,-0.96571
1.5808e-06,-0.97535
1.5809e-06,-0.97153
1.581e-06,-0.84168
1.5811e-06,-0.6875
1.5812e-06,-1.13
1.5813e-06,-0.731
1.5814e-06,-0.90314
1.5815e-06,-0.8613
1.5816e-06,-0.71445
1.5817e-06,-0.59364
1.5818e-06,-0.66047
1.5819e-06,-0.90207
1.582e-06,-0.7473
1.5821e-06,-0.69264
1.5822e-06,-0.66116
1.5823e-06,-0.71621
1.5824e-06,-0.68104
1.5825e-06,-0.65101
1.5826e-06,-0.69956
1.5827e-06,-0.75543
1.5828e-06,-0.4447
1.5829e-06,-0.55523
1.583e-06,-0.49431
1.5831e-06,-0.43985
1.5832e-06,-0.56414
1.5833e-06,-0.65547
1.5834e-06,-0.80558
1.5835e-06,-0.59113
1.5836e-06,-0.6149
1.5837e-06,-0.46638
1.5838e-06,-0.47842
1.5839e-06,-0.47625
1.584e-06,-0.71967
1.5841e-06,-0.55364
1.5842e-06,-0.52203
1.5843e-06,-0.48604
1.5844e-06,-0.46328
1.5845e-06,-0.56879
1.5846e-06,-0.58846
1.5847e-06,-0.3637
1.5848e-06,-0.33478
1.5849e-06,-0.28635
1.585e-06,-0.50443
1.5851e-06,-0.49819
1.5852e-06,-0.31741
1.5853e-06,-0.36305
1.5854e-06,-0.3858
1.5855e-06,-0.33753
1.5856e-06,-0.59248
1.5857e-06,-0.31532
1.5858e-06,-0.23534
1.5859e-06,-0.35605
1.586e-06,-0.21454
1.5861e-06,-0.32983
1.5862e-06,-0.099889
1.5863e-06,-0.38547
1.5864e-06,-0.23175
1.5865e-06,-0.29547
1.5866e-06,-0.047427
1.5867e-06,-0.36906
1.5868e-06,-0.3939
1.5869e-06,-0.092453
1.587e-06,-0.34505
1.5871e-06,-0.54214
1.5872e-06,-0.21511
1.5873e-06,0.03017
1.5874e-06,-0.17408
1.5875e-06,-0.20843
1.5876e-06,-0.28726
1.5877e-06,-0.13461
1.5878e-06,-0.14701
1.5879e-06,-0.13149
1.588e-06,0.067734
1.5881e-06,-0.028197
1.5882e-06,-0.14013
1.5883e-06,-0.146
1.5884e-06,-0.044167
1.5885e-06,-0.12469
1.5886e-06,-0.0022924
1.5887e-06,-0.0051609
1.5888e-06,-0.23179
1.5889e-06,-0.24688
1.589e-06,0.0071307
1.5891e-06,-0.00069648
1.5892e-06,-0.15728
1.5893e-06,0.22607
1.5894e-06,0.2039
1.5895e-06,0.10429
1.5896e-06,-0.081304
1.5897e-06,0.1438
1.5898e-06,0.2121
1.5899e-06,0.056615
1.59e-06,0.30267
1.5901e-06,0.087006
1.5902e-06,0.12758
1.5903e-06,0.23957
1.5904e-06,0.1392
1.5905e-06,0.15141
1.5906e-06,0.1101
1.5907e-06,0.34144
1.5908e-06,0.036159
1.5909e-06,0.16663
1.591e-06,0.12566
1.5911e-06,0.16863
1.5912e-06,-0.10564
1.5913e-06,0.23168
1.5914e-06,0.032954
1.5915e-06,0.28591
1.5916e-06,0.18045
1.5917e-06,0.26042
1.5918e-06,0.25818
1.5919e-06,0.27506
1.592e-06,0.31079
1.5921e-06,0.17248
1.5922e-06,0.26552
1.5923e-06,0.21763
1.5924e-06,0.37778
1.5925e-06,0.21653
1.5926e-06,0.31975
1.5927e-06,0.22343
1.5928e-06,0.39034
1.5929e-06,0.13631
1.593e-06,0.33963
1.5931e-06,0.30704
1.5932e-06,0.37969
1.5933e-06,0.35937
1.5934e-06,0.27378
1.5935e-06,0.27398
1.5936e-06,0.36648
1.5937e-06,0.41482
1.5938e-06,0.49892
1.5939e-06,0.20957
1.594e-06,0.60941
1.5941e-06,0.61435
1.5942e-06,0.46161
1.5943e-06,0.59115
1.5944e-06,0.39584
1.5945e-06,0.43089
1.5946e-06,0.4069
1.5947e-06,0.49962
1.5948e-06,0.4059
1.5949e-06,0.47925
1.595e-06,0.34826
1.5951e-06,0.45241
1.5952e-06,0.34772
1.5953e-06,0.47664
1.5954e-06,0.54894
1.5955e-06,0.50032
1.5956e-06,0.46014
1.5957e-06,0.53148
1.5958e-06,0.416
1.5959e-06,0.65007
1.596e-06,0.53641
1.5961e-06,0.70696
1.5962e-06,0.68183
1.5963e-06,0.66325
1.5964e-06,0.42519
1.5965e-06,0.55771
1.5966e-06,0.52491
1.5967e-06,0.47896
1.5968e-06,0.79198
1.5969e-06,0.56355
1.597e-06,0.7875
1.5971e-06,0.53283
1.5972e-06,0.75445
1.5973e-06,0.60949
1.5974e-06,0.8718
1.5975e-06,0.71728
1.5976e-06,0.71111
1.5977e-06,0.81706
1.5978e-06,0.75948
1.5979e-06,0.80063
1.598e-06,0.75638
1.5981e-06,0.69612
1.5982e-06,0.73556
1.5983e-06,0.78602
1.5984e-06,0.91585
1.5985e-06,0.93829
1.5986e-06,0.64859
1.5987e-06,1.0173
1.5988e-06,0.8044
1.5989e-06,0.67897
1.599e-06,0.80947
1.5991e-06,0.88986
1.5992e-06,1.0557
1.5993e-06,1.0125
1.5994e-06,0.8004
1.5995e-06,1.0051
1.5996e-06,0.89265
1.5997e-06,1.0532
1.5998e-06,0.82942
1.5999e-06,0.69149
1.6e-06,0.71527
1.6001e-06,1.009
1.6002e-06,0.67597
1.6003e-06,0.81961
1.6004e-06,0.78883
1.6005e-06,1.103
1.6006e-06,1.0604
1.6007e-06,1.105
1.6008e-06,0.84398
1.6009e-06,0.89928
1.601e-06,1.0034
1.6011e-06,0.73865
1.6012e-06,1.117
1.6013e-06,0.99669
1.6014e-06,1.0894
1.6015e-06,1.1432
1.6016e-06,1.0279
1.6017e-06,1.0419
1.6018e-06,0.93646
1.6019e-06,1.1356
1.602e-06,1.0869
1.6021e-06,0.90127
1.6022e-06,1.136
1.6023e-06,1.202
1.6024e-06,1.0537
1.6025e-06,1.151
1.6026e-06,1.2554
1.6027e-06,1.0891
1.6028e-06,1.1459
1.6029e-06,1.1444
1.603e-06,1.1206
1.6031e-06,1.0392
1.6032e-06,1.2442
1.6033e-06,1.2128
1.6034e-06,1.1025
1.6035e-06,1.2907
1.6036e-06,1.2817
1.6037e-06,1.3239
1.6038e-06,1.1379
1.6039e-06,1.056
1.604e-06,1.1711
1.6041e-06,1.2608
1.6042e-06,1.4013
1.6043e-06,1.2797
1.6044e-06,1.2558
1.6045e-06,1.2919
1.6046e-06,1.3378
1.6047e-06,1.3448
1.6048e-06,1.3676
1.6049e-06,1.3787
1.605e-06,1.584
1.6051e-06,1.4552
1.6052e-06,1.3553
1.6053e-06,1.358
1.6054e-06,1.2586
1.6055e-06,1.5077
1.6056e-06,1.2155
1.6057e-06,1.4146
1.6058e-06,1.3953
1.6059e-06,1.3237
1.606e-06,1.5187
1.6061e-06,1.4677
1.6062e-06,1.5999
1.6063e-06,1.3859
1.6064e-06,1.5618
1.6065e-06,1.3472
1.6066e-06,1.6961
1.6067e-06,1.6727
1.6068e-06,1.7085
1.6069e-06,1.5164
1.607e-06,1.3539
1.6071e-06,1.2632
1.6072e-06,1.575
1.6073e-06,1.4044
1.6074e-06,1.5029
1.6075e-06,1.5325
1.6076e-06,1.3895
1.6077e-06,1.5448
1.6078e-06,1.6685
1.6079e-06,1.6153
1.608e-06,1.579
1.6081e-06,1.5687
1.6082e-06,1.6921
1.6083e-06,1.4966
1.6084e-06,1.6348
1.6085e-06,1.6872
1.6086e-06,1.5884
1.6087e-06,1.6646
1.6088e-06,1.4458
1.6089e-06,1.5987
1.609e-06,1.6288
1.6091e-06,1.849
1.6092e-06,1.7289
1.6093e-06,1.5292
1.6094e-06,1.7005
1.6095e-06,1.8607
1.6096e-06,1.8645
1.6097e-06,1.789
1.6098e-06,1.6368
1.6099e-06,1.8235
1.61e-06,1.6133
1.6101e-06,1.6669
1.6102e-06,1.9037
1.6103e-06,1.7952
1.6104e-06,1.6334
1.6105e-06,1.78
1.6106e-06,1.8946
1.6107e-06,1.6743
1.6108e-06,1.8304
1.6109e-06,1.9515
1.611e-06,1.708
1.6111e-06,1.6164
1.6112e-06,1.9414
1.6113e-06,1.8711
1.6114e-06,1.7877
1.6115e-06,1.6306
1.6116e-06,1.8816
1.6117e-06,1.7167
1.6118e-06,1.794
1.6119e-06,1.8852
1.612e-06,1.8036
1.6121e-06,1.9763
1.6122e-06,1.9656
1.6123e-06,1.6998
1.6124e-06,1.9905
1.6125e-06,1.966
1.6126e-06,1.8389
1.6127e-06,2.1824
1.6128e-06,1.9073
1.6129e-06,1.739
1.613e-06,2.0193
1.6131e-06,2.3101
1.6132e-06,1.8847
1.6133e-06,1.9416
1.6134e-06,1.9092
1.6135e-06,1.8491
1.6136e-06,1.9772
1.6137e-06,1.8973
1.6138e-06,1.9195
1.6139e-06,1.8883
1.614e-06,1.7009
1.6141e-06,2.0755
1.6142e-06,1.8029
1.6143e-06,2.1108
1.6144e-06,2.0051
1.6145e-06,2.0013
1.6146e-06,2.1035
1.6147e-06,2.0536
1.6148e-06,2.1052
1.6149e-06,1.971
1.615e-06,1.9122
1.6151e-06,2.1293
1.6152e-06,2.1551
1.6153e-06,2.0924
1.6154e-06,2.1445
1.6155e-06,2.0116
1.6156e-06,2.1756
1.6157e-06,2.1376
1.6158e-06,2.0096
1.6159e-06,1.9017
1.616e-06,1.8637
1.6161e-06,2.0053
1.6162e-06,2.0796
1.6163e-06,2.3494
1.6164e-06,2.2843
1.6165e-06,2.2071
1.6166e-06,2.2616
1.6167e-06,2.2497
1.6168e-06,2.2489
1.6169e-06,2.0553
1.617e-06,2.3251
1.6171e-06,2.1502
1.6172e-06,2.1656
1.6173e-06,2.1286
1.6174e-06,2.1274
1.6175e-06,2.1712
1.6176e-06,2.4175
1.6177e-06,2.0229
1.6178e-06,2.1864
1.6179e-06,2.2668
1.618e-06,2.1539
1.6181e-06,2.3654
1.6182e-06,2.2681
1.6183e-06,2.2443
1.6184e-06,2.3063
1.6185e-06,2.3708
1.6186e-06,2.2682
1.6187e-06,2.3064
1.6188e-06,2.5522
1.6189e-06,2.1538
1.619e-06,2.6524
1.6191e-06,2.4298
1.6192e-06,2.4687
1.6193e-06,2.3041
1.6194e-06,2.5875
1.6195e-06,2.222
1.6196e-06,2.4669
1.6197e-06,2.4273
1.6198e-06,2.0366
1.6199e-06,2.2403
1.62e-06,2.2394
1.6201e-06,2.2268
1.6202e-06,2.392
1.6203e-06,2.4236
1.6204e-06,2.6087
1.6205e-06,2.1514
1.6206e-06,2.5476
1.6207e-06,2.2978
1.6208e-06,2.6083
1.6209e-06,2.649
1.621e-06,2.2067
1.6211e-06,2.4084
1.6212e-06,2.4479
1.6213e-06,2.6985
1.6214e-06,2.4369
1.6215e-06,2.3882
1.6216e-06,2.3897
1.6217e-06,2.4586
1.6218e-06,2.6475
1.6219e-06,2.3305
1.622e-06,2.5036
1.6221e-06,2.6455
1.6222e-06,2.5409
1.6223e-06,2.4491
1.6224e-06,2.5725
1.6225e-06,2.5146
1.6226e-06,2.4769
1.6227e-06,2.6698
1.6228e-06,2.5195
1.6229e-06,2.3272
1.623e-06,2.5291
1.6231e-06,2.7091
1.6232e-06,2.3696
1.6233e-06,2.795
1.6234e-06,2.6132
1.6235e-06,2.6371
1.6236e-06,2.6778
1.6237e-06,2.4585
1.6238e-06,2.434
1.6239e-06,2.7139
1.624e-06,2.5167
1.6241e-06,2.532
1.6242e-06,2.4142
1.6243e-06,2.599
1.6244e-06,2.9338
1.6245e-06,2.6959
1.6246e-06,2.6076
1.6247e-06,2.5731
1.6248e-06,2.6202
1.6249e-06,2.5328
1.625e-06,2.5585
1.6251e-06,2.6035
1.6252e-06,2.666
1.6253e-06,2.8793
1.6254e-06,2.8032
1.6255e-06,2.5934
1.6256e-06,2.6685
1.6257e-06,2.8206
1.6258e-06,2.836
1.6259e-06,2.7185
1.626e-06,2.6812
1.6261e-06,2.6823
1.6262e-06,2.6893
1.6263e-06,2.725
1.6264e-06,2.8895
1.6265e-06,2.7483
1.6266e-06,2.8587
1.6267e-06,2.8225
1.6268e-06,2.9599
1.6269e-06,2.6188
1.627e-06,2.8925
1.6271e-06,2.7025
1.6272e-06,2.699
1.6273e-06,2.6703
1.6274e-06,2.9688
1.6275e-06,2.7845
1.6276e-06,2.7728
1.6277e-06,2.7749
1.6278e-06,2.899
1.6279e-06,2.8303
1.628e-06,2.9275
1.6281e-06,2.9488
1.6282e-06,3.0767
1.6283e-06,2.7817
1.6284e-06,2.8695
1.6285e-06,2.6863
1.6286e-06,2.8191
1.6287e-06,2.8828
1.6288e-06,2.6252
1.6289e-06,2.8367
1.629e-06,2.8305
1.6291e-06,2.7868
1.6292e-06,2.9508
1.6293e-06,2.8123
1.6294e-06,2.9953
1.6295e-06,2.8725
1.6296e-06,2.8097
1.6297e-06,2.7276
1.6298e-06,3.0457
1.6299e-06,2.7987
1.63e-06,2.956
1.6301e-06,2.8746
1.6302e-06,3.028
1.6303e-06,2.9285
1.6304e-06,2.8471
1.6305e-06,2.7867
1.6306e-06,2.6949
1.6307e-06,2.8672
1.6308e-06,2.679
1.6309e-06,3.1477
1.631e-06,2.9853
1.6311e-06,3.0726
1.6312e-06,3.0349
1.6313e-06,3.1445
1.6314e-06,3.039
1.6315e-06,3.1276
1.6316e-06,2.7274
1.6317e-06,3.0352
1.6318e-06,2.8474
1.6319e-06,2.9022
1.632e-06,3.0064
1.6321e-06,3.0641
1.6322e-06,2.9042
1.6323e-06,2.9655
1.6324e-06,3.038
1.6325e-06,2.9461
1.6326e-06,3.0425
1.6327e-06,3.1497
1.6328e-06,3.2015
1.6329e-06,3.0457
1.633e-06,3.1349
1.6331e-06,2.9728
1.6332e-06,2.9569
1.6333e-06,3.169
1.6334e-06,3.0771
1.6335e-06,3.0162
1.6336e-06,3.1285
1.6337e-06,3.2963
1.6338e-06,3.236
1.6339e-06,2.98
1.634e-06,3.0769
1.6341e-06,3.2253
1.6342e-06,3.1272
1.6343e-06,3.0736
1.6344e-06,3.196
1.6345e-06,3.3098
1.6346e-06,3.2491
1.6347e-06,3.0482
1.6348e-06,3.3371
1.6349e-06,2.974
1.635e-06,3.2448
1.6351e-06,3.1176
1.6352e-06,2.9529
1.6353e-06,3.0283
1.6354e-06,3.1963
1.6355e-06,3.3787
1.6356e-06,3.2634
1.6357e-06,2.8653
1.6358e-06,3.3766
1.6359e-06,3.0636
1.636e-06,3.0502
1.6361e-06,2.9643
1.6362e-06,3.2822
1.6363e-06,3.215
1.6364e-06,3.1378
1.6365e-06,3.3203
1.6366e-06,3.1497
1.6367e-06,3.409
1.6368e-06,3.3413
1.6369e-06,3.1697
1.637e-06,3.1111
1.6371e-06,3.0472
1.6372e-06,3.261
1.6373e-06,3.2798
1.6374e-06,3.3254
1.6375e-06,3.142
1.6376e-06,3.3236
1.6377e-06,3.2956
1.6378e-06,3.343
1.6379e-06,3.3523
1.638e-06,3.5345
1.6381e-06,3.238
1.6382e-06,3.203
1.6383e-06,3.4212
1.6384e-06,3.4361
1.6385e-06,3.588
1.6386e-06,3.5512
1.6387e-06,3.5033
1.6388e-06,3.2988
1.6389e-06,3.4639
1.639e-06,3.4325
1.6391e-06,3.2696
1.6392e-06,3.248
1.6393e-06,3.4047
1.6394e-06,3.4858
1.6395e-06,3.5399
1.6396e-06,3.4179
1.6397e-06,3.4511
1.6398e-06,3.4252
1.6399e-06,3.525
1.64e-06,3.4191
1.6401e-06,3.3526
1.6402e-06,3.5137
1.6403e-06,3.9406
1.6404e-06,3.6686
1.6405e-06,3.7291
1.6406e-06,3.3959
1.6407e-06,3.5139
1.6408e-06,3.4882
1.6409e-06,3.5442
1.641e-06,3.8318
1.6411e-06,3.5293
1.6412e-06,3.5849
1.6413e-06,3.463
1.6414e-06,3.4105
1.6415e-06,3.7063
1.6416e-06,3.4499
1.6417e-06,3.6399
1.6418e-06,3.5101
1.6419e-06,3.5272
1.642e-06,3.47
1.6421e-06,3.3715
1.6422e-06,3.5532
1.6423e-06,3.5679
1.6424e-06,3.5535
1.6425e-06,3.536
1.6426e-06,3.4231
1.6427e-06,3.4687
1.6428e-06,3.5692
1.6429e-06,3.595
1.643e-06,3.7362
1.6431e-06,3.6099
1.6432e-06,3.3175
1.6433e-06,3.4439
1.6434e-06,3.5238
1.6435e-06,3.5587
1.6436e-06,3.803
1.6437e-06,3.5876
1.6438e-06,3.708
1.6439e-06,3.5647
1.644e-06,3.8666
1.6441e-06,3.6184
1.6442e-06,3.6101
1.6443e-06,3.5391
1.6444e-06,3.6496
1.6445e-06,3.6382
1.6446e-06,3.7331
1.6447e-06,3.7069
1.6448e-06,3.7544
1.6449e-06,3.6484
1.645e-06,3.5701
1.6451e-06,3.78
1.6452e-06,3.5056
1.6453e-06,3.6718
1.6454e-06,3.648
1.6455e-06,3.5709
1.6456e-06,3.69
1.6457e-06,3.6696
1.6458e-06,3.7446
1.6459e-06,3.765
1.646e-06,3.7747
1.6461e-06,3.5954
1.6462e-06,3.7046
1.6463e-06,3.5191
1.6464e-06,3.722
1.6465e-06,3.7461
1.6466e-06,3.9699
1.6467e-06,3.5151
1.6468e-06,3.7558
1.6469e-06,3.6355
1.647e-06,3.9657
1.6471e-06,3.6698
1.6472e-06,3.9139
1.6473e-06,3.9248
1.6474e-06,3.6625
1.6475e-06,3.7694
1.6476e-06,3.909
1.6477e-06,3.6004
1.6478e-06,4.0385
1.6479e-06,3.7679
1.648e-06,3.7263
1.6481e-06,3.7107
1.6482e-06,3.9287
1.6483e-06,3.6489
1.6484e-06,3.8837
1.6485e-06,3.7058
1.6486e-06,3.7778
1.6487e-06,3.592
1.6488e-06,3.8141
1.6489e-06,3.8262
1.649e-06,3.7538
1.6491e-06,4.0827
1.6492e-06,3.9742
1.6493e-06,3.9717
1.6494e-06,4.0394
1.6495e-06,3.9681
1.6496e-06,3.831
1.6497e-06,3.8613
1.6498e-06,3.8361
1.6499e-06,3.9466
1.65e-06,3.8974
