1.35e-06,8.5551
1.3501e-06,8.675
1.3502e-06,8.7116
1.3503e-06,8.7157
1.3504e-06,8.6792
1.3505e-06,8.6312
1.3506e-06,8.579
1.3507e-06,8.7378
1.3508e-06,8.7874
1.3509e-06,8.5679
1.351e-06,8.7086
1.3511e-06,8.623
1.3512e-06,8.6739
1.3513e-06,8.6036
1.3514e-06,8.7439
1.3515e-06,8.6184
1.3516e-06,8.6126
1.3517e-06,8.6706
1.3518e-06,8.5863
1.3519e-06,8.5905
1.352e-06,8.639
1.3521e-06,8.7329
1.3522e-06,8.6434
1.3523e-06,8.6145
1.3524e-06,8.477
1.3525e-06,8.6272
1.3526e-06,8.5214
1.3527e-06,8.5139
1.3528e-06,8.4842
1.3529e-06,8.5673
1.353e-06,8.6347
1.3531e-06,8.5585
1.3532e-06,8.4517
1.3533e-06,8.5391
1.3534e-06,8.4199
1.3535e-06,8.55
1.3536e-06,8.6569
1.3537e-06,8.4821
1.3538e-06,8.5657
1.3539e-06,8.5503
1.354e-06,8.6159
1.3541e-06,8.5676
1.3542e-06,8.3413
1.3543e-06,8.4164
1.3544e-06,8.5232
1.3545e-06,8.4529
1.3546e-06,8.4441
1.3547e-06,8.4856
1.3548e-06,8.538
1.3549e-06,8.4963
1.355e-06,8.4081
1.3551e-06,8.5103
1.3552e-06,8.3999
1.3553e-06,8.3918
1.3554e-06,8.3426
1.3555e-06,8.3935
1.3556e-06,8.368
1.3557e-06,8.3385
1.3558e-06,8.4547
1.3559e-06,8.4276
1.356e-06,8.4201
1.3561e-06,8.5177
1.3562e-06,8.467
1.3563e-06,8.5217
1.3564e-06,8.4017
1.3565e-06,8.508
1.3566e-06,8.4488
1.3567e-06,8.4141
1.3568e-06,8.5493
1.3569e-06,8.3718
1.357e-06,8.4292
1.3571e-06,8.3879
1.3572e-06,8.2097
1.3573e-06,8.4302
1.3574e-06,8.3232
1.3575e-06,8.3667
1.3576e-06,8.2694
1.3577e-06,8.3278
1.3578e-06,8.3302
1.3579e-06,8.4022
1.358e-06,8.3209
1.3581e-06,8.2782
1.3582e-06,8.3309
1.3583e-06,8.4402
1.3584e-06,8.2067
1.3585e-06,8.417
1.3586e-06,8.2898
1.3587e-06,8.355
1.3588e-06,8.3269
1.3589e-06,8.3086
1.359e-06,8.268
1.3591e-06,8.3808
1.3592e-06,8.2147
1.3593e-06,8.3151
1.3594e-06,8.3403
1.3595e-06,8.1248
1.3596e-06,8.1676
1.3597e-06,8.3292
1.3598e-06,8.1546
1.3599e-06,8.3248
1.36e-06,8.2753
1.3601e-06,8.1733
1.3602e-06,8.1385
1.3603e-06,8.1798
1.3604e-06,8.1986
1.3605e-06,8.1993
1.3606e-06,8.1437
1.3607e-06,8.1729
1.3608e-06,8.2813
1.3609e-06,8.179
1.361e-06,8.181
1.3611e-06,8.2434
1.3612e-06,8.2242
1.3613e-06,8.1412
1.3614e-06,8.1928
1.3615e-06,8.2129
1.3616e-06,8.1631
1.3617e-06,8.1987
1.3618e-06,8.1889
1.3619e-06,8.2655
1.362e-06,8.1795
1.3621e-06,8.1851
1.3622e-06,8.215
1.3623e-06,8.0854
1.3624e-06,8.1211
1.3625e-06,8.0446
1.3626e-06,8.0667
1.3627e-06,8.1576
1.3628e-06,8.1538
1.3629e-06,8.075
1.363e-06,8.2721
1.3631e-06,8.18
1.3632e-06,8.0616
1.3633e-06,8.1453
1.3634e-06,8.0101
1.3635e-06,8.2072
1.3636e-06,8.0951
1.3637e-06,8.1646
1.3638e-06,8.1363
1.3639e-06,8.1657
1.364e-06,8.0757
1.3641e-06,8.0888
1.3642e-06,8.2324
1.3643e-06,8.1272
1.3644e-06,8.0594
1.3645e-06,8.082
1.3646e-06,7.9057
1.3647e-06,8.0094
1.3648e-06,7.9596
1.3649e-06,8.0873
1.365e-06,7.9998
1.3651e-06,8.0181
1.3652e-06,8.0413
1.3653e-06,7.9313
1.3654e-06,7.9449
1.3655e-06,8.2239
1.3656e-06,8.0015
1.3657e-06,8.0671
1.3658e-06,7.8488
1.3659e-06,7.9228
1.366e-06,7.9903
1.3661e-06,8.075
1.3662e-06,8.0267
1.3663e-06,7.8944
1.3664e-06,7.991
1.3665e-06,8.0235
1.3666e-06,7.9465
1.3667e-06,7.8653
1.3668e-06,7.8281
1.3669e-06,7.9345
1.367e-06,7.9019
1.3671e-06,7.8534
1.3672e-06,8.0462
1.3673e-06,7.9031
1.3674e-06,8.0029
1.3675e-06,7.848
1.3676e-06,8.002
1.3677e-06,7.9972
1.3678e-06,7.9737
1.3679e-06,7.9391
1.368e-06,7.9625
1.3681e-06,8.0198
1.3682e-06,8.0378
1.3683e-06,7.8796
1.3684e-06,7.9263
1.3685e-06,7.8509
1.3686e-06,7.8386
1.3687e-06,7.7525
1.3688e-06,7.8824
1.3689e-06,7.7647
1.369e-06,7.8675
1.3691e-06,7.8677
1.3692e-06,7.8964
1.3693e-06,7.8629
1.3694e-06,7.808
1.3695e-06,7.7215
1.3696e-06,7.7981
1.3697e-06,7.783
1.3698e-06,7.8535
1.3699e-06,7.8113
1.37e-06,7.8049
1.3701e-06,7.7073
1.3702e-06,7.8333
1.3703e-06,7.7463
1.3704e-06,7.6566
1.3705e-06,7.8883
1.3706e-06,7.9193
1.3707e-06,7.8326
1.3708e-06,7.7722
1.3709e-06,7.8664
1.371e-06,7.6884
1.3711e-06,7.8574
1.3712e-06,7.8027
1.3713e-06,7.7694
1.3714e-06,7.6852
1.3715e-06,7.666
1.3716e-06,7.7704
1.3717e-06,7.7372
1.3718e-06,7.7082
1.3719e-06,7.7803
1.372e-06,7.7025
1.3721e-06,7.6798
1.3722e-06,7.6613
1.3723e-06,7.7643
1.3724e-06,7.7148
1.3725e-06,7.6455
1.3726e-06,7.6417
1.3727e-06,7.5903
1.3728e-06,7.5814
1.3729e-06,7.6127
1.373e-06,7.4954
1.3731e-06,7.8021
1.3732e-06,7.7333
1.3733e-06,7.6054
1.3734e-06,7.6674
1.3735e-06,7.5815
1.3736e-06,7.6019
1.3737e-06,7.5845
1.3738e-06,7.6785
1.3739e-06,7.6889
1.374e-06,7.6594
1.3741e-06,7.5407
1.3742e-06,7.5362
1.3743e-06,7.5648
1.3744e-06,7.6298
1.3745e-06,7.5402
1.3746e-06,7.5866
1.3747e-06,7.5358
1.3748e-06,7.5705
1.3749e-06,7.583
1.375e-06,7.6172
1.3751e-06,7.6265
1.3752e-06,7.5193
1.3753e-06,7.5546
1.3754e-06,7.5326
1.3755e-06,7.6005
1.3756e-06,7.5187
1.3757e-06,7.5259
1.3758e-06,7.5986
1.3759e-06,7.544
1.376e-06,7.4403
1.3761e-06,7.3684
1.3762e-06,7.6079
1.3763e-06,7.5904
1.3764e-06,7.4218
1.3765e-06,7.5258
1.3766e-06,7.609
1.3767e-06,7.58
1.3768e-06,7.4567
1.3769e-06,7.4741
1.377e-06,7.4774
1.3771e-06,7.3757
1.3772e-06,7.4355
1.3773e-06,7.5464
1.3774e-06,7.5207
1.3775e-06,7.413
1.3776e-06,7.2604
1.3777e-06,7.2795
1.3778e-06,7.3717
1.3779e-06,7.5034
1.378e-06,7.4826
1.3781e-06,7.3837
1.3782e-06,7.382
1.3783e-06,7.4288
1.3784e-06,7.3371
1.3785e-06,7.566
1.3786e-06,7.3218
1.3787e-06,7.2924
1.3788e-06,7.476
1.3789e-06,7.3527
1.379e-06,7.3372
1.3791e-06,7.3117
1.3792e-06,7.5586
1.3793e-06,7.3572
1.3794e-06,7.3047
1.3795e-06,7.2987
1.3796e-06,7.4227
1.3797e-06,7.4387
1.3798e-06,7.3048
1.3799e-06,7.3325
1.38e-06,7.3024
1.3801e-06,7.3952
1.3802e-06,7.3131
1.3803e-06,7.3148
1.3804e-06,7.3249
1.3805e-06,7.1995
1.3806e-06,7.428
1.3807e-06,7.309
1.3808e-06,7.2355
1.3809e-06,7.2455
1.381e-06,7.2648
1.3811e-06,7.2643
1.3812e-06,7.3221
1.3813e-06,7.3111
1.3814e-06,7.227
1.3815e-06,7.2768
1.3816e-06,7.3054
1.3817e-06,7.2675
1.3818e-06,7.1565
1.3819e-06,7.2454
1.382e-06,7.2013
1.3821e-06,7.1709
1.3822e-06,7.1138
1.3823e-06,7.2256
1.3824e-06,7.2121
1.3825e-06,7.2092
1.3826e-06,7.223
1.3827e-06,7.3179
1.3828e-06,7.2371
1.3829e-06,7.1179
1.383e-06,7.3332
1.3831e-06,7.1885
1.3832e-06,7.0903
1.3833e-06,6.9911
1.3834e-06,7.1689
1.3835e-06,7.1519
1.3836e-06,7.1524
1.3837e-06,7.2399
1.3838e-06,7.1361
1.3839e-06,7.1078
1.384e-06,7.0828
1.3841e-06,7.0461
1.3842e-06,7.1451
1.3843e-06,7.1367
1.3844e-06,7.1125
1.3845e-06,7.1624
1.3846e-06,7.1264
1.3847e-06,7.0198
1.3848e-06,6.9839
1.3849e-06,7.0369
1.385e-06,7.0503
1.3851e-06,7.0458
1.3852e-06,7.1747
1.3853e-06,7.1822
1.3854e-06,7.1582
1.3855e-06,7.0978
1.3856e-06,7.1364
1.3857e-06,7.1214
1.3858e-06,7.0289
1.3859e-06,7.1576
1.386e-06,6.9725
1.3861e-06,6.9458
1.3862e-06,7.0487
1.3863e-06,6.9511
1.3864e-06,6.9167
1.3865e-06,7.0505
1.3866e-06,7.0213
1.3867e-06,7.1513
1.3868e-06,6.8423
1.3869e-06,6.8975
1.387e-06,6.9936
1.3871e-06,6.8709
1.3872e-06,6.9949
1.3873e-06,7.1951
1.3874e-06,6.8747
1.3875e-06,6.9913
1.3876e-06,7.0234
1.3877e-06,6.8643
1.3878e-06,6.7419
1.3879e-06,7.0686
1.388e-06,7.0239
1.3881e-06,6.8124
1.3882e-06,6.8146
1.3883e-06,7.0209
1.3884e-06,6.952
1.3885e-06,7.0167
1.3886e-06,6.9408
1.3887e-06,6.901
1.3888e-06,7.0276
1.3889e-06,6.7872
1.389e-06,6.7616
1.3891e-06,6.8299
1.3892e-06,6.9922
1.3893e-06,6.9602
1.3894e-06,6.9114
1.3895e-06,6.7699
1.3896e-06,6.8046
1.3897e-06,6.8893
1.3898e-06,6.7401
1.3899e-06,6.7986
1.39e-06,6.7737
1.3901e-06,6.8133
1.3902e-06,6.8645
1.3903e-06,6.7838
1.3904e-06,6.8323
1.3905e-06,6.8775
1.3906e-06,6.7459
1.3907e-06,6.8724
1.3908e-06,7.0278
1.3909e-06,6.7108
1.391e-06,6.7617
1.3911e-06,6.8005
1.3912e-06,6.6941
1.3913e-06,6.7628
1.3914e-06,6.6603
1.3915e-06,6.6564
1.3916e-06,6.8982
1.3917e-06,6.7399
1.3918e-06,6.7139
1.3919e-06,6.6312
1.392e-06,6.7776
1.3921e-06,6.7333
1.3922e-06,6.8213
1.3923e-06,6.7041
1.3924e-06,6.7729
1.3925e-06,6.7796
1.3926e-06,6.7041
1.3927e-06,6.6318
1.3928e-06,6.7831
1.3929e-06,6.6572
1.393e-06,6.6879
1.3931e-06,6.6522
1.3932e-06,6.6874
1.3933e-06,6.8333
1.3934e-06,6.6293
1.3935e-06,6.6619
1.3936e-06,6.6256
1.3937e-06,6.713
1.3938e-06,6.6849
1.3939e-06,6.6228
1.394e-06,6.6232
1.3941e-06,6.6858
1.3942e-06,6.6959
1.3943e-06,6.6384
1.3944e-06,6.6056
1.3945e-06,6.642
1.3946e-06,6.5988
1.3947e-06,6.5389
1.3948e-06,6.6303
1.3949e-06,6.5411
1.395e-06,6.5592
1.3951e-06,6.7501
1.3952e-06,6.5894
1.3953e-06,6.5239
1.3954e-06,6.5449
1.3955e-06,6.4819
1.3956e-06,6.6054
1.3957e-06,6.5653
1.3958e-06,6.6456
1.3959e-06,6.6268
1.396e-06,6.5195
1.3961e-06,6.7217
1.3962e-06,6.5321
1.3963e-06,6.5321
1.3964e-06,6.5237
1.3965e-06,6.4012
1.3966e-06,6.3949
1.3967e-06,6.4073
1.3968e-06,6.4873
1.3969e-06,6.4351
1.397e-06,6.5001
1.3971e-06,6.4914
1.3972e-06,6.4598
1.3973e-06,6.4908
1.3974e-06,6.4341
1.3975e-06,6.3816
1.3976e-06,6.3605
1.3977e-06,6.4891
1.3978e-06,6.3084
1.3979e-06,6.2465
1.398e-06,6.4567
1.3981e-06,6.3971
1.3982e-06,6.5135
1.3983e-06,6.464
1.3984e-06,6.5513
1.3985e-06,6.3673
1.3986e-06,6.3253
1.3987e-06,6.2163
1.3988e-06,6.2993
1.3989e-06,6.4109
1.399e-06,6.3575
1.3991e-06,6.3334
1.3992e-06,6.3332
1.3993e-06,6.3921
1.3994e-06,6.4027
1.3995e-06,6.3501
1.3996e-06,6.3183
1.3997e-06,6.4074
1.3998e-06,6.333
1.3999e-06,6.3251
1.4e-06,6.2404
1.4001e-06,6.2621
1.4002e-06,6.4097
1.4003e-06,6.1454
1.4004e-06,6.3191
1.4005e-06,6.2163
1.4006e-06,6.162
1.4007e-06,6.2516
1.4008e-06,6.314
1.4009e-06,6.3145
1.401e-06,6.3454
1.4011e-06,6.0728
1.4012e-06,6.2784
1.4013e-06,6.2308
1.4014e-06,6.2672
1.4015e-06,6.3376
1.4016e-06,6.3386
1.4017e-06,6.2075
1.4018e-06,6.124
1.4019e-06,6.3329
1.402e-06,6.1687
1.4021e-06,6.1724
1.4022e-06,6.1771
1.4023e-06,6.1836
1.4024e-06,6.2659
1.4025e-06,6.2442
1.4026e-06,6.1735
1.4027e-06,6.1467
1.4028e-06,6.1956
1.4029e-06,6.3017
1.403e-06,6.1813
1.4031e-06,6.0992
1.4032e-06,6.2736
1.4033e-06,5.9718
1.4034e-06,6.1079
1.4035e-06,6.0873
1.4036e-06,6.0183
1.4037e-06,5.9985
1.4038e-06,6.2251
1.4039e-06,6.122
1.404e-06,6.0589
1.4041e-06,6.3205
1.4042e-06,6.127
1.4043e-06,6.1386
1.4044e-06,6.1155
1.4045e-06,6.2548
1.4046e-06,6.015
1.4047e-06,5.9632
1.4048e-06,6.0749
1.4049e-06,5.9553
1.405e-06,6.0508
1.4051e-06,5.956
1.4052e-06,5.9307
1.4053e-06,5.9921
1.4054e-06,6.0677
1.4055e-06,6.0391
1.4056e-06,5.9909
1.4057e-06,5.9263
1.4058e-06,6.1379
1.4059e-06,5.9768
1.406e-06,5.9698
1.4061e-06,5.9384
1.4062e-06,5.9803
1.4063e-06,5.9181
1.4064e-06,6.0033
1.4065e-06,5.9953
1.4066e-06,5.9016
1.4067e-06,5.9378
1.4068e-06,6.0388
1.4069e-06,5.8057
1.407e-06,5.8494
1.4071e-06,5.9851
1.4072e-06,5.9145
1.4073e-06,5.8544
1.4074e-06,5.9167
1.4075e-06,5.8702
1.4076e-06,5.8997
1.4077e-06,5.9424
1.4078e-06,5.7687
1.4079e-06,5.9598
1.408e-06,5.9799
1.4081e-06,5.7606
1.4082e-06,5.8127
1.4083e-06,5.7858
1.4084e-06,5.7397
1.4085e-06,5.8309
1.4086e-06,6.0342
1.4087e-06,5.9195
1.4088e-06,5.9166
1.4089e-06,5.8921
1.409e-06,5.7719
1.4091e-06,5.767
1.4092e-06,5.9161
1.4093e-06,5.7051
1.4094e-06,5.8197
1.4095e-06,5.8707
1.4096e-06,5.8313
1.4097e-06,5.8105
1.4098e-06,5.7533
1.4099e-06,5.696
1.41e-06,5.6891
1.4101e-06,5.6041
1.4102e-06,5.8872
1.4103e-06,5.6327
1.4104e-06,5.6294
1.4105e-06,5.8052
1.4106e-06,5.7479
1.4107e-06,5.5642
1.4108e-06,5.7397
1.4109e-06,5.7743
1.411e-06,5.797
1.4111e-06,5.6369
1.4112e-06,5.7061
1.4113e-06,5.6444
1.4114e-06,5.7362
1.4115e-06,5.7182
1.4116e-06,5.5966
1.4117e-06,5.5902
1.4118e-06,5.5865
1.4119e-06,5.6615
1.412e-06,5.6026
1.4121e-06,5.5427
1.4122e-06,5.5288
1.4123e-06,5.575
1.4124e-06,5.7059
1.4125e-06,5.4445
1.4126e-06,5.5736
1.4127e-06,5.4698
1.4128e-06,5.5313
1.4129e-06,5.4744
1.413e-06,5.421
1.4131e-06,5.5566
1.4132e-06,5.5305
1.4133e-06,5.4903
1.4134e-06,5.4133
1.4135e-06,5.4951
1.4136e-06,5.5751
1.4137e-06,5.3395
1.4138e-06,5.3717
1.4139e-06,5.4644
1.414e-06,5.3716
1.4141e-06,5.5385
1.4142e-06,5.4194
1.4143e-06,5.4883
1.4144e-06,5.5243
1.4145e-06,5.5401
1.4146e-06,5.442
1.4147e-06,5.4336
1.4148e-06,5.4268
1.4149e-06,5.4624
1.415e-06,5.2756
1.4151e-06,5.3723
1.4152e-06,5.4677
1.4153e-06,5.3606
1.4154e-06,5.3017
1.4155e-06,5.4373
1.4156e-06,5.3261
1.4157e-06,5.3341
1.4158e-06,5.4523
1.4159e-06,5.3989
1.416e-06,5.4869
1.4161e-06,5.3863
1.4162e-06,5.4374
1.4163e-06,5.3669
1.4164e-06,5.32
1.4165e-06,5.3741
1.4166e-06,5.2385
1.4167e-06,5.3952
1.4168e-06,5.3024
1.4169e-06,5.3343
1.417e-06,5.1992
1.4171e-06,5.3756
1.4172e-06,5.3344
1.4173e-06,5.3446
1.4174e-06,5.25
1.4175e-06,5.3611
1.4176e-06,5.2994
1.4177e-06,5.3294
1.4178e-06,5.2066
1.4179e-06,5.1574
1.418e-06,5.1837
1.4181e-06,5.3188
1.4182e-06,5.3489
1.4183e-06,5.1651
1.4184e-06,5.1301
1.4185e-06,5.1497
1.4186e-06,5.1559
1.4187e-06,5.1877
1.4188e-06,5.1723
1.4189e-06,5.1412
1.419e-06,5.1756
1.4191e-06,5.149
1.4192e-06,5.0691
1.4193e-06,5.1713
1.4194e-06,5.0933
1.4195e-06,5.1451
1.4196e-06,5.0998
1.4197e-06,5.0097
1.4198e-06,5.2133
1.4199e-06,5.0873
1.42e-06,5.0889
1.4201e-06,4.9085
1.4202e-06,5.2819
1.4203e-06,5.138
1.4204e-06,5.0231
1.4205e-06,4.9759
1.4206e-06,4.9927
1.4207e-06,4.9258
1.4208e-06,4.9271
1.4209e-06,4.8522
1.421e-06,4.9796
1.4211e-06,4.9187
1.4212e-06,5.0062
1.4213e-06,4.9191
1.4214e-06,4.9417
1.4215e-06,4.8706
1.4216e-06,5.092
1.4217e-06,5.0649
1.4218e-06,5.0251
1.4219e-06,4.9473
1.422e-06,4.8823
1.4221e-06,4.848
1.4222e-06,4.8194
1.4223e-06,4.9454
1.4224e-06,4.9465
1.4225e-06,5.0068
1.4226e-06,4.8537
1.4227e-06,4.7939
1.4228e-06,4.8706
1.4229e-06,4.7023
1.423e-06,4.8578
1.4231e-06,4.7713
1.4232e-06,4.8459
1.4233e-06,4.8567
1.4234e-06,4.9001
1.4235e-06,4.7573
1.4236e-06,4.9274
1.4237e-06,4.762
1.4238e-06,4.7691
1.4239e-06,4.9356
1.424e-06,4.7622
1.4241e-06,4.6864
1.4242e-06,4.83
1.4243e-06,4.8662
1.4244e-06,4.7357
1.4245e-06,4.8353
1.4246e-06,4.8536
1.4247e-06,4.662
1.4248e-06,4.7589
1.4249e-06,4.7085
1.425e-06,4.733
1.4251e-06,4.8386
1.4252e-06,4.7567
1.4253e-06,4.8071
1.4254e-06,5.0478
1.4255e-06,4.8108
1.4256e-06,4.7973
1.4257e-06,4.6904
1.4258e-06,4.7814
1.4259e-06,4.6673
1.426e-06,4.7537
1.4261e-06,4.6551
1.4262e-06,4.6268
1.4263e-06,4.6686
1.4264e-06,4.5992
1.4265e-06,4.6524
1.4266e-06,4.6174
1.4267e-06,4.7825
1.4268e-06,4.6577
1.4269e-06,4.66
1.427e-06,4.5519
1.4271e-06,4.5715
1.4272e-06,4.502
1.4273e-06,4.5839
1.4274e-06,4.5636
1.4275e-06,4.5362
1.4276e-06,4.6382
1.4277e-06,4.475
1.4278e-06,4.4322
1.4279e-06,4.4833
1.428e-06,4.4873
1.4281e-06,4.3938
1.4282e-06,4.5306
1.4283e-06,4.4579
1.4284e-06,4.3332
1.4285e-06,4.5066
1.4286e-06,4.462
1.4287e-06,4.5676
1.4288e-06,4.5243
1.4289e-06,4.4586
1.429e-06,4.4593
1.4291e-06,4.3762
1.4292e-06,4.5006
1.4293e-06,4.3855
1.4294e-06,4.3375
1.4295e-06,4.4642
1.4296e-06,4.3075
1.4297e-06,4.4089
1.4298e-06,4.3652
1.4299e-06,4.3857
1.43e-06,4.5871
1.4301e-06,4.3597
1.4302e-06,4.3215
1.4303e-06,4.3839
1.4304e-06,4.3224
1.4305e-06,4.3398
1.4306e-06,4.402
1.4307e-06,4.2228
1.4308e-06,4.4673
1.4309e-06,4.334
1.431e-06,4.2647
1.4311e-06,4.34
1.4312e-06,4.138
1.4313e-06,4.2134
1.4314e-06,4.3741
1.4315e-06,4.3903
1.4316e-06,4.267
1.4317e-06,4.4577
1.4318e-06,4.3561
1.4319e-06,4.1085
1.432e-06,4.2512
1.4321e-06,3.9796
1.4322e-06,4.2165
1.4323e-06,4.0906
1.4324e-06,4.1657
1.4325e-06,4.2403
1.4326e-06,4.1379
1.4327e-06,4.2331
1.4328e-06,4.118
1.4329e-06,4.1807
1.433e-06,4.1515
1.4331e-06,4.1117
1.4332e-06,4.1983
1.4333e-06,4.1448
1.4334e-06,3.9358
1.4335e-06,4.0765
1.4336e-06,4.1327
1.4337e-06,4.1037
1.4338e-06,3.9638
1.4339e-06,4.105
1.434e-06,4.0137
1.4341e-06,4.0234
1.4342e-06,4.1335
1.4343e-06,3.9754
1.4344e-06,4.1053
1.4345e-06,4.0932
1.4346e-06,4.1179
1.4347e-06,4.0486
1.4348e-06,3.9112
1.4349e-06,4.0789
1.435e-06,3.9974
1.4351e-06,4.0182
1.4352e-06,4.0424
1.4353e-06,3.978
1.4354e-06,3.9836
1.4355e-06,4.0017
1.4356e-06,3.8244
1.4357e-06,3.9923
1.4358e-06,3.9091
1.4359e-06,4.0526
1.436e-06,3.8656
1.4361e-06,3.9533
1.4362e-06,3.8922
1.4363e-06,3.8851
1.4364e-06,3.9343
1.4365e-06,3.7778
1.4366e-06,3.8716
1.4367e-06,3.7169
1.4368e-06,3.7744
1.4369e-06,3.9572
1.437e-06,3.8388
1.4371e-06,3.8596
1.4372e-06,3.8704
1.4373e-06,3.786
1.4374e-06,3.7406
1.4375e-06,3.5842
1.4376e-06,3.7843
1.4377e-06,3.6468
1.4378e-06,3.7032
1.4379e-06,3.8219
1.438e-06,3.8442
1.4381e-06,3.7833
1.4382e-06,3.7771
1.4383e-06,3.6876
1.4384e-06,3.7373
1.4385e-06,3.6413
1.4386e-06,3.7179
1.4387e-06,3.6196
1.4388e-06,3.575
1.4389e-06,3.6563
1.439e-06,3.6163
1.4391e-06,3.7491
1.4392e-06,3.446
1.4393e-06,3.7419
1.4394e-06,3.5769
1.4395e-06,3.7709
1.4396e-06,3.5034
1.4397e-06,3.6755
1.4398e-06,3.6024
1.4399e-06,3.693
1.44e-06,3.5533
1.4401e-06,3.6365
1.4402e-06,3.4682
1.4403e-06,3.5832
1.4404e-06,3.6901
1.4405e-06,3.4556
1.4406e-06,3.4548
1.4407e-06,3.6094
1.4408e-06,3.5634
1.4409e-06,3.5492
1.441e-06,3.4511
1.4411e-06,3.6193
1.4412e-06,3.4153
1.4413e-06,3.4266
1.4414e-06,3.4043
1.4415e-06,3.3633
1.4416e-06,3.385
1.4417e-06,3.4595
1.4418e-06,3.4548
1.4419e-06,3.3316
1.442e-06,3.4753
1.4421e-06,3.4191
1.4422e-06,3.3734
1.4423e-06,3.2327
1.4424e-06,3.4516
1.4425e-06,3.3257
1.4426e-06,3.279
1.4427e-06,3.3527
1.4428e-06,3.3266
1.4429e-06,3.308
1.443e-06,3.3622
1.4431e-06,3.1779
1.4432e-06,3.4057
1.4433e-06,3.1841
1.4434e-06,3.3233
1.4435e-06,3.3181
1.4436e-06,3.1667
1.4437e-06,3.3389
1.4438e-06,3.2361
1.4439e-06,3.1621
1.444e-06,3.1846
1.4441e-06,3.2284
1.4442e-06,3.3015
1.4443e-06,3.2704
1.4444e-06,3.1386
1.4445e-06,3.3451
1.4446e-06,3.3383
1.4447e-06,3.3631
1.4448e-06,3.4807
1.4449e-06,3.2499
1.445e-06,3.3189
1.4451e-06,3.2298
1.4452e-06,3.1153
1.4453e-06,3.1266
1.4454e-06,3.191
1.4455e-06,3.177
1.4456e-06,3.1682
1.4457e-06,2.9816
1.4458e-06,3.0408
1.4459e-06,3.3272
1.446e-06,3.1448
1.4461e-06,3.0099
1.4462e-06,2.9413
1.4463e-06,3.0845
1.4464e-06,3.07
1.4465e-06,3.0788
1.4466e-06,3.0607
1.4467e-06,3.1385
1.4468e-06,3.0902
1.4469e-06,2.9113
1.447e-06,3.105
1.4471e-06,3.101
1.4472e-06,3.137
1.4473e-06,2.9669
1.4474e-06,2.8835
1.4475e-06,3.0218
1.4476e-06,2.9274
1.4477e-06,2.9806
1.4478e-06,2.9489
1.4479e-06,2.8895
1.448e-06,2.9013
1.4481e-06,2.814
1.4482e-06,2.9501
1.4483e-06,2.942
1.4484e-06,2.8821
1.4485e-06,3.0216
1.4486e-06,2.9022
1.4487e-06,2.7628
1.4488e-06,2.866
1.4489e-06,2.7301
1.449e-06,2.8743
1.4491e-06,2.8228
1.4492e-06,2.934
1.4493e-06,2.7993
1.4494e-06,2.8515
1.4495e-06,2.665
1.4496e-06,2.8874
1.4497e-06,2.6923
1.4498e-06,2.643
1.4499e-06,2.6914
1.45e-06,2.7433
1.4501e-06,2.7978
1.4502e-06,2.7625
1.4503e-06,2.6923
1.4504e-06,2.624
1.4505e-06,2.7611
1.4506e-06,2.5283
1.4507e-06,2.8036
1.4508e-06,2.6212
1.4509e-06,2.6245
1.451e-06,2.5981
1.4511e-06,2.5695
1.4512e-06,2.5063
1.4513e-06,2.6965
1.4514e-06,2.6175
1.4515e-06,2.5839
1.4516e-06,2.4968
1.4517e-06,2.5259
1.4518e-06,2.713
1.4519e-06,2.602
1.452e-06,2.4506
1.4521e-06,2.6691
1.4522e-06,2.5759
1.4523e-06,2.4913
1.4524e-06,2.5264
1.4525e-06,2.4714
1.4526e-06,2.5106
1.4527e-06,2.5675
1.4528e-06,2.6199
1.4529e-06,2.4726
1.453e-06,2.6963
1.4531e-06,2.5116
1.4532e-06,2.513
1.4533e-06,2.5245
1.4534e-06,2.4516
1.4535e-06,2.4669
1.4536e-06,2.2978
1.4537e-06,2.2184
1.4538e-06,2.2764
1.4539e-06,2.4001
1.454e-06,2.4832
1.4541e-06,2.439
1.4542e-06,2.2672
1.4543e-06,2.3445
1.4544e-06,2.3444
1.4545e-06,2.3362
1.4546e-06,2.2952
1.4547e-06,2.4408
1.4548e-06,2.1594
1.4549e-06,2.3737
1.455e-06,2.1941
1.4551e-06,2.2908
1.4552e-06,2.164
1.4553e-06,2.1355
1.4554e-06,2.2796
1.4555e-06,2.1712
1.4556e-06,2.3535
1.4557e-06,2.2132
1.4558e-06,2.2106
1.4559e-06,2.1546
1.456e-06,2.1938
1.4561e-06,2.3091
1.4562e-06,2.1843
1.4563e-06,2.0753
1.4564e-06,2.1078
1.4565e-06,2.1678
1.4566e-06,1.9414
1.4567e-06,2.1038
1.4568e-06,1.9667
1.4569e-06,2.0794
1.457e-06,1.9618
1.4571e-06,1.9581
1.4572e-06,2.1275
1.4573e-06,1.9028
1.4574e-06,1.9024
1.4575e-06,2.1024
1.4576e-06,2.0282
1.4577e-06,1.9063
1.4578e-06,2.1402
1.4579e-06,1.9743
1.458e-06,2.0655
1.4581e-06,2.0806
1.4582e-06,1.8679
1.4583e-06,2.0094
1.4584e-06,1.8894
1.4585e-06,1.8038
1.4586e-06,1.8994
1.4587e-06,1.9822
1.4588e-06,1.7872
1.4589e-06,1.7595
1.459e-06,1.8413
1.4591e-06,1.8894
1.4592e-06,1.8141
1.4593e-06,1.9147
1.4594e-06,1.8169
1.4595e-06,1.9035
1.4596e-06,1.8692
1.4597e-06,1.7781
1.4598e-06,1.8259
1.4599e-06,2.0522
1.46e-06,1.7659
1.4601e-06,1.795
1.4602e-06,1.7974
1.4603e-06,1.8724
1.4604e-06,1.725
1.4605e-06,1.5864
1.4606e-06,1.7329
1.4607e-06,1.736
1.4608e-06,1.746
1.4609e-06,1.7139
1.461e-06,1.7783
1.4611e-06,1.5449
1.4612e-06,1.6868
1.4613e-06,1.7111
1.4614e-06,1.5282
1.4615e-06,1.7636
1.4616e-06,1.6507
1.4617e-06,1.5739
1.4618e-06,1.63
1.4619e-06,1.5265
1.462e-06,1.6237
1.4621e-06,1.54
1.4622e-06,1.5313
1.4623e-06,1.694
1.4624e-06,1.7277
1.4625e-06,1.6063
1.4626e-06,1.5527
1.4627e-06,1.5815
1.4628e-06,1.6208
1.4629e-06,1.5744
1.463e-06,1.6076
1.4631e-06,1.4925
1.4632e-06,1.3982
1.4633e-06,1.3915
1.4634e-06,1.4126
1.4635e-06,1.2276
1.4636e-06,1.4336
1.4637e-06,1.531
1.4638e-06,1.3416
1.4639e-06,1.3922
1.464e-06,1.4651
1.4641e-06,1.3285
1.4642e-06,1.431
1.4643e-06,1.3133
1.4644e-06,1.3281
1.4645e-06,1.2696
1.4646e-06,1.2931
1.4647e-06,1.3838
1.4648e-06,1.3104
1.4649e-06,1.232
1.465e-06,1.1288
1.4651e-06,1.1482
1.4652e-06,1.3391
1.4653e-06,1.2154
1.4654e-06,1.2583
1.4655e-06,1.1913
1.4656e-06,1.133
1.4657e-06,1.0606
1.4658e-06,1.1447
1.4659e-06,1.2688
1.466e-06,1.1969
1.4661e-06,1.1625
1.4662e-06,1.1647
1.4663e-06,1.0754
1.4664e-06,1.1416
1.4665e-06,0.99308
1.4666e-06,1.0178
1.4667e-06,0.95363
1.4668e-06,0.97078
1.4669e-06,0.9956
1.467e-06,1.0928
1.4671e-06,1.0141
1.4672e-06,1.2415
1.4673e-06,0.97395
1.4674e-06,1.0078
1.4675e-06,1.0758
1.4676e-06,1.1052
1.4677e-06,0.83159
1.4678e-06,0.96708
1.4679e-06,0.91126
1.468e-06,1.0228
1.4681e-06,0.87634
1.4682e-06,1.0946
1.4683e-06,0.90495
1.4684e-06,0.85825
1.4685e-06,0.88983
1.4686e-06,0.69155
1.4687e-06,0.78835
1.4688e-06,0.8619
1.4689e-06,0.92216
1.469e-06,0.73113
1.4691e-06,0.79585
1.4692e-06,0.85861
1.4693e-06,0.79834
1.4694e-06,0.75065
1.4695e-06,0.90102
1.4696e-06,0.89812
1.4697e-06,0.75769
1.4698e-06,0.74674
1.4699e-06,0.76072
1.47e-06,0.63501
1.4701e-06,0.62894
1.4702e-06,0.76991
1.4703e-06,0.78107
1.4704e-06,0.70102
1.4705e-06,0.73288
1.4706e-06,0.69135
1.4707e-06,0.64409
1.4708e-06,0.67449
1.4709e-06,0.69421
1.471e-06,0.51947
1.4711e-06,0.54696
1.4712e-06,0.67373
1.4713e-06,0.62571
1.4714e-06,0.65208
1.4715e-06,0.58705
1.4716e-06,0.50558
1.4717e-06,0.44417
1.4718e-06,0.70714
1.4719e-06,0.42757
1.472e-06,0.51332
1.4721e-06,0.43739
1.4722e-06,0.52824
1.4723e-06,0.32677
1.4724e-06,0.31047
1.4725e-06,0.46745
1.4726e-06,0.50795
1.4727e-06,0.56081
1.4728e-06,0.48697
1.4729e-06,0.33808
1.473e-06,0.2677
1.4731e-06,0.48008
1.4732e-06,0.52574
1.4733e-06,0.18271
1.4734e-06,0.32211
1.4735e-06,0.49623
1.4736e-06,0.31718
1.4737e-06,0.43605
1.4738e-06,0.27111
1.4739e-06,0.51896
1.474e-06,0.42988
1.4741e-06,0.22657
1.4742e-06,0.22196
1.4743e-06,0.073151
1.4744e-06,0.40064
1.4745e-06,0.0010752
1.4746e-06,0.1917
1.4747e-06,0.14681
1.4748e-06,0.17083
1.4749e-06,-0.033805
1.475e-06,0.11004
1.4751e-06,0.23277
1.4752e-06,0.14207
1.4753e-06,0.060977
1.4754e-06,0.19004
1.4755e-06,-0.029906
1.4756e-06,0.21028
1.4757e-06,0.039117
1.4758e-06,0.065557
1.4759e-06,0.10007
1.476e-06,-0.032034
1.4761e-06,-0.21023
1.4762e-06,0.067346
1.4763e-06,-0.0066263
1.4764e-06,0.07123
1.4765e-06,0.051396
1.4766e-06,-0.17458
1.4767e-06,-0.0074658
1.4768e-06,-0.24528
1.4769e-06,-0.04638
1.477e-06,-0.13423
1.4771e-06,-0.19789
1.4772e-06,-0.17494
1.4773e-06,-0.13637
1.4774e-06,-0.18608
1.4775e-06,-0.27732
1.4776e-06,-0.12248
1.4777e-06,-0.15638
1.4778e-06,-0.12134
1.4779e-06,-0.062931
1.478e-06,-0.056317
1.4781e-06,-0.23271
1.4782e-06,-0.14996
1.4783e-06,-0.27347
1.4784e-06,-0.12802
1.4785e-06,-0.31516
1.4786e-06,-0.40883
1.4787e-06,-0.25073
1.4788e-06,-0.48371
1.4789e-06,-0.40944
1.479e-06,-0.42142
1.4791e-06,-0.35488
1.4792e-06,-0.476
1.4793e-06,-0.49599
1.4794e-06,-0.53376
1.4795e-06,-0.35435
1.4796e-06,-0.5664
1.4797e-06,-0.42308
1.4798e-06,-0.37438
1.4799e-06,-0.45496
1.48e-06,-0.35283
1.4801e-06,-0.3954
1.4802e-06,-0.4962
1.4803e-06,-0.70453
1.4804e-06,-0.6002
1.4805e-06,-0.54716
1.4806e-06,-0.46304
1.4807e-06,-0.51991
1.4808e-06,-0.42444
1.4809e-06,-0.54661
1.481e-06,-0.61511
1.4811e-06,-0.62763
1.4812e-06,-0.75374
1.4813e-06,-0.67248
1.4814e-06,-0.59204
1.4815e-06,-0.50979
1.4816e-06,-0.68378
1.4817e-06,-0.75588
1.4818e-06,-0.78311
1.4819e-06,-0.54151
1.482e-06,-0.74969
1.4821e-06,-0.64045
1.4822e-06,-0.70042
1.4823e-06,-0.57485
1.4824e-06,-0.9097
1.4825e-06,-0.75029
1.4826e-06,-0.73955
1.4827e-06,-0.70406
1.4828e-06,-0.7739
1.4829e-06,-0.79918
1.483e-06,-0.80029
1.4831e-06,-0.98614
1.4832e-06,-0.92815
1.4833e-06,-1.0018
1.4834e-06,-0.84712
1.4835e-06,-0.89801
1.4836e-06,-0.76146
1.4837e-06,-0.84843
1.4838e-06,-0.89187
1.4839e-06,-0.86051
1.484e-06,-0.83593
1.4841e-06,-1.083
1.4842e-06,-1.0696
1.4843e-06,-1.1082
1.4844e-06,-1.0088
1.4845e-06,-0.95393
1.4846e-06,-1.1389
1.4847e-06,-1.1385
1.4848e-06,-1.0209
1.4849e-06,-1.2471
1.485e-06,-1.1318
1.4851e-06,-1.089
1.4852e-06,-1.2162
1.4853e-06,-1.1494
1.4854e-06,-1.1558
1.4855e-06,-1.0547
1.4856e-06,-1.3018
1.4857e-06,-1.1775
1.4858e-06,-1.3615
1.4859e-06,-1.2352
1.486e-06,-1.1446
1.4861e-06,-1.265
1.4862e-06,-1.4615
1.4863e-06,-1.3218
1.4864e-06,-1.4298
1.4865e-06,-1.3273
1.4866e-06,-1.4385
1.4867e-06,-1.3924
1.4868e-06,-1.3506
1.4869e-06,-1.3035
1.487e-06,-1.3276
1.4871e-06,-1.3999
1.4872e-06,-1.3809
1.4873e-06,-1.3667
1.4874e-06,-1.4276
1.4875e-06,-1.499
1.4876e-06,-1.5294
1.4877e-06,-1.719
1.4878e-06,-1.5809
1.4879e-06,-1.511
1.488e-06,-1.7218
1.4881e-06,-1.5148
1.4882e-06,-1.6758
1.4883e-06,-1.5145
1.4884e-06,-1.6319
1.4885e-06,-1.5368
1.4886e-06,-1.7215
1.4887e-06,-1.6847
1.4888e-06,-1.5533
1.4889e-06,-1.5959
1.489e-06,-1.8336
1.4891e-06,-1.6987
1.4892e-06,-1.6629
1.4893e-06,-1.8867
1.4894e-06,-1.9228
1.4895e-06,-1.8625
1.4896e-06,-1.808
1.4897e-06,-1.7431
1.4898e-06,-1.9656
1.4899e-06,-1.8488
1.49e-06,-1.8284
1.4901e-06,-1.7669
1.4902e-06,-1.906
1.4903e-06,-1.9337
1.4904e-06,-1.9774
1.4905e-06,-1.6977
1.4906e-06,-1.9382
1.4907e-06,-1.9679
1.4908e-06,-1.816
1.4909e-06,-1.9995
1.491e-06,-2.0703
1.4911e-06,-1.9415
1.4912e-06,-2.0782
1.4913e-06,-2.0808
1.4914e-06,-2.1204
1.4915e-06,-2.0783
1.4916e-06,-2.0918
1.4917e-06,-2.2141
1.4918e-06,-2.1111
1.4919e-06,-2.2053
1.492e-06,-2.1223
1.4921e-06,-2.1499
1.4922e-06,-2.2684
1.4923e-06,-2.1577
1.4924e-06,-2.1678
1.4925e-06,-2.1718
1.4926e-06,-2.3157
1.4927e-06,-2.3406
1.4928e-06,-2.2833
1.4929e-06,-2.2479
1.493e-06,-2.2515
1.4931e-06,-2.3579
1.4932e-06,-2.3212
1.4933e-06,-2.3716
1.4934e-06,-2.3692
1.4935e-06,-2.1502
1.4936e-06,-2.321
1.4937e-06,-2.5294
1.4938e-06,-2.5066
1.4939e-06,-2.4323
1.494e-06,-2.4383
1.4941e-06,-2.4186
1.4942e-06,-2.47
1.4943e-06,-2.5646
1.4944e-06,-2.4821
1.4945e-06,-2.703
1.4946e-06,-2.5529
1.4947e-06,-2.5243
1.4948e-06,-2.4831
1.4949e-06,-2.6915
1.495e-06,-2.643
1.4951e-06,-2.6461
1.4952e-06,-2.5805
1.4953e-06,-2.6453
1.4954e-06,-2.8169
1.4955e-06,-2.4987
1.4956e-06,-2.7976
1.4957e-06,-2.7242
1.4958e-06,-2.6622
1.4959e-06,-2.8299
1.496e-06,-2.7869
1.4961e-06,-2.8646
1.4962e-06,-2.8634
1.4963e-06,-2.7244
1.4964e-06,-2.6809
1.4965e-06,-2.9327
1.4966e-06,-2.9259
1.4967e-06,-2.968
1.4968e-06,-2.748
1.4969e-06,-2.8703
1.497e-06,-3.0436
1.4971e-06,-2.8938
1.4972e-06,-2.9282
1.4973e-06,-3.0589
1.4974e-06,-2.8408
1.4975e-06,-3.1365
1.4976e-06,-3.0638
1.4977e-06,-3.0288
1.4978e-06,-3.0855
1.4979e-06,-3.2711
1.498e-06,-3.2855
1.4981e-06,-2.8291
1.4982e-06,-3.2052
1.4983e-06,-3.1229
1.4984e-06,-3.2372
1.4985e-06,-3.1622
1.4986e-06,-3.3122
1.4987e-06,-3.1804
1.4988e-06,-3.3146
1.4989e-06,-3.1341
1.499e-06,-3.3085
1.4991e-06,-3.3992
1.4992e-06,-3.2413
1.4993e-06,-3.3452
1.4994e-06,-3.3045
1.4995e-06,-3.3572
1.4996e-06,-3.2745
1.4997e-06,-3.3146
1.4998e-06,-3.3677
1.4999e-06,-3.4115
1.5e-06,-3.5626
1.5001e-06,-3.4508
1.5002e-06,-3.4059
1.5003e-06,-3.6063
1.5004e-06,-3.5759
1.5005e-06,-3.5772
1.5006e-06,-3.4626
1.5007e-06,-3.7041
1.5008e-06,-3.6619
1.5009e-06,-3.4363
1.501e-06,-3.5683
1.5011e-06,-3.6326
1.5012e-06,-3.7443
1.5013e-06,-3.5674
1.5014e-06,-3.5905
1.5015e-06,-3.8174
1.5016e-06,-3.79
1.5017e-06,-3.8742
1.5018e-06,-3.8698
1.5019e-06,-3.7313
1.502e-06,-3.89
1.5021e-06,-3.655
1.5022e-06,-3.8329
1.5023e-06,-3.8126
1.5024e-06,-3.8051
1.5025e-06,-4.019
1.5026e-06,-4.0569
1.5027e-06,-3.8438
1.5028e-06,-3.9256
1.5029e-06,-4.0069
1.503e-06,-3.9153
1.5031e-06,-3.8253
1.5032e-06,-3.9976
1.5033e-06,-4.1237
1.5034e-06,-4.0272
1.5035e-06,-4.0021
1.5036e-06,-4.1465
1.5037e-06,-4.1031
1.5038e-06,-4.2875
1.5039e-06,-4.2937
1.504e-06,-4.1771
1.5041e-06,-4.2459
1.5042e-06,-4.0468
1.5043e-06,-4.2479
1.5044e-06,-4.2949
1.5045e-06,-4.3247
1.5046e-06,-4.1818
1.5047e-06,-4.3239
1.5048e-06,-4.3501
1.5049e-06,-4.0573
1.505e-06,-4.3365
1.5051e-06,-4.329
1.5052e-06,-4.2008
1.5053e-06,-4.2541
1.5054e-06,-4.3755
1.5055e-06,-4.5253
1.5056e-06,-4.4397
1.5057e-06,-4.3601
1.5058e-06,-4.4612
1.5059e-06,-4.3621
1.506e-06,-4.5166
1.5061e-06,-4.5763
1.5062e-06,-4.5004
1.5063e-06,-4.6478
1.5064e-06,-4.7019
1.5065e-06,-4.6091
1.5066e-06,-4.6442
1.5067e-06,-4.6581
1.5068e-06,-4.7877
1.5069e-06,-4.5641
1.507e-06,-4.5912
1.5071e-06,-4.859
1.5072e-06,-4.7809
1.5073e-06,-4.6858
1.5074e-06,-4.8292
1.5075e-06,-4.9368
1.5076e-06,-4.6913
1.5077e-06,-4.902
1.5078e-06,-4.7895
1.5079e-06,-4.784
1.508e-06,-4.7242
1.5081e-06,-4.8794
1.5082e-06,-4.8553
1.5083e-06,-5.0582
1.5084e-06,-4.9227
1.5085e-06,-4.865
1.5086e-06,-4.9485
1.5087e-06,-4.844
1.5088e-06,-4.9523
1.5089e-06,-5.2517
1.509e-06,-4.863
1.5091e-06,-5.1077
1.5092e-06,-5.1756
1.5093e-06,-5.1836
1.5094e-06,-5.163
1.5095e-06,-5.0882
1.5096e-06,-5.2049
1.5097e-06,-5.2185
1.5098e-06,-5.327
1.5099e-06,-5.4754
1.51e-06,-5.2362
1.5101e-06,-5.2909
1.5102e-06,-5.2064
1.5103e-06,-5.1965
1.5104e-06,-5.4319
1.5105e-06,-5.4612
1.5106e-06,-5.5432
1.5107e-06,-5.3937
1.5108e-06,-5.5572
1.5109e-06,-5.7451
1.511e-06,-5.6317
1.5111e-06,-5.5401
1.5112e-06,-5.4234
1.5113e-06,-5.8
1.5114e-06,-5.5119
1.5115e-06,-5.4819
1.5116e-06,-5.5711
1.5117e-06,-5.7277
1.5118e-06,-5.7008
1.5119e-06,-5.7382
1.512e-06,-5.7605
1.5121e-06,-5.6632
1.5122e-06,-5.7909
1.5123e-06,-5.7199
1.5124e-06,-5.8328
1.5125e-06,-5.8515
1.5126e-06,-5.8167
1.5127e-06,-5.6475
1.5128e-06,-5.722
1.5129e-06,-5.9089
1.513e-06,-5.8014
1.5131e-06,-5.7995
1.5132e-06,-5.9746
1.5133e-06,-5.8141
1.5134e-06,-5.9393
1.5135e-06,-6.0291
1.5136e-06,-6.1519
1.5137e-06,-6.1418
1.5138e-06,-6.2701
1.5139e-06,-6.2108
1.514e-06,-6.2352
1.5141e-06,-6.1614
1.5142e-06,-6.08
1.5143e-06,-6.1414
1.5144e-06,-6.1767
1.5145e-06,-6.3376
1.5146e-06,-6.3884
1.5147e-06,-6.3703
1.5148e-06,-6.1781
1.5149e-06,-6.4227
1.515e-06,-6.3899
1.5151e-06,-6.405
1.5152e-06,-6.4675
1.5153e-06,-6.4884
1.5154e-06,-6.511
1.5155e-06,-6.3644
1.5156e-06,-6.4501
1.5157e-06,-6.5444
1.5158e-06,-6.5225
1.5159e-06,-6.4936
1.516e-06,-6.6676
1.5161e-06,-6.603
1.5162e-06,-6.7081
1.5163e-06,-6.8954
1.5164e-06,-6.6583
1.5165e-06,-6.74
1.5166e-06,-6.651
1.5167e-06,-6.9235
1.5168e-06,-6.7817
1.5169e-06,-6.8483
1.517e-06,-6.9352
1.5171e-06,-6.8491
1.5172e-06,-7.0579
1.5173e-06,-6.8284
1.5174e-06,-6.8789
1.5175e-06,-6.8193
1.5176e-06,-6.9789
1.5177e-06,-6.7908
1.5178e-06,-6.8879
1.5179e-06,-6.8791
1.518e-06,-7.0912
1.5181e-06,-6.9972
1.5182e-06,-7.0583
1.5183e-06,-7.1764
1.5184e-06,-7.1841
1.5185e-06,-7.1738
1.5186e-06,-7.2365
1.5187e-06,-7.1457
1.5188e-06,-7.2929
1.5189e-06,-7.2924
1.519e-06,-7.3883
1.5191e-06,-7.2108
1.5192e-06,-7.1179
1.5193e-06,-7.4516
1.5194e-06,-7.4952
1.5195e-06,-7.3296
1.5196e-06,-7.4704
1.5197e-06,-7.3564
1.5198e-06,-7.3908
1.5199e-06,-7.4281
1.52e-06,-7.3135
1.5201e-06,-7.6402
1.5202e-06,-7.5364
1.5203e-06,-7.6093
1.5204e-06,-7.623
1.5205e-06,-7.4798
1.5206e-06,-7.6269
1.5207e-06,-7.7231
1.5208e-06,-7.7707
1.5209e-06,-7.7424
1.521e-06,-7.8447
1.5211e-06,-7.8645
1.5212e-06,-7.8632
1.5213e-06,-7.9467
1.5214e-06,-7.9859
1.5215e-06,-7.69
1.5216e-06,-7.9274
1.5217e-06,-7.9292
1.5218e-06,-7.8976
1.5219e-06,-7.839
1.522e-06,-8.0322
1.5221e-06,-8.2756
1.5222e-06,-8.0438
1.5223e-06,-7.915
1.5224e-06,-8.2306
1.5225e-06,-7.9362
1.5226e-06,-8.0545
1.5227e-06,-8.2438
1.5228e-06,-8.2516
1.5229e-06,-8.2224
1.523e-06,-8.0423
1.5231e-06,-8.4335
1.5232e-06,-8.3988
1.5233e-06,-8.3089
1.5234e-06,-8.6195
1.5235e-06,-8.1509
1.5236e-06,-8.0817
1.5237e-06,-8.5773
1.5238e-06,-8.36
1.5239e-06,-8.6407
1.524e-06,-8.3066
1.5241e-06,-8.5997
1.5242e-06,-8.834
1.5243e-06,-8.7489
1.5244e-06,-8.7118
1.5245e-06,-8.72
1.5246e-06,-8.7732
1.5247e-06,-8.6847
1.5248e-06,-8.8027
1.5249e-06,-8.8115
1.525e-06,-8.7069
1.5251e-06,-8.8174
1.5252e-06,-9.139
1.5253e-06,-8.9912
1.5254e-06,-9.0304
1.5255e-06,-9.1273
1.5256e-06,-8.9404
1.5257e-06,-8.9257
1.5258e-06,-8.9307
1.5259e-06,-9.0615
1.526e-06,-9.1347
1.5261e-06,-9.1195
1.5262e-06,-9.0438
1.5263e-06,-9.0095
1.5264e-06,-9.155
1.5265e-06,-9.3996
1.5266e-06,-9.2221
1.5267e-06,-9.4037
1.5268e-06,-9.2273
1.5269e-06,-9.2045
1.527e-06,-9.4117
1.5271e-06,-9.3442
1.5272e-06,-9.5084
1.5273e-06,-9.5554
1.5274e-06,-9.5806
1.5275e-06,-9.2409
1.5276e-06,-9.5263
1.5277e-06,-9.437
1.5278e-06,-9.6683
1.5279e-06,-9.5841
1.528e-06,-9.5279
1.5281e-06,-9.5731
1.5282e-06,-9.5741
1.5283e-06,-9.7456
1.5284e-06,-9.7393
1.5285e-06,-9.7863
1.5286e-06,-9.8475
1.5287e-06,-9.8033
1.5288e-06,-9.7877
1.5289e-06,-9.909
1.529e-06,-9.9208
1.5291e-06,-9.8939
1.5292e-06,-9.9218
1.5293e-06,-10.088
1.5294e-06,-10.133
1.5295e-06,-9.9781
1.5296e-06,-10.085
1.5297e-06,-10.061
1.5298e-06,-10.012
1.5299e-06,-10.139
1.53e-06,-10.21
1.5301e-06,-10.371
1.5302e-06,-10.448
1.5303e-06,-10.111
1.5304e-06,-10.51
1.5305e-06,-10.223
1.5306e-06,-10.414
1.5307e-06,-10.402
1.5308e-06,-10.547
1.5309e-06,-10.514
1.531e-06,-10.436
1.5311e-06,-10.53
1.5312e-06,-10.492
1.5313e-06,-10.819
1.5314e-06,-10.823
1.5315e-06,-10.725
1.5316e-06,-10.704
1.5317e-06,-10.82
1.5318e-06,-10.564
1.5319e-06,-10.816
1.532e-06,-10.751
1.5321e-06,-10.894
1.5322e-06,-11.064
1.5323e-06,-10.798
1.5324e-06,-10.83
1.5325e-06,-10.932
1.5326e-06,-10.684
1.5327e-06,-10.952
1.5328e-06,-10.772
1.5329e-06,-10.954
1.533e-06,-11.194
1.5331e-06,-11.246
1.5332e-06,-11.119
1.5333e-06,-11.198
1.5334e-06,-11.139
1.5335e-06,-11.287
1.5336e-06,-11.327
1.5337e-06,-11.422
1.5338e-06,-11.257
1.5339e-06,-11.382
1.534e-06,-11.433
1.5341e-06,-11.482
1.5342e-06,-11.505
1.5343e-06,-11.563
1.5344e-06,-11.63
1.5345e-06,-11.598
1.5346e-06,-11.741
1.5347e-06,-11.754
1.5348e-06,-11.544
1.5349e-06,-11.65
1.535e-06,-11.548
1.5351e-06,-11.644
1.5352e-06,-11.834
1.5353e-06,-11.782
1.5354e-06,-11.948
1.5355e-06,-11.88
1.5356e-06,-11.737
1.5357e-06,-11.858
1.5358e-06,-11.983
1.5359e-06,-12.033
1.536e-06,-11.984
1.5361e-06,-11.927
1.5362e-06,-12.241
1.5363e-06,-12.257
1.5364e-06,-12.065
1.5365e-06,-12.103
1.5366e-06,-12.149
1.5367e-06,-12.437
1.5368e-06,-12.378
1.5369e-06,-12.121
1.537e-06,-12.143
1.5371e-06,-12.3
1.5372e-06,-12.39
1.5373e-06,-12.251
1.5374e-06,-12.431
1.5375e-06,-12.465
1.5376e-06,-12.476
1.5377e-06,-12.617
1.5378e-06,-12.418
1.5379e-06,-12.645
1.538e-06,-12.75
1.5381e-06,-12.509
1.5382e-06,-12.521
1.5383e-06,-12.78
1.5384e-06,-12.802
1.5385e-06,-12.675
1.5386e-06,-12.792
1.5387e-06,-12.857
1.5388e-06,-12.764
1.5389e-06,-12.985
1.539e-06,-13.036
1.5391e-06,-13.042
1.5392e-06,-13.312
1.5393e-06,-12.78
1.5394e-06,-13.105
1.5395e-06,-13.246
1.5396e-06,-13.135
1.5397e-06,-12.957
1.5398e-06,-13.03
1.5399e-06,-13.24
1.54e-06,-13.139
1.5401e-06,-13.198
1.5402e-06,-13.418
1.5403e-06,-13.436
1.5404e-06,-13.298
1.5405e-06,-13.411
1.5406e-06,-13.29
1.5407e-06,-13.599
1.5408e-06,-13.422
1.5409e-06,-13.672
1.541e-06,-13.561
1.5411e-06,-13.45
1.5412e-06,-13.701
1.5413e-06,-13.711
1.5414e-06,-13.626
1.5415e-06,-13.496
1.5416e-06,-13.716
1.5417e-06,-13.669
1.5418e-06,-13.714
1.5419e-06,-13.54
1.542e-06,-13.709
1.5421e-06,-13.769
1.5422e-06,-13.77
1.5423e-06,-13.823
1.5424e-06,-13.871
1.5425e-06,-14.001
1.5426e-06,-13.981
1.5427e-06,-14.073
1.5428e-06,-14.241
1.5429e-06,-14.144
1.543e-06,-13.99
1.5431e-06,-14.043
1.5432e-06,-14.122
1.5433e-06,-14.163
1.5434e-06,-14.168
1.5435e-06,-14.211
1.5436e-06,-14.358
1.5437e-06,-14.232
1.5438e-06,-14.219
1.5439e-06,-14.093
1.544e-06,-14.213
1.5441e-06,-14.301
1.5442e-06,-14.253
1.5443e-06,-14.36
1.5444e-06,-14.5
1.5445e-06,-14.449
1.5446e-06,-14.517
1.5447e-06,-14.304
1.5448e-06,-14.581
1.5449e-06,-14.57
1.545e-06,-14.52
1.5451e-06,-14.397
1.5452e-06,-14.543
1.5453e-06,-14.587
1.5454e-06,-14.694
1.5455e-06,-14.79
1.5456e-06,-14.754
1.5457e-06,-14.456
1.5458e-06,-14.569
1.5459e-06,-14.655
1.546e-06,-14.517
1.5461e-06,-14.702
1.5462e-06,-14.627
1.5463e-06,-14.696
1.5464e-06,-14.782
1.5465e-06,-14.836
1.5466e-06,-14.88
1.5467e-06,-14.876
1.5468e-06,-14.807
1.5469e-06,-14.819
1.547e-06,-14.746
1.5471e-06,-14.675
1.5472e-06,-14.914
1.5473e-06,-15.01
1.5474e-06,-14.687
1.5475e-06,-14.913
1.5476e-06,-14.899
1.5477e-06,-15.038
1.5478e-06,-14.859
1.5479e-06,-15.127
1.548e-06,-14.97
1.5481e-06,-15.055
1.5482e-06,-15.065
1.5483e-06,-15.131
1.5484e-06,-15.019
1.5485e-06,-14.863
1.5486e-06,-15.096
1.5487e-06,-15.086
1.5488e-06,-15.008
1.5489e-06,-15.013
1.549e-06,-14.972
1.5491e-06,-15.14
1.5492e-06,-15.071
1.5493e-06,-15.234
1.5494e-06,-14.986
1.5495e-06,-15.018
1.5496e-06,-15.09
1.5497e-06,-14.889
1.5498e-06,-15.279
1.5499e-06,-15.155
1.55e-06,-15.017
1.5501e-06,-14.962
1.5502e-06,-14.957
1.5503e-06,-14.923
1.5504e-06,-14.947
1.5505e-06,-15.104
1.5506e-06,-14.994
1.5507e-06,-14.898
1.5508e-06,-15.255
1.5509e-06,-15.315
1.551e-06,-15.17
1.5511e-06,-15.173
1.5512e-06,-15.158
1.5513e-06,-15.132
1.5514e-06,-14.745
1.5515e-06,-14.863
1.5516e-06,-15.114
1.5517e-06,-15.325
1.5518e-06,-14.971
1.5519e-06,-14.969
1.552e-06,-15.032
1.5521e-06,-15.038
1.5522e-06,-14.966
1.5523e-06,-15.167
1.5524e-06,-15.093
1.5525e-06,-15.282
1.5526e-06,-14.78
1.5527e-06,-15.091
1.5528e-06,-14.898
1.5529e-06,-14.893
1.553e-06,-15.073
1.5531e-06,-15.052
1.5532e-06,-14.95
1.5533e-06,-14.846
1.5534e-06,-14.728
1.5535e-06,-14.892
1.5536e-06,-14.888
1.5537e-06,-14.814
1.5538e-06,-14.707
1.5539e-06,-15.113
1.554e-06,-15.102
1.5541e-06,-14.754
1.5542e-06,-14.733
1.5543e-06,-14.575
1.5544e-06,-14.741
1.5545e-06,-14.93
1.5546e-06,-14.578
1.5547e-06,-14.639
1.5548e-06,-14.639
1.5549e-06,-14.756
1.555e-06,-14.375
1.5551e-06,-14.8
1.5552e-06,-14.87
1.5553e-06,-14.697
1.5554e-06,-14.694
1.5555e-06,-14.541
1.5556e-06,-14.901
1.5557e-06,-14.696
1.5558e-06,-14.423
1.5559e-06,-14.592
1.556e-06,-14.443
1.5561e-06,-14.542
1.5562e-06,-14.453
1.5563e-06,-14.579
1.5564e-06,-14.304
1.5565e-06,-14.465
1.5566e-06,-14.338
1.5567e-06,-14.26
1.5568e-06,-14.471
1.5569e-06,-14.202
1.557e-06,-14.116
1.5571e-06,-14.181
1.5572e-06,-14.327
1.5573e-06,-14.099
1.5574e-06,-14.467
1.5575e-06,-14.019
1.5576e-06,-14.19
1.5577e-06,-14.173
1.5578e-06,-14.123
1.5579e-06,-14.095
1.558e-06,-13.979
1.5581e-06,-14.009
1.5582e-06,-14.073
1.5583e-06,-13.788
1.5584e-06,-14.03
1.5585e-06,-14.053
1.5586e-06,-13.772
1.5587e-06,-13.924
1.5588e-06,-13.753
1.5589e-06,-13.834
1.559e-06,-14.073
1.5591e-06,-13.834
1.5592e-06,-13.783
1.5593e-06,-13.708
1.5594e-06,-13.73
1.5595e-06,-13.664
1.5596e-06,-13.717
1.5597e-06,-13.472
1.5598e-06,-13.671
1.5599e-06,-13.673
1.56e-06,-13.394
1.5601e-06,-13.504
1.5602e-06,-13.621
1.5603e-06,-13.654
1.5604e-06,-13.442
1.5605e-06,-13.255
1.5606e-06,-13.501
1.5607e-06,-13.491
1.5608e-06,-13.311
1.5609e-06,-13.502
1.561e-06,-13.441
1.5611e-06,-13.241
1.5612e-06,-13.302
1.5613e-06,-13.25
1.5614e-06,-13.247
1.5615e-06,-13.161
1.5616e-06,-13.029
1.5617e-06,-13.271
1.5618e-06,-13.266
1.5619e-06,-13.1
1.562e-06,-13.109
1.5621e-06,-13.051
1.5622e-06,-12.931
1.5623e-06,-13.004
1.5624e-06,-12.986
1.5625e-06,-12.894
1.5626e-06,-12.968
1.5627e-06,-12.794
1.5628e-06,-12.725
1.5629e-06,-12.814
1.563e-06,-12.836
1.5631e-06,-12.794
1.5632e-06,-12.909
1.5633e-06,-12.823
1.5634e-06,-12.72
1.5635e-06,-12.741
1.5636e-06,-12.59
1.5637e-06,-12.629
1.5638e-06,-12.828
1.5639e-06,-12.625
1.564e-06,-12.389
1.5641e-06,-12.473
1.5642e-06,-12.289
1.5643e-06,-12.429
1.5644e-06,-12.511
1.5645e-06,-12.454
1.5646e-06,-12.376
1.5647e-06,-12.541
1.5648e-06,-12.42
1.5649e-06,-12.258
1.565e-06,-12.195
1.5651e-06,-12.126
1.5652e-06,-12.068
1.5653e-06,-12.146
1.5654e-06,-12.125
1.5655e-06,-11.885
1.5656e-06,-12.077
1.5657e-06,-12.056
1.5658e-06,-12.055
1.5659e-06,-12.325
1.566e-06,-12.118
1.5661e-06,-11.844
1.5662e-06,-11.867
1.5663e-06,-11.864
1.5664e-06,-11.817
1.5665e-06,-11.855
1.5666e-06,-11.975
1.5667e-06,-11.592
1.5668e-06,-11.718
1.5669e-06,-11.867
1.567e-06,-11.767
1.5671e-06,-11.624
1.5672e-06,-11.748
1.5673e-06,-11.562
1.5674e-06,-11.669
1.5675e-06,-11.496
1.5676e-06,-11.49
1.5677e-06,-11.459
1.5678e-06,-11.508
1.5679e-06,-11.322
1.568e-06,-11.467
1.5681e-06,-11.394
1.5682e-06,-11.494
1.5683e-06,-11.466
1.5684e-06,-11.42
1.5685e-06,-11.211
1.5686e-06,-11.363
1.5687e-06,-11.328
1.5688e-06,-11.161
1.5689e-06,-11.334
1.569e-06,-11.249
1.5691e-06,-11.203
1.5692e-06,-11.177
1.5693e-06,-10.813
1.5694e-06,-11.078
1.5695e-06,-11.071
1.5696e-06,-10.973
1.5697e-06,-11.018
1.5698e-06,-10.853
1.5699e-06,-10.935
1.57e-06,-10.815
1.5701e-06,-11.013
1.5702e-06,-10.868
1.5703e-06,-10.894
1.5704e-06,-10.655
1.5705e-06,-10.957
1.5706e-06,-10.697
1.5707e-06,-10.67
1.5708e-06,-10.724
1.5709e-06,-10.428
1.571e-06,-10.548
1.5711e-06,-10.978
1.5712e-06,-10.565
1.5713e-06,-10.626
1.5714e-06,-10.573
1.5715e-06,-10.791
1.5716e-06,-10.651
1.5717e-06,-10.767
1.5718e-06,-10.299
1.5719e-06,-10.634
1.572e-06,-10.387
1.5721e-06,-10.343
1.5722e-06,-10.45
1.5723e-06,-10.227
1.5724e-06,-10.253
1.5725e-06,-10.197
1.5726e-06,-10.202
1.5727e-06,-10.117
1.5728e-06,-10.271
1.5729e-06,-10.161
1.573e-06,-10.382
1.5731e-06,-10.259
1.5732e-06,-10.046
1.5733e-06,-10.236
1.5734e-06,-10.088
1.5735e-06,-9.9468
1.5736e-06,-10.122
1.5737e-06,-9.9302
1.5738e-06,-9.9114
1.5739e-06,-9.9391
1.574e-06,-9.9839
1.5741e-06,-9.8931
1.5742e-06,-9.9019
1.5743e-06,-9.7126
1.5744e-06,-9.8075
1.5745e-06,-9.8767
1.5746e-06,-9.8712
1.5747e-06,-9.6642
1.5748e-06,-9.7998
1.5749e-06,-9.5587
1.575e-06,-9.6799
1.5751e-06,-9.5757
1.5752e-06,-9.6384
1.5753e-06,-9.6039
1.5754e-06,-9.5315
1.5755e-06,-9.6482
1.5756e-06,-9.4366
1.5757e-06,-9.6738
1.5758e-06,-9.6098
1.5759e-06,-9.2339
1.576e-06,-9.2227
1.5761e-06,-9.4203
1.5762e-06,-9.2753
1.5763e-06,-9.371
1.5764e-06,-9.3458
1.5765e-06,-9.2403
1.5766e-06,-9.3139
1.5767e-06,-9.5694
1.5768e-06,-9.3687
1.5769e-06,-9.3299
1.577e-06,-9.2502
1.5771e-06,-9.0417
1.5772e-06,-9.2327
1.5773e-06,-9.0822
1.5774e-06,-9.2076
1.5775e-06,-8.9582
1.5776e-06,-8.9225
1.5777e-06,-9.1342
1.5778e-06,-8.9358
1.5779e-06,-8.7118
1.578e-06,-8.8375
1.5781e-06,-9.0439
1.5782e-06,-8.9056
1.5783e-06,-8.813
1.5784e-06,-8.7761
1.5785e-06,-8.7065
1.5786e-06,-8.9069
1.5787e-06,-8.8468
1.5788e-06,-8.7523
1.5789e-06,-8.7006
1.579e-06,-8.6627
1.5791e-06,-8.4851
1.5792e-06,-8.6643
1.5793e-06,-8.5119
1.5794e-06,-8.5909
1.5795e-06,-8.4524
1.5796e-06,-8.5171
1.5797e-06,-8.634
1.5798e-06,-8.5203
1.5799e-06,-8.4991
1.58e-06,-8.5719
1.5801e-06,-8.4549
1.5802e-06,-8.4623
1.5803e-06,-8.493
1.5804e-06,-8.1336
1.5805e-06,-8.3677
1.5806e-06,-8.5437
1.5807e-06,-8.5256
1.5808e-06,-8.2381
1.5809e-06,-8.4554
1.581e-06,-8.3622
1.5811e-06,-8.2419
1.5812e-06,-8.3303
1.5813e-06,-8.384
1.5814e-06,-8.4102
1.5815e-06,-8.2702
1.5816e-06,-8.1507
1.5817e-06,-8.2407
1.5818e-06,-8.0601
1.5819e-06,-8.0777
1.582e-06,-8.0002
1.5821e-06,-7.9651
1.5822e-06,-8.0584
1.5823e-06,-8.104
1.5824e-06,-8.1265
1.5825e-06,-8.2492
1.5826e-06,-8.0877
1.5827e-06,-7.9741
1.5828e-06,-7.9251
1.5829e-06,-7.879
1.583e-06,-7.6654
1.5831e-06,-7.7727
1.5832e-06,-7.6545
1.5833e-06,-7.7925
1.5834e-06,-7.9454
1.5835e-06,-7.7232
1.5836e-06,-7.6818
1.5837e-06,-7.8775
1.5838e-06,-7.672
1.5839e-06,-7.6131
1.584e-06,-7.7683
1.5841e-06,-7.8174
1.5842e-06,-7.5225
1.5843e-06,-7.7548
1.5844e-06,-7.7658
1.5845e-06,-7.6969
1.5846e-06,-7.6631
1.5847e-06,-7.552
1.5848e-06,-7.383
1.5849e-06,-7.5346
1.585e-06,-7.3824
1.5851e-06,-7.4417
1.5852e-06,-7.3943
1.5853e-06,-7.3345
1.5854e-06,-7.296
1.5855e-06,-7.3972
1.5856e-06,-7.3535
1.5857e-06,-7.5216
1.5858e-06,-7.3519
1.5859e-06,-7.3179
1.586e-06,-7.1799
1.5861e-06,-7.3931
1.5862e-06,-7.2083
1.5863e-06,-7.4205
1.5864e-06,-7.1836
1.5865e-06,-7.2314
1.5866e-06,-7.2457
1.5867e-06,-7.1469
1.5868e-06,-7.1595
1.5869e-06,-7.1213
1.587e-06,-7.0935
1.5871e-06,-7.2326
1.5872e-06,-7.0033
1.5873e-06,-6.7912
1.5874e-06,-7.0072
1.5875e-06,-7.1395
1.5876e-06,-7.1954
1.5877e-06,-6.8118
1.5878e-06,-7.0399
1.5879e-06,-6.9542
1.588e-06,-6.7081
1.5881e-06,-6.9981
1.5882e-06,-6.9474
1.5883e-06,-6.7691
1.5884e-06,-6.7748
1.5885e-06,-6.8228
1.5886e-06,-6.8261
1.5887e-06,-6.6676
1.5888e-06,-6.7129
1.5889e-06,-6.8483
1.589e-06,-6.7423
1.5891e-06,-6.9475
1.5892e-06,-6.8127
1.5893e-06,-6.5834
1.5894e-06,-6.5876
1.5895e-06,-6.7141
1.5896e-06,-6.6664
1.5897e-06,-6.5561
1.5898e-06,-6.597
1.5899e-06,-6.511
1.59e-06,-6.532
1.5901e-06,-6.7079
1.5902e-06,-6.365
1.5903e-06,-6.4012
1.5904e-06,-6.4127
1.5905e-06,-6.5735
1.5906e-06,-6.4353
1.5907e-06,-6.1278
1.5908e-06,-6.4139
1.5909e-06,-6.3552
1.591e-06,-6.3836
1.5911e-06,-6.1777
1.5912e-06,-6.4805
1.5913e-06,-6.3186
1.5914e-06,-6.4006
1.5915e-06,-6.3647
1.5916e-06,-6.2749
1.5917e-06,-6.4351
1.5918e-06,-6.1815
1.5919e-06,-6.2539
1.592e-06,-6.0378
1.5921e-06,-6.4682
1.5922e-06,-6.1862
1.5923e-06,-6.0395
1.5924e-06,-6.0247
1.5925e-06,-6.1712
1.5926e-06,-6.2493
1.5927e-06,-6.0313
1.5928e-06,-6.0369
1.5929e-06,-6.0727
1.593e-06,-6.07
1.5931e-06,-5.9087
1.5932e-06,-6.0057
1.5933e-06,-5.957
1.5934e-06,-5.9511
1.5935e-06,-5.863
1.5936e-06,-5.9082
1.5937e-06,-5.9073
1.5938e-06,-5.7335
1.5939e-06,-5.8218
1.594e-06,-5.842
1.5941e-06,-5.644
1.5942e-06,-5.9753
1.5943e-06,-5.7645
1.5944e-06,-5.9058
1.5945e-06,-5.8851
1.5946e-06,-5.9369
1.5947e-06,-5.7304
1.5948e-06,-5.657
1.5949e-06,-5.5853
1.595e-06,-5.8887
1.5951e-06,-5.6372
1.5952e-06,-5.7151
1.5953e-06,-5.6021
1.5954e-06,-5.6295
1.5955e-06,-5.6164
1.5956e-06,-5.6182
1.5957e-06,-5.5938
1.5958e-06,-5.8827
1.5959e-06,-5.5424
1.596e-06,-5.5174
1.5961e-06,-5.4848
1.5962e-06,-5.4657
1.5963e-06,-5.4834
1.5964e-06,-5.719
1.5965e-06,-5.3266
1.5966e-06,-5.4606
1.5967e-06,-5.5679
1.5968e-06,-5.3362
1.5969e-06,-5.3015
1.597e-06,-5.1289
1.5971e-06,-5.2452
1.5972e-06,-5.4656
1.5973e-06,-5.4732
1.5974e-06,-5.2172
1.5975e-06,-5.2433
1.5976e-06,-5.3732
1.5977e-06,-5.2417
1.5978e-06,-5.2478
1.5979e-06,-5.2885
1.598e-06,-5.3248
1.5981e-06,-5.2861
1.5982e-06,-5.2992
1.5983e-06,-5.3393
1.5984e-06,-5.1312
1.5985e-06,-5.0139
1.5986e-06,-5.2386
1.5987e-06,-5.0702
1.5988e-06,-5.2927
1.5989e-06,-5.1217
1.599e-06,-5.0483
1.5991e-06,-5.0585
1.5992e-06,-4.835
1.5993e-06,-5.0869
1.5994e-06,-5.0869
1.5995e-06,-4.9561
1.5996e-06,-5.062
1.5997e-06,-4.7773
1.5998e-06,-4.9666
1.5999e-06,-5.0603
1.6e-06,-4.8874
1.6001e-06,-4.9507
1.6002e-06,-5.0931
1.6003e-06,-5.1646
1.6004e-06,-4.9305
1.6005e-06,-4.5302
1.6006e-06,-4.8369
1.6007e-06,-4.8134
1.6008e-06,-4.913
1.6009e-06,-4.9881
1.601e-06,-4.8567
1.6011e-06,-4.8828
1.6012e-06,-4.6263
1.6013e-06,-4.8313
1.6014e-06,-4.6823
1.6015e-06,-4.5735
1.6016e-06,-4.5977
1.6017e-06,-4.6877
1.6018e-06,-4.5405
1.6019e-06,-4.4704
1.602e-06,-4.7488
1.6021e-06,-4.7415
1.6022e-06,-4.6917
1.6023e-06,-4.5378
1.6024e-06,-4.663
1.6025e-06,-4.3839
1.6026e-06,-4.6402
1.6027e-06,-4.6953
1.6028e-06,-4.5687
1.6029e-06,-4.3897
1.603e-06,-4.7551
1.6031e-06,-4.6353
1.6032e-06,-4.4083
1.6033e-06,-4.4906
1.6034e-06,-4.5382
1.6035e-06,-4.5731
1.6036e-06,-4.3366
1.6037e-06,-4.3226
1.6038e-06,-4.4301
1.6039e-06,-4.5923
1.604e-06,-4.4912
1.6041e-06,-4.5222
1.6042e-06,-4.1973
1.6043e-06,-4.3239
1.6044e-06,-4.317
1.6045e-06,-4.3344
1.6046e-06,-4.3045
1.6047e-06,-4.2328
1.6048e-06,-4.1552
1.6049e-06,-4.2872
1.605e-06,-4.1325
1.6051e-06,-4.261
1.6052e-06,-4.0551
1.6053e-06,-4.1911
1.6054e-06,-4.1768
1.6055e-06,-4.1366
1.6056e-06,-4.116
1.6057e-06,-4.2606
1.6058e-06,-4.197
1.6059e-06,-4.2405
1.606e-06,-4.1752
1.6061e-06,-4.1992
1.6062e-06,-4.1486
1.6063e-06,-4.1712
1.6064e-06,-4.1511
1.6065e-06,-4.2288
1.6066e-06,-3.9955
1.6067e-06,-3.7601
1.6068e-06,-3.8791
1.6069e-06,-3.9385
1.607e-06,-3.9798
1.6071e-06,-4.1722
1.6072e-06,-3.7995
1.6073e-06,-4.0492
1.6074e-06,-4.0026
1.6075e-06,-3.9732
1.6076e-06,-4.0366
1.6077e-06,-3.89
1.6078e-06,-3.8872
1.6079e-06,-3.8922
1.608e-06,-3.8558
1.6081e-06,-3.8026
1.6082e-06,-3.8352
1.6083e-06,-3.7273
1.6084e-06,-3.9526
1.6085e-06,-3.6999
1.6086e-06,-3.902
1.6087e-06,-3.733
1.6088e-06,-3.8693
1.6089e-06,-3.8874
1.609e-06,-3.8094
1.6091e-06,-3.5286
1.6092e-06,-3.8795
1.6093e-06,-3.7454
1.6094e-06,-3.7777
1.6095e-06,-3.8762
1.6096e-06,-3.7392
1.6097e-06,-3.6713
1.6098e-06,-3.7565
1.6099e-06,-3.7556
1.61e-06,-3.7547
1.6101e-06,-3.7367
1.6102e-06,-3.5503
1.6103e-06,-3.4431
1.6104e-06,-3.7058
1.6105e-06,-3.6126
1.6106e-06,-3.4361
1.6107e-06,-3.7474
1.6108e-06,-3.4745
1.6109e-06,-3.4096
1.611e-06,-3.5405
1.6111e-06,-3.6988
1.6112e-06,-3.2755
1.6113e-06,-3.5245
1.6114e-06,-3.6443
1.6115e-06,-3.7992
1.6116e-06,-3.4838
1.6117e-06,-3.5157
1.6118e-06,-3.3443
1.6119e-06,-3.4737
1.612e-06,-3.313
1.6121e-06,-3.5037
1.6122e-06,-3.3545
1.6123e-06,-3.5062
1.6124e-06,-3.2535
1.6125e-06,-3.3633
1.6126e-06,-3.1489
1.6127e-06,-3.246
1.6128e-06,-3.4925
1.6129e-06,-3.5051
1.613e-06,-3.2015
1.6131e-06,-3.1811
1.6132e-06,-3.2184
1.6133e-06,-3.123
1.6134e-06,-3.1796
1.6135e-06,-3.3818
1.6136e-06,-3.2506
1.6137e-06,-3.2829
1.6138e-06,-3.3006
1.6139e-06,-3.1822
1.614e-06,-3.4005
1.6141e-06,-3.1837
1.6142e-06,-3.2847
1.6143e-06,-3.0744
1.6144e-06,-3.1083
1.6145e-06,-3.0974
1.6146e-06,-3.0938
1.6147e-06,-3.0539
1.6148e-06,-2.9786
1.6149e-06,-3.2438
1.615e-06,-3.1842
1.6151e-06,-3.0727
1.6152e-06,-3.0671
1.6153e-06,-3.0079
1.6154e-06,-3.0657
1.6155e-06,-3.0702
1.6156e-06,-3.0395
1.6157e-06,-2.9892
1.6158e-06,-3.0973
1.6159e-06,-3.2314
1.616e-06,-2.8985
1.6161e-06,-3.1691
1.6162e-06,-3.1024
1.6163e-06,-2.7834
1.6164e-06,-3.0247
1.6165e-06,-2.8859
1.6166e-06,-2.6785
1.6167e-06,-2.9927
1.6168e-06,-2.9078
1.6169e-06,-2.7246
1.617e-06,-2.7187
1.6171e-06,-2.8425
1.6172e-06,-2.8837
1.6173e-06,-2.7427
1.6174e-06,-2.8549
1.6175e-06,-3.0038
1.6176e-06,-2.8191
1.6177e-06,-2.9766
1.6178e-06,-2.9659
1.6179e-06,-2.7572
1.618e-06,-2.7876
1.6181e-06,-2.5992
1.6182e-06,-2.7591
1.6183e-06,-2.6847
1.6184e-06,-2.6973
1.6185e-06,-2.6155
1.6186e-06,-2.845
1.6187e-06,-2.8913
1.6188e-06,-2.4959
1.6189e-06,-2.8696
1.619e-06,-2.2735
1.6191e-06,-2.5321
1.6192e-06,-2.5161
1.6193e-06,-2.7138
1.6194e-06,-2.4567
1.6195e-06,-2.7763
1.6196e-06,-2.5849
1.6197e-06,-2.6404
1.6198e-06,-2.7565
1.6199e-06,-2.6815
1.62e-06,-2.4506
1.6201e-06,-2.7997
1.6202e-06,-2.5634
1.6203e-06,-2.6134
1.6204e-06,-2.4706
1.6205e-06,-2.5497
1.6206e-06,-2.3109
1.6207e-06,-2.7523
1.6208e-06,-2.4602
1.6209e-06,-2.364
1.621e-06,-2.5206
1.6211e-06,-2.5483
1.6212e-06,-2.4312
1.6213e-06,-2.6115
1.6214e-06,-2.1878
1.6215e-06,-2.3288
1.6216e-06,-2.5237
1.6217e-06,-2.4629
1.6218e-06,-2.2332
1.6219e-06,-2.5604
1.622e-06,-2.412
1.6221e-06,-2.3745
1.6222e-06,-2.171
1.6223e-06,-2.6089
1.6224e-06,-2.0716
1.6225e-06,-2.2224
1.6226e-06,-2.3411
1.6227e-06,-2.1797
1.6228e-06,-2.4264
1.6229e-06,-2.3556
1.623e-06,-2.279
1.6231e-06,-2.2653
1.6232e-06,-2.1888
1.6233e-06,-2.3341
1.6234e-06,-2.2695
1.6235e-06,-2.0629
1.6236e-06,-2.1734
1.6237e-06,-2.1613
1.6238e-06,-2.157
1.6239e-06,-2.0818
1.624e-06,-2.5098
1.6241e-06,-2.2618
1.6242e-06,-2.2454
1.6243e-06,-2.1203
1.6244e-06,-1.9237
1.6245e-06,-2.1555
1.6246e-06,-2.0485
1.6247e-06,-2.0567
1.6248e-06,-2.1874
1.6249e-06,-2.1784
1.625e-06,-2.2072
1.6251e-06,-2.2251
1.6252e-06,-2.3169
1.6253e-06,-1.9226
1.6254e-06,-1.9347
1.6255e-06,-2.0975
1.6256e-06,-2.1145
1.6257e-06,-2.0174
1.6258e-06,-1.9248
1.6259e-06,-2.0079
1.626e-06,-2.0287
1.6261e-06,-2.0822
1.6262e-06,-1.9355
1.6263e-06,-2.0197
1.6264e-06,-1.9667
1.6265e-06,-1.9137
1.6266e-06,-1.8149
1.6267e-06,-1.797
1.6268e-06,-1.8259
1.6269e-06,-2.0681
1.627e-06,-1.719
1.6271e-06,-2.0685
1.6272e-06,-1.7598
1.6273e-06,-1.6605
1.6274e-06,-1.8969
1.6275e-06,-1.9353
1.6276e-06,-1.7903
1.6277e-06,-1.8789
1.6278e-06,-1.8422
1.6279e-06,-1.6908
1.628e-06,-1.9394
1.6281e-06,-1.7267
1.6282e-06,-1.5306
1.6283e-06,-1.8617
1.6284e-06,-1.8836
1.6285e-06,-1.9313
1.6286e-06,-1.9234
1.6287e-06,-1.733
1.6288e-06,-2.1968
1.6289e-06,-1.6859
1.629e-06,-1.9169
1.6291e-06,-1.8505
1.6292e-06,-1.7766
1.6293e-06,-1.9732
1.6294e-06,-1.6073
1.6295e-06,-1.5696
1.6296e-06,-1.8135
1.6297e-06,-1.8531
1.6298e-06,-1.7519
1.6299e-06,-1.8361
1.63e-06,-1.6034
1.6301e-06,-1.6552
1.6302e-06,-1.5889
1.6303e-06,-1.5984
1.6304e-06,-1.6176
1.6305e-06,-1.7618
1.6306e-06,-1.7831
1.6307e-06,-1.7284
1.6308e-06,-1.7076
1.6309e-06,-1.6557
1.631e-06,-1.6248
1.6311e-06,-1.4582
1.6312e-06,-1.8381
1.6313e-06,-1.3289
1.6314e-06,-1.4456
1.6315e-06,-1.622
1.6316e-06,-1.7008
1.6317e-06,-1.5424
1.6318e-06,-1.4986
1.6319e-06,-1.546
1.632e-06,-1.6472
1.6321e-06,-1.6313
1.6322e-06,-1.5851
1.6323e-06,-1.2293
1.6324e-06,-1.5526
1.6325e-06,-1.3258
1.6326e-06,-1.4129
1.6327e-06,-1.4755
1.6328e-06,-1.4913
1.6329e-06,-1.5531
1.633e-06,-1.5022
1.6331e-06,-1.5907
1.6332e-06,-1.6496
1.6333e-06,-1.4515
1.6334e-06,-1.3204
1.6335e-06,-1.397
1.6336e-06,-1.3279
1.6337e-06,-1.1372
1.6338e-06,-1.0997
1.6339e-06,-1.5146
1.634e-06,-1.2338
1.6341e-06,-1.4552
1.6342e-06,-1.4956
1.6343e-06,-1.435
1.6344e-06,-1.2353
1.6345e-06,-1.2796
1.6346e-06,-1.1628
1.6347e-06,-1.22
1.6348e-06,-1.0684
1.6349e-06,-1.4661
1.635e-06,-1.3748
1.6351e-06,-1.3045
1.6352e-06,-1.2756
1.6353e-06,-1.3391
1.6354e-06,-1.1091
1.6355e-06,-1.3506
1.6356e-06,-1.1301
1.6357e-06,-1.4168
1.6358e-06,-1.171
1.6359e-06,-1.06
1.636e-06,-1.2594
1.6361e-06,-1.3935
1.6362e-06,-1.1981
1.6363e-06,-1.2476
1.6364e-06,-1.223
1.6365e-06,-1.2097
1.6366e-06,-1.2077
1.6367e-06,-1.0874
1.6368e-06,-1.0377
1.6369e-06,-1.0118
1.637e-06,-1.2969
1.6371e-06,-1.122
1.6372e-06,-1.0923
1.6373e-06,-1.1797
1.6374e-06,-0.99012
1.6375e-06,-1.2172
1.6376e-06,-1.0308
1.6377e-06,-1.1167
1.6378e-06,-0.95944
1.6379e-06,-0.70972
1.638e-06,-0.89289
1.6381e-06,-0.88634
1.6382e-06,-1.1963
1.6383e-06,-0.79385
1.6384e-06,-0.86387
1.6385e-06,-0.85035
1.6386e-06,-0.84195
1.6387e-06,-0.9907
1.6388e-06,-0.8064
1.6389e-06,-1.2087
1.639e-06,-0.97322
1.6391e-06,-1.0344
1.6392e-06,-1.0215
1.6393e-06,-0.90764
1.6394e-06,-0.91144
1.6395e-06,-0.84999
1.6396e-06,-0.95433
1.6397e-06,-0.89453
1.6398e-06,-0.9849
1.6399e-06,-0.81862
1.64e-06,-0.83456
1.6401e-06,-0.91609
1.6402e-06,-0.70712
1.6403e-06,-0.74716
1.6404e-06,-0.57264
1.6405e-06,-0.84584
1.6406e-06,-1.0224
1.6407e-06,-0.7514
1.6408e-06,-0.7935
1.6409e-06,-0.90892
1.641e-06,-0.73972
1.6411e-06,-0.80554
1.6412e-06,-0.63341
1.6413e-06,-0.5457
1.6414e-06,-0.7939
1.6415e-06,-0.7716
1.6416e-06,-0.64978
1.6417e-06,-0.82287
1.6418e-06,-0.5944
1.6419e-06,-0.51414
1.642e-06,-0.573
1.6421e-06,-0.89592
1.6422e-06,-0.66813
1.6423e-06,-0.64589
1.6424e-06,-0.69381
1.6425e-06,-0.66352
1.6426e-06,-0.85451
1.6427e-06,-0.69796
1.6428e-06,-0.81726
1.6429e-06,-0.56613
1.643e-06,-0.80296
1.6431e-06,-0.71316
1.6432e-06,-0.66763
1.6433e-06,-0.62526
1.6434e-06,-1.0445
1.6435e-06,-0.74267
1.6436e-06,-0.46131
1.6437e-06,-0.54705
1.6438e-06,-0.66541
1.6439e-06,-0.65006
1.644e-06,-0.48172
1.6441e-06,-0.60531
1.6442e-06,-0.34324
1.6443e-06,-0.48259
1.6444e-06,-0.55849
1.6445e-06,-0.27889
1.6446e-06,-0.46985
1.6447e-06,-0.61427
1.6448e-06,-0.54404
1.6449e-06,-0.65046
1.645e-06,-0.42483
1.6451e-06,-0.58162
1.6452e-06,-0.54785
1.6453e-06,-0.44956
1.6454e-06,-0.60935
1.6455e-06,-0.40364
1.6456e-06,-0.61277
1.6457e-06,-0.56282
1.6458e-06,-0.5016
1.6459e-06,-0.50426
1.646e-06,-0.34304
1.6461e-06,-0.41787
1.6462e-06,-0.33937
1.6463e-06,-0.63013
1.6464e-06,-0.51552
1.6465e-06,-0.37622
1.6466e-06,-0.35266
1.6467e-06,-0.39691
1.6468e-06,-0.39148
1.6469e-06,-0.28861
1.647e-06,-0.29764
1.6471e-06,-0.47911
1.6472e-06,-0.079967
1.6473e-06,-0.072872
1.6474e-06,-0.31943
1.6475e-06,-0.26118
1.6476e-06,-0.37989
1.6477e-06,-0.23279
1.6478e-06,0.075545
1.6479e-06,-0.45803
1.648e-06,-0.46077
1.6481e-06,-0.29183
1.6482e-06,-0.47582
1.6483e-06,-0.42616
1.6484e-06,-0.1408
1.6485e-06,-0.21573
1.6486e-06,-0.16258
1.6487e-06,-0.27227
1.6488e-06,-0.11953
1.6489e-06,-0.088425
1.649e-06,-0.066845
1.6491e-06,-0.06794
1.6492e-06,-0.25888
1.6493e-06,0.050098
1.6494e-06,0.071321
1.6495e-06,-0.044405
1.6496e-06,-0.33595
1.6497e-06,-0.19956
1.6498e-06,-0.40373
1.6499e-06,0.028674
1.65e-06,-0.22199
