1.35e-06,7.8831
1.3501e-06,8.0971
1.3502e-06,7.9478
1.3503e-06,7.9979
1.3504e-06,7.922
1.3505e-06,7.9398
1.3506e-06,7.9327
1.3507e-06,7.9529
1.3508e-06,8.0276
1.3509e-06,7.9734
1.351e-06,8.101
1.3511e-06,7.9698
1.3512e-06,8.0429
1.3513e-06,7.996
1.3514e-06,7.98
1.3515e-06,7.9714
1.3516e-06,7.8618
1.3517e-06,7.8285
1.3518e-06,7.8458
1.3519e-06,7.8764
1.352e-06,7.7908
1.3521e-06,7.8974
1.3522e-06,7.9461
1.3523e-06,7.882
1.3524e-06,7.9044
1.3525e-06,7.8543
1.3526e-06,7.7685
1.3527e-06,7.7542
1.3528e-06,7.8411
1.3529e-06,7.9577
1.353e-06,7.8931
1.3531e-06,7.8604
1.3532e-06,7.7653
1.3533e-06,7.8432
1.3534e-06,7.7681
1.3535e-06,7.817
1.3536e-06,8.0444
1.3537e-06,7.8065
1.3538e-06,7.8294
1.3539e-06,7.8303
1.354e-06,7.8432
1.3541e-06,7.8099
1.3542e-06,7.5586
1.3543e-06,7.7555
1.3544e-06,7.7587
1.3545e-06,7.6502
1.3546e-06,7.6386
1.3547e-06,7.7798
1.3548e-06,7.7641
1.3549e-06,7.6669
1.355e-06,7.8022
1.3551e-06,7.7833
1.3552e-06,7.7061
1.3553e-06,7.7375
1.3554e-06,7.6916
1.3555e-06,7.673
1.3556e-06,7.7356
1.3557e-06,7.6401
1.3558e-06,7.6735
1.3559e-06,7.6066
1.356e-06,7.7233
1.3561e-06,7.7556
1.3562e-06,7.7161
1.3563e-06,7.7219
1.3564e-06,7.6408
1.3565e-06,7.7755
1.3566e-06,7.6677
1.3567e-06,7.713
1.3568e-06,7.7674
1.3569e-06,7.6698
1.357e-06,7.7501
1.3571e-06,7.5704
1.3572e-06,7.6776
1.3573e-06,7.575
1.3574e-06,7.6351
1.3575e-06,7.5109
1.3576e-06,7.5235
1.3577e-06,7.5892
1.3578e-06,7.631
1.3579e-06,7.8157
1.358e-06,7.6268
1.3581e-06,7.5685
1.3582e-06,7.6601
1.3583e-06,7.5916
1.3584e-06,7.5271
1.3585e-06,7.572
1.3586e-06,7.518
1.3587e-06,7.5328
1.3588e-06,7.7333
1.3589e-06,7.6218
1.359e-06,7.4995
1.3591e-06,7.6365
1.3592e-06,7.5915
1.3593e-06,7.4521
1.3594e-06,7.5793
1.3595e-06,7.511
1.3596e-06,7.422
1.3597e-06,7.5384
1.3598e-06,7.5595
1.3599e-06,7.6185
1.36e-06,7.5071
1.3601e-06,7.4164
1.3602e-06,7.3895
1.3603e-06,7.5115
1.3604e-06,7.4336
1.3605e-06,7.4189
1.3606e-06,7.4442
1.3607e-06,7.4798
1.3608e-06,7.3974
1.3609e-06,7.3946
1.361e-06,7.4075
1.3611e-06,7.4699
1.3612e-06,7.2777
1.3613e-06,7.2795
1.3614e-06,7.4013
1.3615e-06,7.1975
1.3616e-06,7.3379
1.3617e-06,7.456
1.3618e-06,7.3628
1.3619e-06,7.4797
1.362e-06,7.5004
1.3621e-06,7.5246
1.3622e-06,7.4042
1.3623e-06,7.439
1.3624e-06,7.4571
1.3625e-06,7.258
1.3626e-06,7.1986
1.3627e-06,7.4507
1.3628e-06,7.4069
1.3629e-06,7.3215
1.363e-06,7.2378
1.3631e-06,7.3064
1.3632e-06,7.376
1.3633e-06,7.4919
1.3634e-06,7.3374
1.3635e-06,7.4676
1.3636e-06,7.3608
1.3637e-06,7.4589
1.3638e-06,7.4289
1.3639e-06,7.4593
1.364e-06,7.3145
1.3641e-06,7.2647
1.3642e-06,7.4816
1.3643e-06,7.4841
1.3644e-06,7.2059
1.3645e-06,7.2512
1.3646e-06,7.2408
1.3647e-06,7.2587
1.3648e-06,7.3461
1.3649e-06,7.3401
1.365e-06,7.3491
1.3651e-06,7.3436
1.3652e-06,7.3099
1.3653e-06,7.1899
1.3654e-06,7.1679
1.3655e-06,7.423
1.3656e-06,7.1957
1.3657e-06,7.2259
1.3658e-06,7.1499
1.3659e-06,7.2021
1.366e-06,7.2749
1.3661e-06,7.3113
1.3662e-06,7.2002
1.3663e-06,7.09
1.3664e-06,7.2881
1.3665e-06,7.2794
1.3666e-06,7.2444
1.3667e-06,7.1584
1.3668e-06,7.1331
1.3669e-06,7.2196
1.367e-06,7.2385
1.3671e-06,7.1745
1.3672e-06,7.1178
1.3673e-06,7.0706
1.3674e-06,7.1805
1.3675e-06,7.166
1.3676e-06,7.2362
1.3677e-06,7.1728
1.3678e-06,7.1776
1.3679e-06,7.0372
1.368e-06,7.0965
1.3681e-06,7.0624
1.3682e-06,7.2135
1.3683e-06,7.143
1.3684e-06,7.1665
1.3685e-06,7.1363
1.3686e-06,7.1378
1.3687e-06,6.9935
1.3688e-06,7.07
1.3689e-06,7.0827
1.369e-06,7.0667
1.3691e-06,7.102
1.3692e-06,6.9918
1.3693e-06,7.1212
1.3694e-06,7.0333
1.3695e-06,7.1167
1.3696e-06,7.0877
1.3697e-06,6.9428
1.3698e-06,7.0997
1.3699e-06,7.055
1.37e-06,7.1636
1.3701e-06,7.0668
1.3702e-06,7.1175
1.3703e-06,7.0381
1.3704e-06,6.9817
1.3705e-06,7.0504
1.3706e-06,7.1214
1.3707e-06,7.1028
1.3708e-06,7.0595
1.3709e-06,6.9787
1.371e-06,7.0305
1.3711e-06,7.0647
1.3712e-06,6.9228
1.3713e-06,7.0091
1.3714e-06,7.0299
1.3715e-06,7.0287
1.3716e-06,6.8862
1.3717e-06,6.87
1.3718e-06,6.9118
1.3719e-06,7.0135
1.372e-06,6.9391
1.3721e-06,6.9548
1.3722e-06,6.8017
1.3723e-06,6.9899
1.3724e-06,6.827
1.3725e-06,6.8753
1.3726e-06,6.8352
1.3727e-06,6.8149
1.3728e-06,6.9285
1.3729e-06,6.8344
1.373e-06,6.8584
1.3731e-06,6.8921
1.3732e-06,6.963
1.3733e-06,6.7693
1.3734e-06,6.8406
1.3735e-06,6.8573
1.3736e-06,6.7607
1.3737e-06,6.8503
1.3738e-06,6.8863
1.3739e-06,6.8131
1.374e-06,6.8593
1.3741e-06,6.8902
1.3742e-06,6.7966
1.3743e-06,6.8063
1.3744e-06,6.8768
1.3745e-06,6.7782
1.3746e-06,6.9123
1.3747e-06,6.8491
1.3748e-06,6.8128
1.3749e-06,6.9199
1.375e-06,6.9051
1.3751e-06,6.8522
1.3752e-06,6.6946
1.3753e-06,6.8051
1.3754e-06,6.6618
1.3755e-06,6.81
1.3756e-06,6.7717
1.3757e-06,6.8308
1.3758e-06,6.8165
1.3759e-06,6.6904
1.376e-06,6.713
1.3761e-06,6.6585
1.3762e-06,6.7585
1.3763e-06,6.8235
1.3764e-06,6.6609
1.3765e-06,6.7038
1.3766e-06,6.8821
1.3767e-06,6.6623
1.3768e-06,6.6108
1.3769e-06,6.7142
1.377e-06,6.7274
1.3771e-06,6.6298
1.3772e-06,6.7677
1.3773e-06,6.7057
1.3774e-06,6.6987
1.3775e-06,6.7697
1.3776e-06,6.5594
1.3777e-06,6.5576
1.3778e-06,6.5299
1.3779e-06,6.7193
1.378e-06,6.6721
1.3781e-06,6.5194
1.3782e-06,6.659
1.3783e-06,6.5957
1.3784e-06,6.5892
1.3785e-06,6.6317
1.3786e-06,6.49
1.3787e-06,6.562
1.3788e-06,6.5497
1.3789e-06,6.6255
1.379e-06,6.577
1.3791e-06,6.4888
1.3792e-06,6.6035
1.3793e-06,6.5463
1.3794e-06,6.5127
1.3795e-06,6.5663
1.3796e-06,6.7754
1.3797e-06,6.5166
1.3798e-06,6.4907
1.3799e-06,6.4627
1.38e-06,6.4944
1.3801e-06,6.5791
1.3802e-06,6.5754
1.3803e-06,6.6089
1.3804e-06,6.5466
1.3805e-06,6.528
1.3806e-06,6.5685
1.3807e-06,6.5077
1.3808e-06,6.5587
1.3809e-06,6.4285
1.381e-06,6.4836
1.3811e-06,6.5546
1.3812e-06,6.5503
1.3813e-06,6.4879
1.3814e-06,6.5932
1.3815e-06,6.5134
1.3816e-06,6.37
1.3817e-06,6.4518
1.3818e-06,6.4051
1.3819e-06,6.386
1.382e-06,6.3982
1.3821e-06,6.4765
1.3822e-06,6.3327
1.3823e-06,6.3209
1.3824e-06,6.3628
1.3825e-06,6.3879
1.3826e-06,6.4048
1.3827e-06,6.3097
1.3828e-06,6.3745
1.3829e-06,6.2823
1.383e-06,6.5306
1.3831e-06,6.2797
1.3832e-06,6.2473
1.3833e-06,6.2614
1.3834e-06,6.4075
1.3835e-06,6.396
1.3836e-06,6.4068
1.3837e-06,6.4088
1.3838e-06,6.3823
1.3839e-06,6.2797
1.384e-06,6.385
1.3841e-06,6.2102
1.3842e-06,6.3287
1.3843e-06,6.3096
1.3844e-06,6.2028
1.3845e-06,6.3819
1.3846e-06,6.3287
1.3847e-06,6.3416
1.3848e-06,6.0993
1.3849e-06,6.2993
1.385e-06,6.2153
1.3851e-06,6.2452
1.3852e-06,6.3047
1.3853e-06,6.2036
1.3854e-06,6.354
1.3855e-06,6.2785
1.3856e-06,6.2595
1.3857e-06,6.1902
1.3858e-06,6.174
1.3859e-06,6.227
1.386e-06,6.157
1.3861e-06,6.2116
1.3862e-06,6.2085
1.3863e-06,6.221
1.3864e-06,6.1368
1.3865e-06,6.1318
1.3866e-06,6.1001
1.3867e-06,6.2607
1.3868e-06,6.1822
1.3869e-06,6.1561
1.387e-06,6.2061
1.3871e-06,6.0221
1.3872e-06,6.1334
1.3873e-06,6.3103
1.3874e-06,5.9921
1.3875e-06,6.2179
1.3876e-06,6.2329
1.3877e-06,6.0989
1.3878e-06,6.0533
1.3879e-06,6.1617
1.388e-06,6.2912
1.3881e-06,6.0373
1.3882e-06,6.0066
1.3883e-06,6.0417
1.3884e-06,6.0857
1.3885e-06,6.064
1.3886e-06,6.0281
1.3887e-06,6.1485
1.3888e-06,6.2316
1.3889e-06,5.9618
1.389e-06,5.9984
1.3891e-06,5.9738
1.3892e-06,6.1186
1.3893e-06,6.1105
1.3894e-06,6.0385
1.3895e-06,6.0724
1.3896e-06,6.0185
1.3897e-06,6.0008
1.3898e-06,5.931
1.3899e-06,6.0114
1.39e-06,6.0454
1.3901e-06,5.9939
1.3902e-06,5.9442
1.3903e-06,5.942
1.3904e-06,5.8968
1.3905e-06,5.9007
1.3906e-06,5.953
1.3907e-06,5.9816
1.3908e-06,6.1343
1.3909e-06,5.8752
1.391e-06,5.9236
1.3911e-06,6.0095
1.3912e-06,5.8637
1.3913e-06,5.8038
1.3914e-06,5.8121
1.3915e-06,5.7887
1.3916e-06,5.9689
1.3917e-06,5.8289
1.3918e-06,5.7428
1.3919e-06,5.8312
1.392e-06,5.8456
1.3921e-06,5.8766
1.3922e-06,5.9634
1.3923e-06,5.9182
1.3924e-06,5.8714
1.3925e-06,5.8434
1.3926e-06,5.6809
1.3927e-06,5.7813
1.3928e-06,5.9619
1.3929e-06,5.8948
1.393e-06,5.6474
1.3931e-06,5.8902
1.3932e-06,5.7772
1.3933e-06,5.923
1.3934e-06,5.7888
1.3935e-06,5.7318
1.3936e-06,5.6827
1.3937e-06,5.701
1.3938e-06,5.7347
1.3939e-06,5.8067
1.394e-06,5.7622
1.3941e-06,5.6952
1.3942e-06,5.7753
1.3943e-06,5.6855
1.3944e-06,5.7651
1.3945e-06,5.6614
1.3946e-06,5.7353
1.3947e-06,5.8632
1.3948e-06,5.7343
1.3949e-06,5.6676
1.395e-06,5.8476
1.3951e-06,5.5892
1.3952e-06,5.5749
1.3953e-06,5.665
1.3954e-06,5.6471
1.3955e-06,5.6108
1.3956e-06,5.6323
1.3957e-06,5.5876
1.3958e-06,5.6888
1.3959e-06,5.7204
1.396e-06,5.6839
1.3961e-06,5.7735
1.3962e-06,5.6669
1.3963e-06,5.518
1.3964e-06,5.6197
1.3965e-06,5.4532
1.3966e-06,5.6298
1.3967e-06,5.5201
1.3968e-06,5.6218
1.3969e-06,5.5518
1.397e-06,5.5858
1.3971e-06,5.5091
1.3972e-06,5.4875
1.3973e-06,5.4612
1.3974e-06,5.5459
1.3975e-06,5.4721
1.3976e-06,5.4349
1.3977e-06,5.5037
1.3978e-06,5.4452
1.3979e-06,5.4901
1.398e-06,5.5262
1.3981e-06,5.4739
1.3982e-06,5.5117
1.3983e-06,5.4829
1.3984e-06,5.5579
1.3985e-06,5.524
1.3986e-06,5.4369
1.3987e-06,5.4238
1.3988e-06,5.4063
1.3989e-06,5.3731
1.399e-06,5.4246
1.3991e-06,5.2832
1.3992e-06,5.4017
1.3993e-06,5.3276
1.3994e-06,5.4525
1.3995e-06,5.4516
1.3996e-06,5.2542
1.3997e-06,5.5275
1.3998e-06,5.3943
1.3999e-06,5.3463
1.4e-06,5.3017
1.4001e-06,5.2577
1.4002e-06,5.3316
1.4003e-06,5.117
1.4004e-06,5.3557
1.4005e-06,5.3576
1.4006e-06,5.3088
1.4007e-06,5.3337
1.4008e-06,5.317
1.4009e-06,5.4073
1.401e-06,5.3107
1.4011e-06,5.2532
1.4012e-06,5.2133
1.4013e-06,5.2538
1.4014e-06,5.2628
1.4015e-06,5.3045
1.4016e-06,5.3748
1.4017e-06,5.1309
1.4018e-06,5.1852
1.4019e-06,5.2957
1.402e-06,5.2692
1.4021e-06,5.2843
1.4022e-06,5.2668
1.4023e-06,5.2572
1.4024e-06,5.2451
1.4025e-06,5.3104
1.4026e-06,5.2103
1.4027e-06,5.1626
1.4028e-06,5.152
1.4029e-06,5.1921
1.403e-06,5.2202
1.4031e-06,5.1728
1.4032e-06,5.2457
1.4033e-06,5.1666
1.4034e-06,5.2108
1.4035e-06,5.0345
1.4036e-06,5.0849
1.4037e-06,5.1663
1.4038e-06,5.257
1.4039e-06,5.1163
1.404e-06,5.2714
1.4041e-06,5.2475
1.4042e-06,5.0738
1.4043e-06,4.9573
1.4044e-06,5.2036
1.4045e-06,5.1554
1.4046e-06,5.121
1.4047e-06,5.1079
1.4048e-06,5.1345
1.4049e-06,5.0723
1.405e-06,5.1303
1.4051e-06,4.9862
1.4052e-06,4.9815
1.4053e-06,4.997
1.4054e-06,5.0203
1.4055e-06,4.957
1.4056e-06,4.9732
1.4057e-06,5.018
1.4058e-06,5.0539
1.4059e-06,4.8581
1.406e-06,5.09
1.4061e-06,4.8039
1.4062e-06,5.0033
1.4063e-06,4.9177
1.4064e-06,4.9569
1.4065e-06,5.0278
1.4066e-06,4.9218
1.4067e-06,4.9146
1.4068e-06,5.0783
1.4069e-06,4.8163
1.407e-06,4.9416
1.4071e-06,4.9223
1.4072e-06,4.8134
1.4073e-06,4.8239
1.4074e-06,4.8487
1.4075e-06,4.7409
1.4076e-06,4.9403
1.4077e-06,4.7597
1.4078e-06,4.8087
1.4079e-06,4.9119
1.408e-06,5.0738
1.4081e-06,4.6857
1.4082e-06,4.8406
1.4083e-06,4.7559
1.4084e-06,4.7872
1.4085e-06,4.8951
1.4086e-06,4.9117
1.4087e-06,4.7089
1.4088e-06,4.8872
1.4089e-06,4.7884
1.409e-06,4.6626
1.4091e-06,4.6891
1.4092e-06,4.7814
1.4093e-06,4.6613
1.4094e-06,4.7131
1.4095e-06,4.7779
1.4096e-06,4.6222
1.4097e-06,4.7684
1.4098e-06,4.7781
1.4099e-06,4.7228
1.41e-06,4.5988
1.4101e-06,4.5793
1.4102e-06,4.8176
1.4103e-06,4.6796
1.4104e-06,4.7176
1.4105e-06,4.6846
1.4106e-06,4.6503
1.4107e-06,4.7307
1.4108e-06,4.6364
1.4109e-06,4.7762
1.411e-06,4.6333
1.4111e-06,4.6243
1.4112e-06,4.6192
1.4113e-06,4.5954
1.4114e-06,4.736
1.4115e-06,4.5665
1.4116e-06,4.5427
1.4117e-06,4.5596
1.4118e-06,4.6416
1.4119e-06,4.7178
1.412e-06,4.5288
1.4121e-06,4.6013
1.4122e-06,4.4853
1.4123e-06,4.5613
1.4124e-06,4.5696
1.4125e-06,4.5019
1.4126e-06,4.4644
1.4127e-06,4.3298
1.4128e-06,4.4971
1.4129e-06,4.3892
1.413e-06,4.3418
1.4131e-06,4.5059
1.4132e-06,4.4261
1.4133e-06,4.5136
1.4134e-06,4.4395
1.4135e-06,4.2952
1.4136e-06,4.5612
1.4137e-06,4.2695
1.4138e-06,4.2791
1.4139e-06,4.4672
1.414e-06,4.3393
1.4141e-06,4.3734
1.4142e-06,4.3533
1.4143e-06,4.4716
1.4144e-06,4.3973
1.4145e-06,4.3564
1.4146e-06,4.5287
1.4147e-06,4.3984
1.4148e-06,4.1976
1.4149e-06,4.5155
1.415e-06,4.3142
1.4151e-06,4.3273
1.4152e-06,4.3614
1.4153e-06,4.1927
1.4154e-06,4.2706
1.4155e-06,4.3019
1.4156e-06,4.1504
1.4157e-06,4.2905
1.4158e-06,4.282
1.4159e-06,4.396
1.416e-06,4.2491
1.4161e-06,4.2238
1.4162e-06,4.1567
1.4163e-06,4.1979
1.4164e-06,4.1772
1.4165e-06,4.2011
1.4166e-06,4.1449
1.4167e-06,4.218
1.4168e-06,4.1399
1.4169e-06,4.1677
1.417e-06,4.2156
1.4171e-06,4.1989
1.4172e-06,4.2792
1.4173e-06,4.2016
1.4174e-06,4.109
1.4175e-06,4.2072
1.4176e-06,4.1723
1.4177e-06,4.1808
1.4178e-06,4.0363
1.4179e-06,4.168
1.418e-06,3.9668
1.4181e-06,4.1265
1.4182e-06,4.1113
1.4183e-06,4.1385
1.4184e-06,4.1067
1.4185e-06,3.9188
1.4186e-06,4.0816
1.4187e-06,3.9457
1.4188e-06,4.0775
1.4189e-06,3.8611
1.419e-06,4.065
1.4191e-06,4.0295
1.4192e-06,3.8532
1.4193e-06,3.9407
1.4194e-06,4.0108
1.4195e-06,3.9829
1.4196e-06,4.0238
1.4197e-06,3.8235
1.4198e-06,3.8796
1.4199e-06,3.8992
1.42e-06,4.0294
1.4201e-06,3.7887
1.4202e-06,4.0531
1.4203e-06,3.8761
1.4204e-06,3.8963
1.4205e-06,3.8101
1.4206e-06,3.8852
1.4207e-06,3.7323
1.4208e-06,3.9502
1.4209e-06,3.776
1.421e-06,3.9856
1.4211e-06,3.7372
1.4212e-06,3.6993
1.4213e-06,3.7673
1.4214e-06,3.7153
1.4215e-06,3.6677
1.4216e-06,3.8536
1.4217e-06,3.9256
1.4218e-06,3.7689
1.4219e-06,3.787
1.422e-06,3.7166
1.4221e-06,3.6396
1.4222e-06,3.7279
1.4223e-06,3.7814
1.4224e-06,3.801
1.4225e-06,3.754
1.4226e-06,3.756
1.4227e-06,3.5952
1.4228e-06,3.6828
1.4229e-06,3.6848
1.423e-06,3.6103
1.4231e-06,3.606
1.4232e-06,3.6303
1.4233e-06,3.6098
1.4234e-06,3.6831
1.4235e-06,3.686
1.4236e-06,3.7356
1.4237e-06,3.4682
1.4238e-06,3.6732
1.4239e-06,3.772
1.424e-06,3.6243
1.4241e-06,3.5051
1.4242e-06,3.5526
1.4243e-06,3.671
1.4244e-06,3.4746
1.4245e-06,3.5915
1.4246e-06,3.736
1.4247e-06,3.496
1.4248e-06,3.6422
1.4249e-06,3.5803
1.425e-06,3.5505
1.4251e-06,3.5541
1.4252e-06,3.6469
1.4253e-06,3.6234
1.4254e-06,3.7792
1.4255e-06,3.5965
1.4256e-06,3.6013
1.4257e-06,3.5112
1.4258e-06,3.5463
1.4259e-06,3.3922
1.426e-06,3.6613
1.4261e-06,3.3751
1.4262e-06,3.4097
1.4263e-06,3.4378
1.4264e-06,3.2509
1.4265e-06,3.4141
1.4266e-06,3.4065
1.4267e-06,3.544
1.4268e-06,3.4089
1.4269e-06,3.4549
1.427e-06,3.2549
1.4271e-06,3.3168
1.4272e-06,3.3274
1.4273e-06,3.3619
1.4274e-06,3.3287
1.4275e-06,3.3857
1.4276e-06,3.4091
1.4277e-06,3.2415
1.4278e-06,3.2839
1.4279e-06,3.3201
1.428e-06,3.2994
1.4281e-06,3.3018
1.4282e-06,3.2084
1.4283e-06,3.2143
1.4284e-06,3.2241
1.4285e-06,3.0772
1.4286e-06,3.2412
1.4287e-06,3.0858
1.4288e-06,3.3165
1.4289e-06,3.2139
1.429e-06,3.2289
1.4291e-06,3.2151
1.4292e-06,3.2082
1.4293e-06,3.069
1.4294e-06,3.0145
1.4295e-06,3.1216
1.4296e-06,3.0803
1.4297e-06,3.1529
1.4298e-06,3.1221
1.4299e-06,3.0012
1.43e-06,3.2654
1.4301e-06,3.1164
1.4302e-06,3.0087
1.4303e-06,2.9847
1.4304e-06,3.181
1.4305e-06,3.0839
1.4306e-06,3.169
1.4307e-06,2.9736
1.4308e-06,3.1661
1.4309e-06,2.9018
1.431e-06,2.8595
1.4311e-06,3.1567
1.4312e-06,2.9072
1.4313e-06,2.9673
1.4314e-06,2.8594
1.4315e-06,3.0864
1.4316e-06,2.8959
1.4317e-06,3.1792
1.4318e-06,2.9839
1.4319e-06,2.887
1.432e-06,2.9439
1.4321e-06,2.8311
1.4322e-06,2.9758
1.4323e-06,2.7404
1.4324e-06,2.8813
1.4325e-06,2.8167
1.4326e-06,2.787
1.4327e-06,2.8989
1.4328e-06,3.1055
1.4329e-06,2.8585
1.433e-06,2.888
1.4331e-06,2.8383
1.4332e-06,2.9272
1.4333e-06,2.8515
1.4334e-06,2.701
1.4335e-06,2.7182
1.4336e-06,2.936
1.4337e-06,2.6926
1.4338e-06,2.7432
1.4339e-06,2.8476
1.434e-06,2.7311
1.4341e-06,2.6548
1.4342e-06,2.8477
1.4343e-06,2.7235
1.4344e-06,2.7809
1.4345e-06,2.8192
1.4346e-06,2.774
1.4347e-06,2.7122
1.4348e-06,2.6119
1.4349e-06,2.8075
1.435e-06,2.6826
1.4351e-06,2.7071
1.4352e-06,2.6197
1.4353e-06,2.5532
1.4354e-06,2.5539
1.4355e-06,2.6106
1.4356e-06,2.4311
1.4357e-06,2.7159
1.4358e-06,2.5102
1.4359e-06,2.7096
1.436e-06,2.6019
1.4361e-06,2.477
1.4362e-06,2.4181
1.4363e-06,2.4909
1.4364e-06,2.5436
1.4365e-06,2.4234
1.4366e-06,2.7223
1.4367e-06,2.4041
1.4368e-06,2.4316
1.4369e-06,2.5908
1.437e-06,2.3955
1.4371e-06,2.4006
1.4372e-06,2.5701
1.4373e-06,2.4756
1.4374e-06,2.468
1.4375e-06,2.4471
1.4376e-06,2.5415
1.4377e-06,2.4679
1.4378e-06,2.324
1.4379e-06,2.3916
1.438e-06,2.4366
1.4381e-06,2.4238
1.4382e-06,2.4684
1.4383e-06,2.2908
1.4384e-06,2.2648
1.4385e-06,2.3905
1.4386e-06,2.5397
1.4387e-06,2.2831
1.4388e-06,2.2027
1.4389e-06,2.0898
1.439e-06,2.3293
1.4391e-06,2.362
1.4392e-06,2.2019
1.4393e-06,2.3058
1.4394e-06,2.271
1.4395e-06,2.462
1.4396e-06,2.2177
1.4397e-06,2.1988
1.4398e-06,2.2413
1.4399e-06,2.2985
1.44e-06,2.3001
1.4401e-06,2.1768
1.4402e-06,2.0949
1.4403e-06,2.1436
1.4404e-06,2.0704
1.4405e-06,2.1089
1.4406e-06,2.0676
1.4407e-06,2.1058
1.4408e-06,2.2962
1.4409e-06,2.0128
1.441e-06,2.0546
1.4411e-06,2.0851
1.4412e-06,2.0287
1.4413e-06,2.0276
1.4414e-06,2.0051
1.4415e-06,1.9572
1.4416e-06,2.0092
1.4417e-06,1.9053
1.4418e-06,2.0618
1.4419e-06,1.926
1.442e-06,2.1114
1.4421e-06,2.0339
1.4422e-06,1.8929
1.4423e-06,1.9009
1.4424e-06,2.1192
1.4425e-06,1.9618
1.4426e-06,1.859
1.4427e-06,1.9869
1.4428e-06,2.0461
1.4429e-06,2.1171
1.443e-06,1.8347
1.4431e-06,1.9194
1.4432e-06,2.0322
1.4433e-06,1.893
1.4434e-06,1.8344
1.4435e-06,1.8527
1.4436e-06,1.8558
1.4437e-06,1.8631
1.4438e-06,1.8136
1.4439e-06,1.8171
1.444e-06,1.6539
1.4441e-06,1.7753
1.4442e-06,1.7936
1.4443e-06,1.7647
1.4444e-06,1.7889
1.4445e-06,1.8929
1.4446e-06,1.819
1.4447e-06,1.7624
1.4448e-06,2.0147
1.4449e-06,1.8806
1.445e-06,1.922
1.4451e-06,1.633
1.4452e-06,1.6163
1.4453e-06,1.6745
1.4454e-06,1.7571
1.4455e-06,1.6282
1.4456e-06,1.6347
1.4457e-06,1.6249
1.4458e-06,1.4859
1.4459e-06,1.7606
1.446e-06,1.5833
1.4461e-06,1.6234
1.4462e-06,1.5927
1.4463e-06,1.4899
1.4464e-06,1.6294
1.4465e-06,1.6919
1.4466e-06,1.5186
1.4467e-06,1.5889
1.4468e-06,1.5451
1.4469e-06,1.4399
1.447e-06,1.5358
1.4471e-06,1.5259
1.4472e-06,1.5487
1.4473e-06,1.4604
1.4474e-06,1.3776
1.4475e-06,1.5053
1.4476e-06,1.2395
1.4477e-06,1.2879
1.4478e-06,1.3995
1.4479e-06,1.4649
1.448e-06,1.3508
1.4481e-06,1.4218
1.4482e-06,1.4022
1.4483e-06,1.3582
1.4484e-06,1.3663
1.4485e-06,1.3075
1.4486e-06,1.4636
1.4487e-06,1.2627
1.4488e-06,1.2514
1.4489e-06,1.2475
1.449e-06,1.2742
1.4491e-06,1.1329
1.4492e-06,1.2485
1.4493e-06,1.2031
1.4494e-06,1.3404
1.4495e-06,1.1792
1.4496e-06,1.1769
1.4497e-06,0.99463
1.4498e-06,1.2964
1.4499e-06,1.1931
1.45e-06,1.1752
1.4501e-06,1.239
1.4502e-06,1.0994
1.4503e-06,1.0915
1.4504e-06,1.0768
1.4505e-06,1.2323
1.4506e-06,0.97334
1.4507e-06,1.1547
1.4508e-06,1.1906
1.4509e-06,1.1496
1.451e-06,1.0702
1.4511e-06,0.98588
1.4512e-06,1.1056
1.4513e-06,1.0288
1.4514e-06,1.1263
1.4515e-06,1.0348
1.4516e-06,1.0339
1.4517e-06,0.86772
1.4518e-06,1.0332
1.4519e-06,1.0574
1.452e-06,0.93959
1.4521e-06,0.99426
1.4522e-06,0.92291
1.4523e-06,0.97263
1.4524e-06,0.94354
1.4525e-06,0.90843
1.4526e-06,0.95476
1.4527e-06,0.96628
1.4528e-06,0.95362
1.4529e-06,0.97161
1.453e-06,1.0635
1.4531e-06,0.9196
1.4532e-06,0.80426
1.4533e-06,0.93383
1.4534e-06,0.85454
1.4535e-06,0.92248
1.4536e-06,0.80371
1.4537e-06,0.71607
1.4538e-06,0.83359
1.4539e-06,0.75065
1.454e-06,0.82143
1.4541e-06,0.89021
1.4542e-06,0.61169
1.4543e-06,0.60918
1.4544e-06,0.69521
1.4545e-06,0.78931
1.4546e-06,0.71093
1.4547e-06,0.86621
1.4548e-06,0.76155
1.4549e-06,0.68307
1.455e-06,0.66833
1.4551e-06,0.69991
1.4552e-06,0.61344
1.4553e-06,0.42416
1.4554e-06,0.59028
1.4555e-06,0.66564
1.4556e-06,0.63644
1.4557e-06,0.62111
1.4558e-06,0.51099
1.4559e-06,0.51592
1.456e-06,0.50582
1.4561e-06,0.4342
1.4562e-06,0.57964
1.4563e-06,0.42443
1.4564e-06,0.55032
1.4565e-06,0.49741
1.4566e-06,0.45876
1.4567e-06,0.53548
1.4568e-06,0.30699
1.4569e-06,0.44101
1.457e-06,0.33207
1.4571e-06,0.35968
1.4572e-06,0.46887
1.4573e-06,0.34351
1.4574e-06,0.29623
1.4575e-06,0.32776
1.4576e-06,0.34973
1.4577e-06,0.34428
1.4578e-06,0.54773
1.4579e-06,0.26277
1.458e-06,0.40414
1.4581e-06,0.354
1.4582e-06,0.16104
1.4583e-06,0.19356
1.4584e-06,0.22085
1.4585e-06,0.23415
1.4586e-06,0.14592
1.4587e-06,0.15162
1.4588e-06,0.22865
1.4589e-06,0.19539
1.459e-06,-0.021606
1.4591e-06,0.30311
1.4592e-06,0.12889
1.4593e-06,0.27412
1.4594e-06,0.15275
1.4595e-06,0.22132
1.4596e-06,0.22505
1.4597e-06,0.16233
1.4598e-06,0.14174
1.4599e-06,0.2007
1.46e-06,0.072969
1.4601e-06,0.17277
1.4602e-06,0.099806
1.4603e-06,0.026739
1.4604e-06,0.13355
1.4605e-06,0.093791
1.4606e-06,0.16586
1.4607e-06,0.13748
1.4608e-06,0.11969
1.4609e-06,-0.051292
1.461e-06,0.082054
1.4611e-06,-0.088997
1.4612e-06,0.072866
1.4613e-06,-0.14794
1.4614e-06,-0.19421
1.4615e-06,0.10508
1.4616e-06,0.050682
1.4617e-06,-0.10011
1.4618e-06,-0.10742
1.4619e-06,-0.21686
1.462e-06,-0.11614
1.4621e-06,-0.21394
1.4622e-06,-0.1339
1.4623e-06,-0.030854
1.4624e-06,0.029247
1.4625e-06,-0.20788
1.4626e-06,-0.28751
1.4627e-06,-0.19891
1.4628e-06,-0.087203
1.4629e-06,-0.25109
1.463e-06,-0.35921
1.4631e-06,-0.17999
1.4632e-06,-0.37239
1.4633e-06,-0.20556
1.4634e-06,-0.24097
1.4635e-06,-0.53495
1.4636e-06,-0.26207
1.4637e-06,-0.34603
1.4638e-06,-0.39543
1.4639e-06,-0.2871
1.464e-06,-0.30578
1.4641e-06,-0.39279
1.4642e-06,-0.20475
1.4643e-06,-0.57085
1.4644e-06,-0.51067
1.4645e-06,-0.54109
1.4646e-06,-0.66074
1.4647e-06,-0.42358
1.4648e-06,-0.66216
1.4649e-06,-0.6736
1.465e-06,-0.48942
1.4651e-06,-0.62198
1.4652e-06,-0.58981
1.4653e-06,-0.60355
1.4654e-06,-0.4897
1.4655e-06,-0.6369
1.4656e-06,-0.59591
1.4657e-06,-0.66816
1.4658e-06,-0.56694
1.4659e-06,-0.50517
1.466e-06,-0.70319
1.4661e-06,-0.70428
1.4662e-06,-0.6451
1.4663e-06,-0.67075
1.4664e-06,-0.69841
1.4665e-06,-0.71905
1.4666e-06,-0.94324
1.4667e-06,-0.89067
1.4668e-06,-0.76449
1.4669e-06,-0.72274
1.467e-06,-0.84125
1.4671e-06,-0.86964
1.4672e-06,-0.64107
1.4673e-06,-0.86202
1.4674e-06,-0.88417
1.4675e-06,-0.81825
1.4676e-06,-0.87004
1.4677e-06,-0.95553
1.4678e-06,-0.84965
1.4679e-06,-0.90937
1.468e-06,-0.81992
1.4681e-06,-1.0274
1.4682e-06,-0.94962
1.4683e-06,-0.92416
1.4684e-06,-1.0891
1.4685e-06,-0.94017
1.4686e-06,-0.9757
1.4687e-06,-1.1063
1.4688e-06,-1.0844
1.4689e-06,-1.0763
1.469e-06,-1.1607
1.4691e-06,-1.1171
1.4692e-06,-1.0716
1.4693e-06,-0.97332
1.4694e-06,-1.1662
1.4695e-06,-1.1204
1.4696e-06,-1.1175
1.4697e-06,-1.2175
1.4698e-06,-1.0764
1.4699e-06,-1.3296
1.47e-06,-1.3043
1.4701e-06,-1.358
1.4702e-06,-1.1649
1.4703e-06,-1.1572
1.4704e-06,-1.1623
1.4705e-06,-1.2263
1.4706e-06,-1.2525
1.4707e-06,-1.3191
1.4708e-06,-1.3827
1.4709e-06,-1.2281
1.471e-06,-1.3598
1.4711e-06,-1.3436
1.4712e-06,-1.3469
1.4713e-06,-1.3448
1.4714e-06,-1.3465
1.4715e-06,-1.2745
1.4716e-06,-1.5585
1.4717e-06,-1.3778
1.4718e-06,-1.3421
1.4719e-06,-1.3855
1.472e-06,-1.3635
1.4721e-06,-1.4036
1.4722e-06,-1.4419
1.4723e-06,-1.7118
1.4724e-06,-1.5479
1.4725e-06,-1.4258
1.4726e-06,-1.5762
1.4727e-06,-1.4267
1.4728e-06,-1.5473
1.4729e-06,-1.5961
1.473e-06,-1.6348
1.4731e-06,-1.6056
1.4732e-06,-1.4808
1.4733e-06,-1.8522
1.4734e-06,-1.5612
1.4735e-06,-1.5183
1.4736e-06,-1.7057
1.4737e-06,-1.6541
1.4738e-06,-1.7725
1.4739e-06,-1.6387
1.474e-06,-1.568
1.4741e-06,-1.8035
1.4742e-06,-1.8296
1.4743e-06,-1.9577
1.4744e-06,-1.6981
1.4745e-06,-1.9327
1.4746e-06,-1.8653
1.4747e-06,-1.8696
1.4748e-06,-1.873
1.4749e-06,-1.8616
1.475e-06,-1.9852
1.4751e-06,-1.8304
1.4752e-06,-1.9548
1.4753e-06,-1.8846
1.4754e-06,-1.805
1.4755e-06,-1.9756
1.4756e-06,-1.8884
1.4757e-06,-1.8912
1.4758e-06,-1.9343
1.4759e-06,-2.0036
1.476e-06,-2.0055
1.4761e-06,-2.0594
1.4762e-06,-2.011
1.4763e-06,-2.0171
1.4764e-06,-2.0496
1.4765e-06,-2.1425
1.4766e-06,-1.976
1.4767e-06,-2.0956
1.4768e-06,-2.191
1.4769e-06,-2.1136
1.477e-06,-2.0921
1.4771e-06,-2.2511
1.4772e-06,-2.1152
1.4773e-06,-2.1421
1.4774e-06,-2.2758
1.4775e-06,-2.2788
1.4776e-06,-2.2309
1.4777e-06,-2.1288
1.4778e-06,-2.2353
1.4779e-06,-2.2962
1.478e-06,-2.2417
1.4781e-06,-2.2684
1.4782e-06,-2.3339
1.4783e-06,-2.2655
1.4784e-06,-2.3247
1.4785e-06,-2.3913
1.4786e-06,-2.3714
1.4787e-06,-2.449
1.4788e-06,-2.4249
1.4789e-06,-2.5329
1.479e-06,-2.4736
1.4791e-06,-2.4433
1.4792e-06,-2.6209
1.4793e-06,-2.4877
1.4794e-06,-2.4385
1.4795e-06,-2.4377
1.4796e-06,-2.6645
1.4797e-06,-2.469
1.4798e-06,-2.4811
1.4799e-06,-2.5652
1.48e-06,-2.5747
1.4801e-06,-2.5607
1.4802e-06,-2.6202
1.4803e-06,-2.743
1.4804e-06,-2.6853
1.4805e-06,-2.575
1.4806e-06,-2.5977
1.4807e-06,-2.792
1.4808e-06,-2.7532
1.4809e-06,-2.6949
1.481e-06,-2.9348
1.4811e-06,-2.8764
1.4812e-06,-3.105
1.4813e-06,-2.712
1.4814e-06,-2.7704
1.4815e-06,-2.7399
1.4816e-06,-2.8379
1.4817e-06,-2.6867
1.4818e-06,-2.7755
1.4819e-06,-2.7751
1.482e-06,-2.9176
1.4821e-06,-2.8745
1.4822e-06,-3.0739
1.4823e-06,-2.826
1.4824e-06,-3.0558
1.4825e-06,-2.8739
1.4826e-06,-2.8404
1.4827e-06,-2.9218
1.4828e-06,-2.9402
1.4829e-06,-2.8919
1.483e-06,-2.9847
1.4831e-06,-3.1057
1.4832e-06,-3.206
1.4833e-06,-3.1104
1.4834e-06,-3.0851
1.4835e-06,-3.0835
1.4836e-06,-3.0919
1.4837e-06,-3.1668
1.4838e-06,-3.0631
1.4839e-06,-2.9673
1.484e-06,-3.1619
1.4841e-06,-3.1987
1.4842e-06,-3.1494
1.4843e-06,-3.2057
1.4844e-06,-3.283
1.4845e-06,-3.3318
1.4846e-06,-3.323
1.4847e-06,-3.2177
1.4848e-06,-3.3044
1.4849e-06,-3.5179
1.485e-06,-3.4506
1.4851e-06,-3.4472
1.4852e-06,-3.3998
1.4853e-06,-3.3266
1.4854e-06,-3.4166
1.4855e-06,-3.5899
1.4856e-06,-3.4742
1.4857e-06,-3.3988
1.4858e-06,-3.5255
1.4859e-06,-3.3596
1.486e-06,-3.324
1.4861e-06,-3.62
1.4862e-06,-3.5789
1.4863e-06,-3.4336
1.4864e-06,-3.6841
1.4865e-06,-3.7368
1.4866e-06,-3.6057
1.4867e-06,-3.7074
1.4868e-06,-3.5163
1.4869e-06,-3.71
1.487e-06,-3.605
1.4871e-06,-3.5485
1.4872e-06,-3.6459
1.4873e-06,-3.7872
1.4874e-06,-3.7467
1.4875e-06,-3.9462
1.4876e-06,-3.8298
1.4877e-06,-3.9302
1.4878e-06,-3.8897
1.4879e-06,-3.8409
1.488e-06,-3.9474
1.4881e-06,-3.8311
1.4882e-06,-3.8323
1.4883e-06,-3.8509
1.4884e-06,-3.865
1.4885e-06,-3.7665
1.4886e-06,-3.9739
1.4887e-06,-3.9619
1.4888e-06,-3.8441
1.4889e-06,-3.8441
1.489e-06,-4.0461
1.4891e-06,-4.049
1.4892e-06,-4.156
1.4893e-06,-4.1248
1.4894e-06,-4.023
1.4895e-06,-4.1676
1.4896e-06,-4.166
1.4897e-06,-3.9396
1.4898e-06,-4.1112
1.4899e-06,-4.0843
1.49e-06,-4.1701
1.4901e-06,-4.0044
1.4902e-06,-4.1273
1.4903e-06,-4.2369
1.4904e-06,-4.0799
1.4905e-06,-4.2985
1.4906e-06,-4.2914
1.4907e-06,-4.2983
1.4908e-06,-4.3058
1.4909e-06,-4.2216
1.491e-06,-4.3286
1.4911e-06,-4.3091
1.4912e-06,-4.3076
1.4913e-06,-4.3827
1.4914e-06,-4.4242
1.4915e-06,-4.3669
1.4916e-06,-4.3125
1.4917e-06,-4.3399
1.4918e-06,-4.6308
1.4919e-06,-4.4752
1.492e-06,-4.51
1.4921e-06,-4.5869
1.4922e-06,-4.4929
1.4923e-06,-4.6293
1.4924e-06,-4.3996
1.4925e-06,-4.5619
1.4926e-06,-4.5993
1.4927e-06,-4.7489
1.4928e-06,-4.6337
1.4929e-06,-4.6128
1.493e-06,-4.6185
1.4931e-06,-4.7125
1.4932e-06,-4.6463
1.4933e-06,-4.6213
1.4934e-06,-4.8174
1.4935e-06,-4.7809
1.4936e-06,-4.7316
1.4937e-06,-4.7664
1.4938e-06,-4.7854
1.4939e-06,-4.883
1.494e-06,-4.8079
1.4941e-06,-4.6929
1.4942e-06,-4.8621
1.4943e-06,-4.8872
1.4944e-06,-4.9818
1.4945e-06,-5.0157
1.4946e-06,-4.8709
1.4947e-06,-4.8719
1.4948e-06,-4.9718
1.4949e-06,-5.0334
1.495e-06,-4.9976
1.4951e-06,-5.0239
1.4952e-06,-4.8667
1.4953e-06,-5.0409
1.4954e-06,-4.9943
1.4955e-06,-4.9936
1.4956e-06,-5.0364
1.4957e-06,-5.0317
1.4958e-06,-5.1431
1.4959e-06,-5.0996
1.496e-06,-5.1235
1.4961e-06,-5.1121
1.4962e-06,-5.2045
1.4963e-06,-5.2333
1.4964e-06,-5.1459
1.4965e-06,-5.2714
1.4966e-06,-5.281
1.4967e-06,-5.2352
1.4968e-06,-5.2329
1.4969e-06,-5.1811
1.497e-06,-5.2936
1.4971e-06,-5.263
1.4972e-06,-5.3093
1.4973e-06,-5.3793
1.4974e-06,-5.206
1.4975e-06,-5.2868
1.4976e-06,-5.4766
1.4977e-06,-5.4037
1.4978e-06,-5.4097
1.4979e-06,-5.4594
1.498e-06,-5.5538
1.4981e-06,-5.3155
1.4982e-06,-5.4812
1.4983e-06,-5.4034
1.4984e-06,-5.4744
1.4985e-06,-5.4031
1.4986e-06,-5.6024
1.4987e-06,-5.561
1.4988e-06,-5.6905
1.4989e-06,-5.5436
1.499e-06,-5.5991
1.4991e-06,-5.7256
1.4992e-06,-5.5623
1.4993e-06,-5.7924
1.4994e-06,-5.7167
1.4995e-06,-5.7555
1.4996e-06,-5.783
1.4997e-06,-5.5999
1.4998e-06,-5.687
1.4999e-06,-5.6867
1.5e-06,-5.83
1.5001e-06,-5.8383
1.5002e-06,-5.8235
1.5003e-06,-5.7505
1.5004e-06,-5.9071
1.5005e-06,-5.9973
1.5006e-06,-5.7086
1.5007e-06,-6.0275
1.5008e-06,-5.8993
1.5009e-06,-5.7347
1.501e-06,-5.9359
1.5011e-06,-5.8231
1.5012e-06,-6.0999
1.5013e-06,-6.0118
1.5014e-06,-6.0834
1.5015e-06,-5.9336
1.5016e-06,-5.9473
1.5017e-06,-6.0657
1.5018e-06,-6.1751
1.5019e-06,-6.0977
1.502e-06,-6.2631
1.5021e-06,-6.2019
1.5022e-06,-6.2271
1.5023e-06,-6.3323
1.5024e-06,-6.0085
1.5025e-06,-6.1856
1.5026e-06,-6.3073
1.5027e-06,-6.1845
1.5028e-06,-6.2337
1.5029e-06,-6.1729
1.503e-06,-6.2266
1.5031e-06,-5.9907
1.5032e-06,-6.1048
1.5033e-06,-6.3538
1.5034e-06,-6.229
1.5035e-06,-6.2101
1.5036e-06,-6.4086
1.5037e-06,-6.3797
1.5038e-06,-6.3955
1.5039e-06,-6.574
1.504e-06,-6.5326
1.5041e-06,-6.3808
1.5042e-06,-6.3261
1.5043e-06,-6.4996
1.5044e-06,-6.5552
1.5045e-06,-6.4541
1.5046e-06,-6.6711
1.5047e-06,-6.5513
1.5048e-06,-6.5617
1.5049e-06,-6.3938
1.505e-06,-6.4508
1.5051e-06,-6.5785
1.5052e-06,-6.5016
1.5053e-06,-6.5473
1.5054e-06,-6.7412
1.5055e-06,-6.8366
1.5056e-06,-6.5419
1.5057e-06,-6.7282
1.5058e-06,-6.669
1.5059e-06,-6.6194
1.506e-06,-6.6409
1.5061e-06,-6.8489
1.5062e-06,-6.7142
1.5063e-06,-6.8273
1.5064e-06,-6.8441
1.5065e-06,-6.7284
1.5066e-06,-6.8963
1.5067e-06,-6.7262
1.5068e-06,-6.8419
1.5069e-06,-6.9253
1.507e-06,-6.9492
1.5071e-06,-6.8578
1.5072e-06,-6.8144
1.5073e-06,-6.8971
1.5074e-06,-6.9455
1.5075e-06,-7.0733
1.5076e-06,-6.9552
1.5077e-06,-7.0929
1.5078e-06,-6.8639
1.5079e-06,-6.9085
1.508e-06,-6.9154
1.5081e-06,-7.062
1.5082e-06,-7.0937
1.5083e-06,-7.0404
1.5084e-06,-7.0784
1.5085e-06,-7.0238
1.5086e-06,-7.1986
1.5087e-06,-6.9619
1.5088e-06,-7.0158
1.5089e-06,-7.3057
1.509e-06,-7.1979
1.5091e-06,-7.2174
1.5092e-06,-7.1338
1.5093e-06,-7.2272
1.5094e-06,-7.3191
1.5095e-06,-7.2999
1.5096e-06,-7.2079
1.5097e-06,-7.2116
1.5098e-06,-7.2322
1.5099e-06,-7.3353
1.51e-06,-7.2264
1.5101e-06,-7.3461
1.5102e-06,-7.3551
1.5103e-06,-7.3036
1.5104e-06,-7.2887
1.5105e-06,-7.3844
1.5106e-06,-7.4171
1.5107e-06,-7.5187
1.5108e-06,-7.5762
1.5109e-06,-7.5264
1.511e-06,-7.4291
1.5111e-06,-7.4809
1.5112e-06,-7.4424
1.5113e-06,-7.6813
1.5114e-06,-7.5381
1.5115e-06,-7.4537
1.5116e-06,-7.6382
1.5117e-06,-7.5002
1.5118e-06,-7.7173
1.5119e-06,-7.7015
1.512e-06,-7.664
1.5121e-06,-7.6203
1.5122e-06,-7.6123
1.5123e-06,-7.432
1.5124e-06,-7.6084
1.5125e-06,-7.5686
1.5126e-06,-7.5905
1.5127e-06,-7.524
1.5128e-06,-7.5053
1.5129e-06,-7.6909
1.513e-06,-7.597
1.5131e-06,-7.5138
1.5132e-06,-7.5717
1.5133e-06,-7.5226
1.5134e-06,-7.768
1.5135e-06,-8.0558
1.5136e-06,-7.8452
1.5137e-06,-7.7876
1.5138e-06,-7.909
1.5139e-06,-7.7559
1.514e-06,-7.7979
1.5141e-06,-7.9817
1.5142e-06,-7.732
1.5143e-06,-7.8548
1.5144e-06,-7.9376
1.5145e-06,-7.8681
1.5146e-06,-7.9473
1.5147e-06,-7.9644
1.5148e-06,-7.7053
1.5149e-06,-7.9788
1.515e-06,-7.8878
1.5151e-06,-8.0118
1.5152e-06,-8.0064
1.5153e-06,-8.1001
1.5154e-06,-8.0609
1.5155e-06,-8.0101
1.5156e-06,-8.0145
1.5157e-06,-7.917
1.5158e-06,-7.9227
1.5159e-06,-7.8903
1.516e-06,-7.9525
1.5161e-06,-8.0123
1.5162e-06,-7.9291
1.5163e-06,-8.0921
1.5164e-06,-8.1015
1.5165e-06,-8.0253
1.5166e-06,-7.9161
1.5167e-06,-8.1184
1.5168e-06,-8.0837
1.5169e-06,-8.182
1.517e-06,-8.2091
1.5171e-06,-8.0513
1.5172e-06,-8.3717
1.5173e-06,-7.7569
1.5174e-06,-8.0638
1.5175e-06,-8.0464
1.5176e-06,-7.993
1.5177e-06,-8.0934
1.5178e-06,-7.9722
1.5179e-06,-8.2282
1.518e-06,-8.2006
1.5181e-06,-8.2383
1.5182e-06,-8.1518
1.5183e-06,-8.0706
1.5184e-06,-8.1295
1.5185e-06,-8.3816
1.5186e-06,-8.3133
1.5187e-06,-8.1207
1.5188e-06,-8.3073
1.5189e-06,-8.2862
1.519e-06,-8.3159
1.5191e-06,-8.3176
1.5192e-06,-8.0546
1.5193e-06,-8.4519
1.5194e-06,-8.3959
1.5195e-06,-8.1657
1.5196e-06,-8.3579
1.5197e-06,-8.2727
1.5198e-06,-8.102
1.5199e-06,-8.1509
1.52e-06,-8.1795
1.5201e-06,-8.2884
1.5202e-06,-8.2084
1.5203e-06,-8.2171
1.5204e-06,-8.4658
1.5205e-06,-8.1582
1.5206e-06,-8.2373
1.5207e-06,-8.2156
1.5208e-06,-8.2314
1.5209e-06,-8.1551
1.521e-06,-8.427
1.5211e-06,-8.4242
1.5212e-06,-8.2399
1.5213e-06,-8.5893
1.5214e-06,-8.532
1.5215e-06,-8.3154
1.5216e-06,-8.4147
1.5217e-06,-8.3317
1.5218e-06,-8.3978
1.5219e-06,-8.2152
1.522e-06,-8.3244
1.5221e-06,-8.5713
1.5222e-06,-8.3867
1.5223e-06,-8.4033
1.5224e-06,-8.4126
1.5225e-06,-8.3191
1.5226e-06,-8.4556
1.5227e-06,-8.4926
1.5228e-06,-8.4152
1.5229e-06,-8.3968
1.523e-06,-8.323
1.5231e-06,-8.3629
1.5232e-06,-8.4441
1.5233e-06,-8.4587
1.5234e-06,-8.5471
1.5235e-06,-8.3005
1.5236e-06,-8.2364
1.5237e-06,-8.417
1.5238e-06,-8.2862
1.5239e-06,-8.4893
1.524e-06,-8.4232
1.5241e-06,-8.4157
1.5242e-06,-8.5351
1.5243e-06,-8.7273
1.5244e-06,-8.4038
1.5245e-06,-8.4956
1.5246e-06,-8.4893
1.5247e-06,-8.2975
1.5248e-06,-8.4779
1.5249e-06,-8.3353
1.525e-06,-8.5347
1.5251e-06,-8.3963
1.5252e-06,-8.5999
1.5253e-06,-8.5075
1.5254e-06,-8.4616
1.5255e-06,-8.4935
1.5256e-06,-8.4848
1.5257e-06,-8.5082
1.5258e-06,-8.4551
1.5259e-06,-8.5393
1.526e-06,-8.5093
1.5261e-06,-8.4718
1.5262e-06,-8.506
1.5263e-06,-8.3901
1.5264e-06,-8.4759
1.5265e-06,-8.5241
1.5266e-06,-8.457
1.5267e-06,-8.6158
1.5268e-06,-8.3688
1.5269e-06,-8.3362
1.527e-06,-8.5173
1.5271e-06,-8.5423
1.5272e-06,-8.5332
1.5273e-06,-8.4655
1.5274e-06,-8.4774
1.5275e-06,-8.3705
1.5276e-06,-8.5296
1.5277e-06,-8.4089
1.5278e-06,-8.4777
1.5279e-06,-8.3288
1.528e-06,-8.3862
1.5281e-06,-8.4479
1.5282e-06,-8.3571
1.5283e-06,-8.4774
1.5284e-06,-8.2922
1.5285e-06,-8.3256
1.5286e-06,-8.4316
1.5287e-06,-8.4601
1.5288e-06,-8.4154
1.5289e-06,-8.3604
1.529e-06,-8.4115
1.5291e-06,-8.257
1.5292e-06,-8.3243
1.5293e-06,-8.4524
1.5294e-06,-8.5772
1.5295e-06,-8.2486
1.5296e-06,-8.4396
1.5297e-06,-8.1543
1.5298e-06,-8.173
1.5299e-06,-8.4142
1.53e-06,-8.2127
1.5301e-06,-8.4212
1.5302e-06,-8.5009
1.5303e-06,-8.1167
1.5304e-06,-8.3917
1.5305e-06,-8.3641
1.5306e-06,-8.2507
1.5307e-06,-8.241
1.5308e-06,-8.3964
1.5309e-06,-8.291
1.531e-06,-8.3395
1.5311e-06,-8.291
1.5312e-06,-8.2844
1.5313e-06,-8.4404
1.5314e-06,-8.529
1.5315e-06,-8.4281
1.5316e-06,-8.3347
1.5317e-06,-8.3221
1.5318e-06,-8.1049
1.5319e-06,-8.3415
1.532e-06,-8.4586
1.5321e-06,-8.212
1.5322e-06,-8.3068
1.5323e-06,-8.2302
1.5324e-06,-8.1401
1.5325e-06,-8.1007
1.5326e-06,-8.0947
1.5327e-06,-8.3178
1.5328e-06,-8.0845
1.5329e-06,-8.2054
1.533e-06,-8.2546
1.5331e-06,-8.2902
1.5332e-06,-8.0798
1.5333e-06,-8.1866
1.5334e-06,-8.1482
1.5335e-06,-8.2404
1.5336e-06,-8.1611
1.5337e-06,-8.1647
1.5338e-06,-8.1298
1.5339e-06,-8.1291
1.534e-06,-8.1714
1.5341e-06,-8.0396
1.5342e-06,-7.9731
1.5343e-06,-8.061
1.5344e-06,-8.1982
1.5345e-06,-7.9941
1.5346e-06,-8.2669
1.5347e-06,-7.9258
1.5348e-06,-7.9913
1.5349e-06,-8.0857
1.535e-06,-7.9537
1.5351e-06,-7.8598
1.5352e-06,-7.9133
1.5353e-06,-7.9038
1.5354e-06,-8.0532
1.5355e-06,-7.9322
1.5356e-06,-7.9235
1.5357e-06,-7.7171
1.5358e-06,-7.8971
1.5359e-06,-7.7592
1.536e-06,-7.814
1.5361e-06,-7.877
1.5362e-06,-7.964
1.5363e-06,-7.9432
1.5364e-06,-7.9635
1.5365e-06,-7.7723
1.5366e-06,-7.7653
1.5367e-06,-8.0104
1.5368e-06,-7.6839
1.5369e-06,-7.9504
1.537e-06,-7.7647
1.5371e-06,-7.6426
1.5372e-06,-7.8682
1.5373e-06,-7.7634
1.5374e-06,-7.6098
1.5375e-06,-7.7325
1.5376e-06,-7.7861
1.5377e-06,-7.751
1.5378e-06,-7.5592
1.5379e-06,-7.7047
1.538e-06,-7.8025
1.5381e-06,-7.6672
1.5382e-06,-7.7849
1.5383e-06,-7.6382
1.5384e-06,-7.7119
1.5385e-06,-7.6276
1.5386e-06,-7.5731
1.5387e-06,-7.7182
1.5388e-06,-7.4476
1.5389e-06,-7.7101
1.539e-06,-7.6465
1.5391e-06,-7.6236
1.5392e-06,-7.6925
1.5393e-06,-7.6094
1.5394e-06,-7.4509
1.5395e-06,-7.6275
1.5396e-06,-7.7057
1.5397e-06,-7.409
1.5398e-06,-7.3954
1.5399e-06,-7.3446
1.54e-06,-7.2418
1.5401e-06,-7.5371
1.5402e-06,-7.5364
1.5403e-06,-7.5161
1.5404e-06,-7.3613
1.5405e-06,-7.3313
1.5406e-06,-7.3978
1.5407e-06,-7.565
1.5408e-06,-7.2773
1.5409e-06,-7.5362
1.541e-06,-7.2986
1.5411e-06,-7.2291
1.5412e-06,-7.2403
1.5413e-06,-7.2967
1.5414e-06,-7.244
1.5415e-06,-7.2934
1.5416e-06,-7.3187
1.5417e-06,-7.2606
1.5418e-06,-7.2451
1.5419e-06,-7.1692
1.542e-06,-7.2103
1.5421e-06,-7.1725
1.5422e-06,-7.0982
1.5423e-06,-7.1455
1.5424e-06,-7.2754
1.5425e-06,-7.3786
1.5426e-06,-7.2008
1.5427e-06,-7.2024
1.5428e-06,-7.1227
1.5429e-06,-7.1806
1.543e-06,-7.0487
1.5431e-06,-7.0977
1.5432e-06,-7.0612
1.5433e-06,-7.0506
1.5434e-06,-7.2274
1.5435e-06,-7.0289
1.5436e-06,-7.2599
1.5437e-06,-6.9908
1.5438e-06,-7.0469
1.5439e-06,-6.9388
1.544e-06,-7.0068
1.5441e-06,-6.9246
1.5442e-06,-6.9709
1.5443e-06,-6.9793
1.5444e-06,-7.2054
1.5445e-06,-7.1093
1.5446e-06,-6.7961
1.5447e-06,-6.9317
1.5448e-06,-6.9157
1.5449e-06,-6.9365
1.545e-06,-6.9717
1.5451e-06,-6.6547
1.5452e-06,-6.8372
1.5453e-06,-6.8615
1.5454e-06,-6.8746
1.5455e-06,-7.0138
1.5456e-06,-6.9321
1.5457e-06,-6.8264
1.5458e-06,-6.7288
1.5459e-06,-6.8781
1.546e-06,-6.5953
1.5461e-06,-6.8695
1.5462e-06,-6.6328
1.5463e-06,-6.6434
1.5464e-06,-6.8753
1.5465e-06,-6.6803
1.5466e-06,-6.6767
1.5467e-06,-6.6967
1.5468e-06,-6.6679
1.5469e-06,-6.6048
1.547e-06,-6.6322
1.5471e-06,-6.5456
1.5472e-06,-6.5626
1.5473e-06,-6.7496
1.5474e-06,-6.4132
1.5475e-06,-6.4651
1.5476e-06,-6.6318
1.5477e-06,-6.4378
1.5478e-06,-6.3226
1.5479e-06,-6.5328
1.548e-06,-6.4115
1.5481e-06,-6.523
1.5482e-06,-6.4486
1.5483e-06,-6.5071
1.5484e-06,-6.3406
1.5485e-06,-6.267
1.5486e-06,-6.3715
1.5487e-06,-6.3767
1.5488e-06,-6.4049
1.5489e-06,-6.4232
1.549e-06,-6.1388
1.5491e-06,-6.3935
1.5492e-06,-6.3276
1.5493e-06,-6.475
1.5494e-06,-6.303
1.5495e-06,-6.2851
1.5496e-06,-6.247
1.5497e-06,-5.9461
1.5498e-06,-6.3026
1.5499e-06,-6.1221
1.55e-06,-6.1882
1.5501e-06,-5.9985
1.5502e-06,-6.0132
1.5503e-06,-6.1626
1.5504e-06,-6.1902
1.5505e-06,-6.0274
1.5506e-06,-6.0038
1.5507e-06,-6.0224
1.5508e-06,-6.1344
1.5509e-06,-6.1974
1.551e-06,-6.0359
1.5511e-06,-6.2866
1.5512e-06,-6.0401
1.5513e-06,-5.95
1.5514e-06,-5.7004
1.5515e-06,-5.919
1.5516e-06,-6.1406
1.5517e-06,-6.0554
1.5518e-06,-5.7273
1.5519e-06,-5.8935
1.552e-06,-5.7566
1.5521e-06,-5.8643
1.5522e-06,-6.0099
1.5523e-06,-5.8442
1.5524e-06,-6.0579
1.5525e-06,-5.8734
1.5526e-06,-5.6601
1.5527e-06,-5.7779
1.5528e-06,-5.7594
1.5529e-06,-5.7092
1.553e-06,-5.7281
1.5531e-06,-5.9916
1.5532e-06,-5.7503
1.5533e-06,-5.6059
1.5534e-06,-5.6795
1.5535e-06,-5.6229
1.5536e-06,-5.8547
1.5537e-06,-5.5943
1.5538e-06,-5.6715
1.5539e-06,-5.7941
1.554e-06,-5.7729
1.5541e-06,-5.633
1.5542e-06,-5.7327
1.5543e-06,-5.5307
1.5544e-06,-5.5123
1.5545e-06,-5.5478
1.5546e-06,-5.5395
1.5547e-06,-5.6593
1.5548e-06,-5.3939
1.5549e-06,-5.6276
1.555e-06,-5.516
1.5551e-06,-5.5156
1.5552e-06,-5.5758
1.5553e-06,-5.4603
1.5554e-06,-5.5489
1.5555e-06,-5.2494
1.5556e-06,-5.6004
1.5557e-06,-5.2692
1.5558e-06,-5.2207
1.5559e-06,-5.4845
1.556e-06,-5.3214
1.5561e-06,-5.4272
1.5562e-06,-5.4026
1.5563e-06,-5.4332
1.5564e-06,-5.2413
1.5565e-06,-5.3605
1.5566e-06,-5.2587
1.5567e-06,-5.2986
1.5568e-06,-5.3745
1.5569e-06,-5.2895
1.557e-06,-5.1224
1.5571e-06,-5.1815
1.5572e-06,-5.2749
1.5573e-06,-5.2467
1.5574e-06,-5.2372
1.5575e-06,-5.3754
1.5576e-06,-5.3062
1.5577e-06,-4.9923
1.5578e-06,-5.1401
1.5579e-06,-5.0025
1.558e-06,-4.9987
1.5581e-06,-5.1163
1.5582e-06,-5.0295
1.5583e-06,-5.1644
1.5584e-06,-5.1255
1.5585e-06,-5.0522
1.5586e-06,-4.9924
1.5587e-06,-5.1719
1.5588e-06,-4.992
1.5589e-06,-5.0376
1.559e-06,-5.0844
1.5591e-06,-5.0266
1.5592e-06,-5.0801
1.5593e-06,-4.9465
1.5594e-06,-5.1
1.5595e-06,-4.9309
1.5596e-06,-4.7386
1.5597e-06,-4.8376
1.5598e-06,-4.8702
1.5599e-06,-4.7686
1.56e-06,-4.773
1.5601e-06,-4.6898
1.5602e-06,-5.0084
1.5603e-06,-4.7015
1.5604e-06,-4.7223
1.5605e-06,-4.5741
1.5606e-06,-4.8139
1.5607e-06,-4.7519
1.5608e-06,-4.7573
1.5609e-06,-4.9179
1.561e-06,-4.8624
1.5611e-06,-4.7447
1.5612e-06,-4.5771
1.5613e-06,-4.6686
1.5614e-06,-4.5573
1.5615e-06,-4.5002
1.5616e-06,-4.6906
1.5617e-06,-4.7145
1.5618e-06,-4.6538
1.5619e-06,-4.3814
1.562e-06,-4.6766
1.5621e-06,-4.4639
1.5622e-06,-4.4693
1.5623e-06,-4.5635
1.5624e-06,-4.4534
1.5625e-06,-4.5001
1.5626e-06,-4.5786
1.5627e-06,-4.516
1.5628e-06,-4.4096
1.5629e-06,-4.4746
1.563e-06,-4.4769
1.5631e-06,-4.4145
1.5632e-06,-4.4764
1.5633e-06,-4.4984
1.5634e-06,-4.2743
1.5635e-06,-4.5347
1.5636e-06,-4.2354
1.5637e-06,-4.2699
1.5638e-06,-4.4825
1.5639e-06,-4.2961
1.564e-06,-4.1589
1.5641e-06,-4.1018
1.5642e-06,-4.2337
1.5643e-06,-4.4359
1.5644e-06,-4.2273
1.5645e-06,-4.4125
1.5646e-06,-4.331
1.5647e-06,-4.2814
1.5648e-06,-4.2224
1.5649e-06,-4.1989
1.565e-06,-4.1113
1.5651e-06,-4.2865
1.5652e-06,-4.1045
1.5653e-06,-4.2772
1.5654e-06,-4.1792
1.5655e-06,-3.8983
1.5656e-06,-4.1075
1.5657e-06,-4.1725
1.5658e-06,-4.1546
1.5659e-06,-4.2818
1.566e-06,-4.1414
1.5661e-06,-3.9008
1.5662e-06,-3.9886
1.5663e-06,-3.8864
1.5664e-06,-3.9517
1.5665e-06,-4.1932
1.5666e-06,-4.0783
1.5667e-06,-3.8337
1.5668e-06,-4.0144
1.5669e-06,-4.1419
1.567e-06,-4.1483
1.5671e-06,-3.7488
1.5672e-06,-3.9501
1.5673e-06,-3.8922
1.5674e-06,-3.8411
1.5675e-06,-3.9848
1.5676e-06,-4.0601
1.5677e-06,-3.8569
1.5678e-06,-3.753
1.5679e-06,-3.5506
1.568e-06,-3.8107
1.5681e-06,-3.7998
1.5682e-06,-3.7894
1.5683e-06,-3.6875
1.5684e-06,-3.7771
1.5685e-06,-3.8173
1.5686e-06,-3.8226
1.5687e-06,-3.7116
1.5688e-06,-3.8528
1.5689e-06,-3.7944
1.569e-06,-3.5912
1.5691e-06,-3.7353
1.5692e-06,-3.7394
1.5693e-06,-3.6008
1.5694e-06,-3.7498
1.5695e-06,-3.8054
1.5696e-06,-3.6175
1.5697e-06,-3.8694
1.5698e-06,-3.5305
1.5699e-06,-3.5953
1.57e-06,-3.6365
1.5701e-06,-3.5586
1.5702e-06,-3.4521
1.5703e-06,-3.6389
1.5704e-06,-3.5893
1.5705e-06,-3.6143
1.5706e-06,-3.3916
1.5707e-06,-3.4537
1.5708e-06,-3.569
1.5709e-06,-3.4832
1.571e-06,-3.488
1.5711e-06,-3.6796
1.5712e-06,-3.3814
1.5713e-06,-3.4143
1.5714e-06,-3.5681
1.5715e-06,-3.538
1.5716e-06,-3.5262
1.5717e-06,-3.5908
1.5718e-06,-3.3399
1.5719e-06,-3.4512
1.572e-06,-3.2687
1.5721e-06,-3.185
1.5722e-06,-3.4084
1.5723e-06,-3.1048
1.5724e-06,-3.3051
1.5725e-06,-3.1512
1.5726e-06,-3.1937
1.5727e-06,-3.3355
1.5728e-06,-3.4288
1.5729e-06,-3.2207
1.573e-06,-3.1421
1.5731e-06,-3.1481
1.5732e-06,-3.0946
1.5733e-06,-3.3801
1.5734e-06,-3.253
1.5735e-06,-3.2919
1.5736e-06,-3.2552
1.5737e-06,-3.1806
1.5738e-06,-3.0764
1.5739e-06,-3.1132
1.574e-06,-3.0688
1.5741e-06,-3.199
1.5742e-06,-3.3592
1.5743e-06,-3.1059
1.5744e-06,-3.1664
1.5745e-06,-3.0242
1.5746e-06,-3.0601
1.5747e-06,-3.1184
1.5748e-06,-3.0934
1.5749e-06,-3.0764
1.575e-06,-3.0551
1.5751e-06,-2.956
1.5752e-06,-3.1079
1.5753e-06,-3.2019
1.5754e-06,-2.9897
1.5755e-06,-3.0859
1.5756e-06,-2.8075
1.5757e-06,-3.104
1.5758e-06,-2.9073
1.5759e-06,-2.6708
1.576e-06,-2.9231
1.5761e-06,-2.9529
1.5762e-06,-2.7941
1.5763e-06,-2.7335
1.5764e-06,-2.8923
1.5765e-06,-2.8701
1.5766e-06,-2.8401
1.5767e-06,-2.9969
1.5768e-06,-2.868
1.5769e-06,-3.0562
1.577e-06,-2.9357
1.5771e-06,-2.8158
1.5772e-06,-2.8055
1.5773e-06,-3.004
1.5774e-06,-2.7882
1.5775e-06,-2.8755
1.5776e-06,-2.7571
1.5777e-06,-2.7736
1.5778e-06,-2.7187
1.5779e-06,-2.5935
1.578e-06,-2.6926
1.5781e-06,-2.6784
1.5782e-06,-2.6087
1.5783e-06,-2.6047
1.5784e-06,-2.7183
1.5785e-06,-2.5165
1.5786e-06,-2.6255
1.5787e-06,-2.611
1.5788e-06,-2.5321
1.5789e-06,-2.6302
1.579e-06,-2.6941
1.5791e-06,-2.3606
1.5792e-06,-2.5234
1.5793e-06,-2.4964
1.5794e-06,-2.3231
1.5795e-06,-2.3784
1.5796e-06,-2.5968
1.5797e-06,-2.5551
1.5798e-06,-2.5713
1.5799e-06,-2.483
1.58e-06,-2.5584
1.5801e-06,-2.4132
1.5802e-06,-2.332
1.5803e-06,-2.3375
1.5804e-06,-2.1439
1.5805e-06,-2.3912
1.5806e-06,-2.6246
1.5807e-06,-2.5511
1.5808e-06,-2.5268
1.5809e-06,-2.464
1.581e-06,-2.4458
1.5811e-06,-2.3415
1.5812e-06,-2.6021
1.5813e-06,-2.2696
1.5814e-06,-2.4308
1.5815e-06,-2.4211
1.5816e-06,-2.2745
1.5817e-06,-2.1005
1.5818e-06,-2.0957
1.5819e-06,-2.3379
1.582e-06,-1.9246
1.5821e-06,-2.3274
1.5822e-06,-2.3971
1.5823e-06,-2.3745
1.5824e-06,-2.1541
1.5825e-06,-2.264
1.5826e-06,-2.2462
1.5827e-06,-2.1814
1.5828e-06,-1.9499
1.5829e-06,-2.0496
1.583e-06,-2.1366
1.5831e-06,-1.964
1.5832e-06,-2.0433
1.5833e-06,-2.3069
1.5834e-06,-2.121
1.5835e-06,-2.1706
1.5836e-06,-2.0037
1.5837e-06,-2.1838
1.5838e-06,-2.0525
1.5839e-06,-1.9916
1.584e-06,-2.1946
1.5841e-06,-2.1882
1.5842e-06,-2.0382
1.5843e-06,-2.2317
1.5844e-06,-2.0244
1.5845e-06,-2.1428
1.5846e-06,-2.0751
1.5847e-06,-2.0392
1.5848e-06,-1.9602
1.5849e-06,-1.946
1.585e-06,-2.0681
1.5851e-06,-1.8637
1.5852e-06,-1.856
1.5853e-06,-1.95
1.5854e-06,-1.8011
1.5855e-06,-1.8419
1.5856e-06,-2.0533
1.5857e-06,-1.9518
1.5858e-06,-1.8517
1.5859e-06,-1.9692
1.586e-06,-1.9697
1.5861e-06,-1.8843
1.5862e-06,-1.8574
1.5863e-06,-1.9235
1.5864e-06,-1.7371
1.5865e-06,-1.9693
1.5866e-06,-1.8572
1.5867e-06,-1.8617
1.5868e-06,-1.7321
1.5869e-06,-1.7993
1.587e-06,-1.9609
1.5871e-06,-1.9849
1.5872e-06,-1.7676
1.5873e-06,-1.5949
1.5874e-06,-1.5604
1.5875e-06,-1.8152
1.5876e-06,-1.7923
1.5877e-06,-1.7485
1.5878e-06,-1.7452
1.5879e-06,-1.7755
1.588e-06,-1.4071
1.5881e-06,-1.7038
1.5882e-06,-1.7183
1.5883e-06,-1.4469
1.5884e-06,-1.6191
1.5885e-06,-1.7604
1.5886e-06,-1.6866
1.5887e-06,-1.5841
1.5888e-06,-1.712
1.5889e-06,-1.5411
1.589e-06,-1.5742
1.5891e-06,-1.4953
1.5892e-06,-1.6555
1.5893e-06,-1.5258
1.5894e-06,-1.4659
1.5895e-06,-1.5721
1.5896e-06,-1.6046
1.5897e-06,-1.3511
1.5898e-06,-1.2021
1.5899e-06,-1.5109
1.59e-06,-1.1855
1.5901e-06,-1.4609
1.5902e-06,-1.5168
1.5903e-06,-1.5312
1.5904e-06,-1.465
1.5905e-06,-1.4079
1.5906e-06,-1.5493
1.5907e-06,-1.3343
1.5908e-06,-1.5071
1.5909e-06,-1.4905
1.591e-06,-1.463
1.5911e-06,-1.3503
1.5912e-06,-1.4921
1.5913e-06,-1.3701
1.5914e-06,-1.523
1.5915e-06,-1.2582
1.5916e-06,-1.3287
1.5917e-06,-1.289
1.5918e-06,-1.2612
1.5919e-06,-1.2989
1.592e-06,-1.129
1.5921e-06,-1.4055
1.5922e-06,-1.2308
1.5923e-06,-1.2822
1.5924e-06,-1.1976
1.5925e-06,-1.3357
1.5926e-06,-1.3467
1.5927e-06,-1.3253
1.5928e-06,-1.1414
1.5929e-06,-1.4635
1.593e-06,-1.3379
1.5931e-06,-1.0121
1.5932e-06,-1.2236
1.5933e-06,-1.355
1.5934e-06,-1.1425
1.5935e-06,-1.1508
1.5936e-06,-1.2301
1.5937e-06,-1.0323
1.5938e-06,-1.0123
1.5939e-06,-1.245
1.594e-06,-1.0083
1.5941e-06,-1.0421
1.5942e-06,-1.3622
1.5943e-06,-1.1317
1.5944e-06,-1.0733
1.5945e-06,-1.1888
1.5946e-06,-1.2332
1.5947e-06,-1.0826
1.5948e-06,-0.95819
1.5949e-06,-0.93344
1.595e-06,-1.1377
1.5951e-06,-1.1979
1.5952e-06,-1.0728
1.5953e-06,-0.93363
1.5954e-06,-0.91498
1.5955e-06,-0.82181
1.5956e-06,-1.0631
1.5957e-06,-1.0217
1.5958e-06,-1.3524
1.5959e-06,-0.94736
1.596e-06,-0.81911
1.5961e-06,-0.8684
1.5962e-06,-0.91241
1.5963e-06,-0.7855
1.5964e-06,-1.0343
1.5965e-06,-0.86597
1.5966e-06,-0.82464
1.5967e-06,-1.0096
1.5968e-06,-0.69287
1.5969e-06,-1.0332
1.597e-06,-0.5698
1.5971e-06,-0.87487
1.5972e-06,-0.90339
1.5973e-06,-0.91126
1.5974e-06,-0.74815
1.5975e-06,-0.65211
1.5976e-06,-0.86031
1.5977e-06,-0.86348
1.5978e-06,-0.85762
1.5979e-06,-0.92564
1.598e-06,-0.9147
1.5981e-06,-0.77216
1.5982e-06,-0.87414
1.5983e-06,-0.76579
1.5984e-06,-0.65719
1.5985e-06,-0.64488
1.5986e-06,-0.93499
1.5987e-06,-0.62815
1.5988e-06,-0.86009
1.5989e-06,-0.62847
1.599e-06,-0.62387
1.5991e-06,-0.66229
1.5992e-06,-0.4412
1.5993e-06,-0.5605
1.5994e-06,-0.74459
1.5995e-06,-0.49466
1.5996e-06,-0.61356
1.5997e-06,-0.57083
1.5998e-06,-0.59086
1.5999e-06,-0.76686
1.6e-06,-0.73171
1.6001e-06,-0.49459
1.6002e-06,-1.0321
1.6003e-06,-0.71234
1.6004e-06,-0.54813
1.6005e-06,-0.44626
1.6006e-06,-0.42381
1.6007e-06,-0.63401
1.6008e-06,-0.71095
1.6009e-06,-0.51993
1.601e-06,-0.52945
1.6011e-06,-0.71901
1.6012e-06,-0.33766
1.6013e-06,-0.48379
1.6014e-06,-0.44368
1.6015e-06,-0.31981
1.6016e-06,-0.39349
1.6017e-06,-0.64365
1.6018e-06,-0.38142
1.6019e-06,-0.6276
1.602e-06,-0.59084
1.6021e-06,-0.57414
1.6022e-06,-0.54277
1.6023e-06,-0.26978
1.6024e-06,-0.49549
1.6025e-06,-0.49094
1.6026e-06,-0.3147
1.6027e-06,-0.3579
1.6028e-06,-0.47216
1.6029e-06,-0.2733
1.603e-06,-0.63364
1.6031e-06,-0.35844
1.6032e-06,-0.3009
1.6033e-06,-0.53363
1.6034e-06,-0.43902
1.6035e-06,-0.40392
1.6036e-06,-0.30185
1.6037e-06,-0.19382
1.6038e-06,-0.33258
1.6039e-06,-0.47577
1.604e-06,-0.43663
1.6041e-06,-0.32709
1.6042e-06,-0.28251
1.6043e-06,-0.25779
1.6044e-06,-0.43775
1.6045e-06,-0.4202
1.6046e-06,-0.24436
1.6047e-06,-0.35518
1.6048e-06,-0.30251
1.6049e-06,-0.12129
1.605e-06,-0.00017182
1.6051e-06,-0.062927
1.6052e-06,-0.035402
1.6053e-06,-0.06097
1.6054e-06,-0.34611
1.6055e-06,-0.15056
1.6056e-06,-0.24159
1.6057e-06,-0.046205
1.6058e-06,-0.2417
1.6059e-06,-0.13953
1.606e-06,-0.17705
1.6061e-06,-0.090091
1.6062e-06,-0.13884
1.6063e-06,-0.4045
1.6064e-06,-0.090553
1.6065e-06,-0.14953
1.6066e-06,-0.090553
1.6067e-06,0.12129
1.6068e-06,0.092056
1.6069e-06,-0.1062
1.607e-06,-0.062979
1.6071e-06,-0.062866
1.6072e-06,0.18676
1.6073e-06,0.024044
1.6074e-06,-0.073721
1.6075e-06,-0.15788
1.6076e-06,-0.27129
1.6077e-06,-0.11803
1.6078e-06,0.044488
1.6079e-06,-0.12296
1.608e-06,0.084073
1.6081e-06,0.15265
1.6082e-06,-0.063207
1.6083e-06,-0.065059
1.6084e-06,-0.13463
1.6085e-06,-0.0021749
1.6086e-06,-0.17663
1.6087e-06,-0.052318
1.6088e-06,-0.26759
1.6089e-06,-0.20942
1.609e-06,-0.17255
1.6091e-06,0.23541
1.6092e-06,0.12496
1.6093e-06,-0.13765
1.6094e-06,0.031346
1.6095e-06,0.18424
1.6096e-06,0.018149
1.6097e-06,0.21722
1.6098e-06,0.042524
1.6099e-06,0.11339
1.61e-06,-0.017882
1.6101e-06,0.014406
1.6102e-06,0.35377
1.6103e-06,0.088751
1.6104e-06,0.005826
1.6105e-06,0.24694
1.6106e-06,0.44279
1.6107e-06,0.025247
1.6108e-06,0.23406
1.6109e-06,0.27109
1.611e-06,0.13511
1.6111e-06,-0.090601
1.6112e-06,0.22662
1.6113e-06,0.20136
1.6114e-06,0.13288
1.6115e-06,-0.030482
1.6116e-06,0.29168
1.6117e-06,0.28429
1.6118e-06,0.21791
1.6119e-06,0.28526
1.612e-06,0.29208
1.6121e-06,0.2754
1.6122e-06,0.24355
1.6123e-06,0.3472
1.6124e-06,0.388
1.6125e-06,0.38937
1.6126e-06,0.38652
1.6127e-06,0.19697
1.6128e-06,0.053157
1.6129e-06,0.21726
1.613e-06,0.39133
1.6131e-06,0.46118
1.6132e-06,0.38162
1.6133e-06,0.44492
1.6134e-06,0.42092
1.6135e-06,0.2679
1.6136e-06,0.48661
1.6137e-06,0.33594
1.6138e-06,0.34656
1.6139e-06,0.33814
1.614e-06,0.39715
1.6141e-06,0.36328
1.6142e-06,0.36098
1.6143e-06,0.44677
1.6144e-06,0.35688
1.6145e-06,0.42732
1.6146e-06,0.46812
1.6147e-06,0.35709
1.6148e-06,0.64738
1.6149e-06,0.47035
1.615e-06,0.41518
1.6151e-06,0.54005
1.6152e-06,0.42145
1.6153e-06,0.45717
1.6154e-06,0.55958
1.6155e-06,0.59695
1.6156e-06,0.58446
1.6157e-06,0.52316
1.6158e-06,0.42953
1.6159e-06,0.33383
1.616e-06,0.49091
1.6161e-06,0.57028
1.6162e-06,0.53428
1.6163e-06,0.5928
1.6164e-06,0.57968
1.6165e-06,0.60465
1.6166e-06,0.67171
1.6167e-06,0.67934
1.6168e-06,0.67851
1.6169e-06,0.68047
1.617e-06,0.77914
1.6171e-06,0.4455
1.6172e-06,0.44686
1.6173e-06,0.65843
1.6174e-06,0.63727
1.6175e-06,0.35546
1.6176e-06,0.86197
1.6177e-06,0.41999
1.6178e-06,0.46983
1.6179e-06,0.67843
1.618e-06,0.89642
1.6181e-06,0.69112
1.6182e-06,0.5966
1.6183e-06,0.69425
1.6184e-06,0.78483
1.6185e-06,0.79702
1.6186e-06,0.76249
1.6187e-06,0.82209
1.6188e-06,0.70086
1.6189e-06,0.59596
1.619e-06,1.0509
1.6191e-06,0.82928
1.6192e-06,0.79886
1.6193e-06,0.68516
1.6194e-06,0.85809
1.6195e-06,0.54424
1.6196e-06,1.0572
1.6197e-06,0.91381
1.6198e-06,0.76167
1.6199e-06,0.86513
1.62e-06,0.84127
1.6201e-06,0.68556
1.6202e-06,0.64754
1.6203e-06,0.68538
1.6204e-06,1.1272
1.6205e-06,0.70091
1.6206e-06,0.96103
1.6207e-06,0.78779
1.6208e-06,0.92004
1.6209e-06,0.99826
1.621e-06,0.65804
1.6211e-06,0.8339
1.6212e-06,0.81628
1.6213e-06,0.8724
1.6214e-06,0.78325
1.6215e-06,1.0199
1.6216e-06,0.89309
1.6217e-06,0.77823
1.6218e-06,1.0153
1.6219e-06,0.89193
1.622e-06,0.8479
1.6221e-06,1.1171
1.6222e-06,1.1155
1.6223e-06,0.65699
1.6224e-06,1.0801
1.6225e-06,1.1704
1.6226e-06,0.92982
1.6227e-06,1.1344
1.6228e-06,0.85661
1.6229e-06,1.1094
1.623e-06,0.90258
1.6231e-06,0.92868
1.6232e-06,0.95391
1.6233e-06,1.1015
1.6234e-06,1.2222
1.6235e-06,1.1522
1.6236e-06,1.3918
1.6237e-06,0.86678
1.6238e-06,0.96599
1.6239e-06,1.0614
1.624e-06,0.78084
1.6241e-06,0.93794
1.6242e-06,0.82914
1.6243e-06,1.0706
1.6244e-06,1.2215
1.6245e-06,1.1817
1.6246e-06,0.94703
1.6247e-06,1.017
1.6248e-06,0.89753
1.6249e-06,1.014
1.625e-06,1.0308
1.6251e-06,0.99988
1.6252e-06,0.98819
1.6253e-06,1.3101
1.6254e-06,1.244
1.6255e-06,0.97423
1.6256e-06,1.0666
1.6257e-06,1.1975
1.6258e-06,1.177
1.6259e-06,1.3071
1.626e-06,1.2993
1.6261e-06,1.2369
1.6262e-06,1.2506
1.6263e-06,1.1809
1.6264e-06,1.314
1.6265e-06,1.4121
1.6266e-06,1.1615
1.6267e-06,1.2139
1.6268e-06,1.544
1.6269e-06,1.2677
1.627e-06,1.4873
1.6271e-06,1.0737
1.6272e-06,1.1684
1.6273e-06,1.1977
1.6274e-06,1.1987
1.6275e-06,1.1087
1.6276e-06,1.4764
1.6277e-06,1.2974
1.6278e-06,1.1412
1.6279e-06,1.5662
1.628e-06,1.4349
1.6281e-06,1.1646
1.6282e-06,1.4107
1.6283e-06,1.3006
1.6284e-06,1.3265
1.6285e-06,1.1692
1.6286e-06,1.356
1.6287e-06,1.2884
1.6288e-06,1.1195
1.6289e-06,1.2647
1.629e-06,1.2299
1.6291e-06,1.366
1.6292e-06,1.1687
1.6293e-06,1.2533
1.6294e-06,1.5844
1.6295e-06,1.4359
1.6296e-06,1.2229
1.6297e-06,1.0586
1.6298e-06,1.4735
1.6299e-06,1.3657
1.63e-06,1.3039
1.6301e-06,1.5443
1.6302e-06,1.422
1.6303e-06,1.461
1.6304e-06,1.3854
1.6305e-06,1.3942
1.6306e-06,1.1936
1.6307e-06,1.4557
1.6308e-06,1.241
1.6309e-06,1.2975
1.631e-06,1.2977
1.6311e-06,1.6214
1.6312e-06,1.4035
1.6313e-06,1.5429
1.6314e-06,1.4724
1.6315e-06,1.5596
1.6316e-06,1.1853
1.6317e-06,1.5697
1.6318e-06,1.3263
1.6319e-06,1.48
1.632e-06,1.3836
1.6321e-06,1.5425
1.6322e-06,1.4424
1.6323e-06,1.6175
1.6324e-06,1.5304
1.6325e-06,1.3509
1.6326e-06,1.4339
1.6327e-06,1.6375
1.6328e-06,1.6852
1.6329e-06,1.4021
1.633e-06,1.7009
1.6331e-06,1.2903
1.6332e-06,1.4585
1.6333e-06,1.5584
1.6334e-06,1.6567
1.6335e-06,1.5915
1.6336e-06,1.4256
1.6337e-06,1.8335
1.6338e-06,1.6891
1.6339e-06,1.5436
1.634e-06,1.5302
1.6341e-06,1.4404
1.6342e-06,1.5034
1.6343e-06,1.4299
1.6344e-06,1.6469
1.6345e-06,1.6799
1.6346e-06,1.7964
1.6347e-06,1.623
1.6348e-06,1.7305
1.6349e-06,1.5723
1.635e-06,1.827
1.6351e-06,1.615
1.6352e-06,1.6415
1.6353e-06,1.6213
1.6354e-06,1.7414
1.6355e-06,1.6346
1.6356e-06,1.6225
1.6357e-06,1.6974
1.6358e-06,1.6895
1.6359e-06,1.5582
1.636e-06,1.5431
1.6361e-06,1.5851
1.6362e-06,1.5536
1.6363e-06,1.8209
1.6364e-06,1.8382
1.6365e-06,1.8771
1.6366e-06,1.6636
1.6367e-06,1.6069
1.6368e-06,1.8395
1.6369e-06,1.6095
1.637e-06,1.7144
1.6371e-06,1.7218
1.6372e-06,1.7486
1.6373e-06,1.5816
1.6374e-06,1.8647
1.6375e-06,1.5324
1.6376e-06,1.765
1.6377e-06,1.7927
1.6378e-06,1.767
1.6379e-06,1.7443
1.638e-06,1.9171
1.6381e-06,1.9405
1.6382e-06,1.609
1.6383e-06,1.9695
1.6384e-06,1.8257
1.6385e-06,1.8937
1.6386e-06,2.0329
1.6387e-06,1.7246
1.6388e-06,1.8822
1.6389e-06,1.9942
1.639e-06,1.8999
1.6391e-06,1.6701
1.6392e-06,1.8538
1.6393e-06,1.8479
1.6394e-06,2.0417
1.6395e-06,1.8735
1.6396e-06,2.1254
1.6397e-06,1.9668
1.6398e-06,1.6733
1.6399e-06,1.8813
1.64e-06,2.0943
1.6401e-06,1.884
1.6402e-06,1.9541
1.6403e-06,2.176
1.6404e-06,2.1789
1.6405e-06,2.0639
1.6406e-06,2.0075
1.6407e-06,2.0037
1.6408e-06,2.0354
1.6409e-06,2.0215
1.641e-06,2.1669
1.6411e-06,1.9091
1.6412e-06,1.7901
1.6413e-06,2.0857
1.6414e-06,1.9687
1.6415e-06,2.0827
1.6416e-06,1.8529
1.6417e-06,1.7926
1.6418e-06,2.231
1.6419e-06,1.9996
1.642e-06,2.0349
1.6421e-06,1.9642
1.6422e-06,2.1224
1.6423e-06,2.0621
1.6424e-06,2.2442
1.6425e-06,2.2295
1.6426e-06,1.8276
1.6427e-06,1.9324
1.6428e-06,2.0205
1.6429e-06,2.1325
1.643e-06,2.2633
1.6431e-06,1.931
1.6432e-06,2.1034
1.6433e-06,1.9297
1.6434e-06,1.9508
1.6435e-06,1.9178
1.6436e-06,2.0934
1.6437e-06,2.0831
1.6438e-06,1.8035
1.6439e-06,1.8833
1.644e-06,2.2466
1.6441e-06,2.119
1.6442e-06,2.1162
1.6443e-06,2.0708
1.6444e-06,2.0618
1.6445e-06,2.0842
1.6446e-06,2.3071
1.6447e-06,2.0757
1.6448e-06,2.0667
1.6449e-06,1.8789
1.645e-06,2.1168
1.6451e-06,2.1356
1.6452e-06,1.9791
1.6453e-06,2.1649
1.6454e-06,2.1381
1.6455e-06,2.2595
1.6456e-06,2.1164
1.6457e-06,2.0378
1.6458e-06,2.2623
1.6459e-06,2.1107
1.646e-06,2.3165
1.6461e-06,2.1536
1.6462e-06,2.2829
1.6463e-06,2.04
1.6464e-06,2.0505
1.6465e-06,2.2761
1.6466e-06,2.3528
1.6467e-06,2.1178
1.6468e-06,2.1155
1.6469e-06,2.1897
1.647e-06,2.3888
1.6471e-06,2.1908
1.6472e-06,2.4126
1.6473e-06,2.4084
1.6474e-06,2.1378
1.6475e-06,2.3009
1.6476e-06,2.4554
1.6477e-06,2.355
1.6478e-06,2.5971
1.6479e-06,2.1449
1.648e-06,2.0007
1.6481e-06,2.4603
1.6482e-06,2.3667
1.6483e-06,2.0676
1.6484e-06,2.2855
1.6485e-06,2.381
1.6486e-06,2.1216
1.6487e-06,2.2731
1.6488e-06,2.1029
1.6489e-06,2.508
1.649e-06,2.4465
1.6491e-06,2.5174
1.6492e-06,2.283
1.6493e-06,2.2131
1.6494e-06,2.5037
1.6495e-06,2.3459
1.6496e-06,2.3074
1.6497e-06,2.3935
1.6498e-06,2.255
1.6499e-06,2.4935
1.65e-06,2.4934
