1.35e-06,7.2354
1.3501e-06,7.352
1.3502e-06,7.3746
1.3503e-06,7.281
1.3504e-06,7.0982
1.3505e-06,7.1982
1.3506e-06,7.1621
1.3507e-06,7.2401
1.3508e-06,7.3294
1.3509e-06,7.2356
1.351e-06,7.3352
1.3511e-06,7.2821
1.3512e-06,7.2936
1.3513e-06,7.2788
1.3514e-06,7.296
1.3515e-06,7.198
1.3516e-06,7.2152
1.3517e-06,7.2021
1.3518e-06,7.1683
1.3519e-06,7.2879
1.352e-06,7.1554
1.3521e-06,7.1573
1.3522e-06,7.2029
1.3523e-06,7.2241
1.3524e-06,7.0968
1.3525e-06,7.1737
1.3526e-06,7.1573
1.3527e-06,7.1049
1.3528e-06,6.9659
1.3529e-06,7.163
1.353e-06,7.2519
1.3531e-06,7.0509
1.3532e-06,7.035
1.3533e-06,7.0862
1.3534e-06,6.9988
1.3535e-06,7.0837
1.3536e-06,7.1735
1.3537e-06,7.0879
1.3538e-06,7.0519
1.3539e-06,7.0304
1.354e-06,7.0923
1.3541e-06,7.0676
1.3542e-06,7.0796
1.3543e-06,7.02
1.3544e-06,7.1022
1.3545e-06,6.9471
1.3546e-06,7.0002
1.3547e-06,7.0706
1.3548e-06,7.017
1.3549e-06,6.9283
1.355e-06,6.943
1.3551e-06,7.0395
1.3552e-06,6.9153
1.3553e-06,7.0329
1.3554e-06,6.8703
1.3555e-06,6.9311
1.3556e-06,7.0072
1.3557e-06,6.9873
1.3558e-06,6.8919
1.3559e-06,7.0364
1.356e-06,6.9889
1.3561e-06,6.9835
1.3562e-06,6.9728
1.3563e-06,6.9625
1.3564e-06,6.8933
1.3565e-06,7.1026
1.3566e-06,7.0226
1.3567e-06,6.9464
1.3568e-06,7.0441
1.3569e-06,6.9928
1.357e-06,6.9593
1.3571e-06,7.032
1.3572e-06,6.9871
1.3573e-06,6.8523
1.3574e-06,6.8809
1.3575e-06,6.938
1.3576e-06,6.9245
1.3577e-06,6.8985
1.3578e-06,6.835
1.3579e-06,6.9126
1.358e-06,6.8633
1.3581e-06,6.788
1.3582e-06,6.894
1.3583e-06,6.9977
1.3584e-06,6.8209
1.3585e-06,6.8633
1.3586e-06,6.7282
1.3587e-06,6.9223
1.3588e-06,6.8548
1.3589e-06,6.9326
1.359e-06,6.8414
1.3591e-06,6.8138
1.3592e-06,6.8452
1.3593e-06,6.8578
1.3594e-06,6.8945
1.3595e-06,6.7342
1.3596e-06,6.6438
1.3597e-06,6.8264
1.3598e-06,6.7432
1.3599e-06,6.814
1.36e-06,6.8294
1.3601e-06,6.7647
1.3602e-06,6.7606
1.3603e-06,6.6809
1.3604e-06,6.7397
1.3605e-06,6.7718
1.3606e-06,6.8161
1.3607e-06,6.7658
1.3608e-06,6.8431
1.3609e-06,6.781
1.361e-06,6.6396
1.3611e-06,6.8071
1.3612e-06,6.6502
1.3613e-06,6.5957
1.3614e-06,6.7159
1.3615e-06,6.6268
1.3616e-06,6.6232
1.3617e-06,6.7089
1.3618e-06,6.6435
1.3619e-06,6.7632
1.362e-06,6.6757
1.3621e-06,6.8129
1.3622e-06,6.6688
1.3623e-06,6.6714
1.3624e-06,6.7123
1.3625e-06,6.7038
1.3626e-06,6.6919
1.3627e-06,6.8019
1.3628e-06,6.6474
1.3629e-06,6.6614
1.363e-06,6.6675
1.3631e-06,6.6971
1.3632e-06,6.6858
1.3633e-06,6.8124
1.3634e-06,6.6397
1.3635e-06,6.717
1.3636e-06,6.6366
1.3637e-06,6.6263
1.3638e-06,6.6369
1.3639e-06,6.7025
1.364e-06,6.5781
1.3641e-06,6.6009
1.3642e-06,6.7619
1.3643e-06,6.7234
1.3644e-06,6.5195
1.3645e-06,6.6055
1.3646e-06,6.5933
1.3647e-06,6.5018
1.3648e-06,6.4641
1.3649e-06,6.5861
1.365e-06,6.6789
1.3651e-06,6.5432
1.3652e-06,6.6265
1.3653e-06,6.4156
1.3654e-06,6.5038
1.3655e-06,6.6138
1.3656e-06,6.4856
1.3657e-06,6.4556
1.3658e-06,6.3672
1.3659e-06,6.5595
1.366e-06,6.5669
1.3661e-06,6.6351
1.3662e-06,6.5078
1.3663e-06,6.4188
1.3664e-06,6.5013
1.3665e-06,6.5447
1.3666e-06,6.496
1.3667e-06,6.3368
1.3668e-06,6.3986
1.3669e-06,6.5409
1.367e-06,6.4387
1.3671e-06,6.4583
1.3672e-06,6.4385
1.3673e-06,6.3774
1.3674e-06,6.4648
1.3675e-06,6.3313
1.3676e-06,6.4287
1.3677e-06,6.5174
1.3678e-06,6.3669
1.3679e-06,6.4506
1.368e-06,6.4043
1.3681e-06,6.3461
1.3682e-06,6.3938
1.3683e-06,6.4285
1.3684e-06,6.3993
1.3685e-06,6.307
1.3686e-06,6.296
1.3687e-06,6.2184
1.3688e-06,6.4027
1.3689e-06,6.2969
1.369e-06,6.4421
1.3691e-06,6.2647
1.3692e-06,6.2371
1.3693e-06,6.3831
1.3694e-06,6.2706
1.3695e-06,6.376
1.3696e-06,6.3905
1.3697e-06,6.3729
1.3698e-06,6.422
1.3699e-06,6.2483
1.37e-06,6.3637
1.3701e-06,6.2874
1.3702e-06,6.5138
1.3703e-06,6.2967
1.3704e-06,6.307
1.3705e-06,6.4067
1.3706e-06,6.3468
1.3707e-06,6.2983
1.3708e-06,6.2186
1.3709e-06,6.2466
1.371e-06,6.2741
1.3711e-06,6.4106
1.3712e-06,6.1754
1.3713e-06,6.278
1.3714e-06,6.1227
1.3715e-06,6.3003
1.3716e-06,6.2223
1.3717e-06,6.2248
1.3718e-06,6.3238
1.3719e-06,6.2739
1.372e-06,6.2605
1.3721e-06,6.2156
1.3722e-06,6.2122
1.3723e-06,6.2185
1.3724e-06,6.0923
1.3725e-06,6.1676
1.3726e-06,6.1234
1.3727e-06,6.1455
1.3728e-06,6.1673
1.3729e-06,6.2599
1.373e-06,6.1204
1.3731e-06,6.0748
1.3732e-06,6.0889
1.3733e-06,6.0311
1.3734e-06,6.1391
1.3735e-06,6.1042
1.3736e-06,6.2252
1.3737e-06,6.1753
1.3738e-06,6.2198
1.3739e-06,6.0912
1.374e-06,6.1502
1.3741e-06,6.0718
1.3742e-06,6.0952
1.3743e-06,6.0859
1.3744e-06,6.0299
1.3745e-06,5.9971
1.3746e-06,6.1108
1.3747e-06,6.0701
1.3748e-06,6.0354
1.3749e-06,6.1074
1.375e-06,6.137
1.3751e-06,6.0737
1.3752e-06,6.0694
1.3753e-06,6.0786
1.3754e-06,6.0382
1.3755e-06,5.9623
1.3756e-06,6.0422
1.3757e-06,6.1272
1.3758e-06,6.1586
1.3759e-06,5.9976
1.376e-06,5.9409
1.3761e-06,5.9754
1.3762e-06,6.0614
1.3763e-06,6.1101
1.3764e-06,6.0057
1.3765e-06,6.0854
1.3766e-06,5.9952
1.3767e-06,6.0732
1.3768e-06,5.9835
1.3769e-06,6.0305
1.377e-06,5.9341
1.3771e-06,5.9048
1.3772e-06,6.0878
1.3773e-06,5.9727
1.3774e-06,6.0958
1.3775e-06,5.9712
1.3776e-06,5.8968
1.3777e-06,5.9241
1.3778e-06,5.9897
1.3779e-06,5.9999
1.378e-06,5.8905
1.3781e-06,5.853
1.3782e-06,5.9086
1.3783e-06,6.02
1.3784e-06,5.7458
1.3785e-06,5.8528
1.3786e-06,5.9109
1.3787e-06,5.9095
1.3788e-06,5.8153
1.3789e-06,5.8578
1.379e-06,5.9565
1.3791e-06,5.9963
1.3792e-06,5.9682
1.3793e-06,5.9216
1.3794e-06,5.8094
1.3795e-06,5.831
1.3796e-06,5.9966
1.3797e-06,5.9028
1.3798e-06,5.8101
1.3799e-06,5.8
1.38e-06,5.8328
1.3801e-06,5.8723
1.3802e-06,5.9354
1.3803e-06,5.9857
1.3804e-06,5.8227
1.3805e-06,5.7713
1.3806e-06,5.8835
1.3807e-06,5.685
1.3808e-06,5.8531
1.3809e-06,5.7542
1.381e-06,5.8352
1.3811e-06,5.8457
1.3812e-06,5.9031
1.3813e-06,5.8054
1.3814e-06,5.7933
1.3815e-06,5.8099
1.3816e-06,5.7771
1.3817e-06,5.7874
1.3818e-06,5.7825
1.3819e-06,5.7917
1.382e-06,5.6017
1.3821e-06,5.655
1.3822e-06,5.6819
1.3823e-06,5.741
1.3824e-06,5.6408
1.3825e-06,5.6495
1.3826e-06,5.804
1.3827e-06,5.6499
1.3828e-06,5.6998
1.3829e-06,5.5988
1.383e-06,5.7704
1.3831e-06,5.6679
1.3832e-06,5.6875
1.3833e-06,5.5716
1.3834e-06,5.6678
1.3835e-06,5.7937
1.3836e-06,5.6959
1.3837e-06,5.7798
1.3838e-06,5.6837
1.3839e-06,5.6448
1.384e-06,5.6679
1.3841e-06,5.5031
1.3842e-06,5.5846
1.3843e-06,5.5606
1.3844e-06,5.5371
1.3845e-06,5.7786
1.3846e-06,5.6723
1.3847e-06,5.6444
1.3848e-06,5.4974
1.3849e-06,5.517
1.385e-06,5.5765
1.3851e-06,5.6221
1.3852e-06,5.661
1.3853e-06,5.6081
1.3854e-06,5.6005
1.3855e-06,5.6416
1.3856e-06,5.6109
1.3857e-06,5.5654
1.3858e-06,5.4084
1.3859e-06,5.5254
1.386e-06,5.523
1.3861e-06,5.6239
1.3862e-06,5.5102
1.3863e-06,5.5424
1.3864e-06,5.4785
1.3865e-06,5.5156
1.3866e-06,5.46
1.3867e-06,5.5653
1.3868e-06,5.4663
1.3869e-06,5.5035
1.387e-06,5.5262
1.3871e-06,5.3236
1.3872e-06,5.5254
1.3873e-06,5.5983
1.3874e-06,5.3319
1.3875e-06,5.479
1.3876e-06,5.5031
1.3877e-06,5.4107
1.3878e-06,5.3315
1.3879e-06,5.5108
1.388e-06,5.3797
1.3881e-06,5.4064
1.3882e-06,5.4722
1.3883e-06,5.5255
1.3884e-06,5.3755
1.3885e-06,5.3919
1.3886e-06,5.3587
1.3887e-06,5.5407
1.3888e-06,5.4017
1.3889e-06,5.2397
1.389e-06,5.3308
1.3891e-06,5.4241
1.3892e-06,5.4121
1.3893e-06,5.5977
1.3894e-06,5.3676
1.3895e-06,5.3756
1.3896e-06,5.3478
1.3897e-06,5.4002
1.3898e-06,5.3517
1.3899e-06,5.3569
1.39e-06,5.3906
1.3901e-06,5.2501
1.3902e-06,5.3709
1.3903e-06,5.2279
1.3904e-06,5.163
1.3905e-06,5.3378
1.3906e-06,5.3919
1.3907e-06,5.2424
1.3908e-06,5.4316
1.3909e-06,5.2426
1.391e-06,5.1525
1.3911e-06,5.3639
1.3912e-06,5.2293
1.3913e-06,5.157
1.3914e-06,5.1517
1.3915e-06,5.2173
1.3916e-06,5.351
1.3917e-06,5.2433
1.3918e-06,5.2185
1.3919e-06,5.2098
1.392e-06,5.2512
1.3921e-06,5.3277
1.3922e-06,5.1925
1.3923e-06,5.1876
1.3924e-06,5.2045
1.3925e-06,5.2642
1.3926e-06,5.1235
1.3927e-06,5.1237
1.3928e-06,5.233
1.3929e-06,5.3384
1.393e-06,5.1652
1.3931e-06,5.2484
1.3932e-06,5.1763
1.3933e-06,5.2806
1.3934e-06,5.2146
1.3935e-06,5.0822
1.3936e-06,5.0213
1.3937e-06,5.1575
1.3938e-06,5.1088
1.3939e-06,5.0852
1.394e-06,5.1425
1.3941e-06,5.1958
1.3942e-06,5.158
1.3943e-06,5.0266
1.3944e-06,5.1213
1.3945e-06,5.0786
1.3946e-06,5.143
1.3947e-06,5.1
1.3948e-06,5.0973
1.3949e-06,4.9459
1.395e-06,5.1584
1.3951e-06,5.1206
1.3952e-06,4.9848
1.3953e-06,4.9533
1.3954e-06,5.0349
1.3955e-06,5.0425
1.3956e-06,5.0825
1.3957e-06,5.0396
1.3958e-06,5.0832
1.3959e-06,5.1112
1.396e-06,5.0398
1.3961e-06,5.1957
1.3962e-06,5.0381
1.3963e-06,4.8691
1.3964e-06,4.9482
1.3965e-06,4.8512
1.3966e-06,4.8883
1.3967e-06,4.9447
1.3968e-06,5.0642
1.3969e-06,4.9543
1.397e-06,4.8425
1.3971e-06,4.953
1.3972e-06,4.8564
1.3973e-06,4.8404
1.3974e-06,4.9516
1.3975e-06,4.8741
1.3976e-06,4.7973
1.3977e-06,4.916
1.3978e-06,4.9083
1.3979e-06,4.891
1.398e-06,4.9681
1.3981e-06,4.9562
1.3982e-06,4.9801
1.3983e-06,4.7815
1.3984e-06,4.9602
1.3985e-06,4.7637
1.3986e-06,4.7224
1.3987e-06,4.6928
1.3988e-06,4.88
1.3989e-06,4.873
1.399e-06,4.8224
1.3991e-06,4.7034
1.3992e-06,4.6863
1.3993e-06,4.9058
1.3994e-06,4.6801
1.3995e-06,4.85
1.3996e-06,4.6912
1.3997e-06,4.8674
1.3998e-06,4.7182
1.3999e-06,4.6049
1.4e-06,4.7485
1.4001e-06,4.6673
1.4002e-06,4.8093
1.4003e-06,4.5574
1.4004e-06,4.7666
1.4005e-06,4.6476
1.4006e-06,4.8202
1.4007e-06,4.8295
1.4008e-06,4.7826
1.4009e-06,4.7257
1.401e-06,4.6696
1.4011e-06,4.6586
1.4012e-06,4.725
1.4013e-06,4.7481
1.4014e-06,4.628
1.4015e-06,4.683
1.4016e-06,4.7872
1.4017e-06,4.662
1.4018e-06,4.6256
1.4019e-06,4.7944
1.402e-06,4.6457
1.4021e-06,4.5878
1.4022e-06,4.616
1.4023e-06,4.6581
1.4024e-06,4.6155
1.4025e-06,4.7047
1.4026e-06,4.5884
1.4027e-06,4.4279
1.4028e-06,4.5603
1.4029e-06,4.7477
1.403e-06,4.5668
1.4031e-06,4.657
1.4032e-06,4.5529
1.4033e-06,4.569
1.4034e-06,4.6885
1.4035e-06,4.4494
1.4036e-06,4.4537
1.4037e-06,4.4918
1.4038e-06,4.5966
1.4039e-06,4.6507
1.404e-06,4.6086
1.4041e-06,4.6871
1.4042e-06,4.5556
1.4043e-06,4.519
1.4044e-06,4.5712
1.4045e-06,4.4755
1.4046e-06,4.4332
1.4047e-06,4.5992
1.4048e-06,4.5482
1.4049e-06,4.4895
1.405e-06,4.4819
1.4051e-06,4.397
1.4052e-06,4.3796
1.4053e-06,4.4088
1.4054e-06,4.5155
1.4055e-06,4.4867
1.4056e-06,4.3978
1.4057e-06,4.3552
1.4058e-06,4.4704
1.4059e-06,4.4004
1.406e-06,4.4211
1.4061e-06,4.2873
1.4062e-06,4.3833
1.4063e-06,4.3514
1.4064e-06,4.3691
1.4065e-06,4.4358
1.4066e-06,4.4603
1.4067e-06,4.4656
1.4068e-06,4.4569
1.4069e-06,4.2365
1.407e-06,4.4728
1.4071e-06,4.3578
1.4072e-06,4.3862
1.4073e-06,4.3041
1.4074e-06,4.4263
1.4075e-06,4.2949
1.4076e-06,4.3002
1.4077e-06,4.1768
1.4078e-06,4.2787
1.4079e-06,4.4007
1.408e-06,4.2972
1.4081e-06,4.2011
1.4082e-06,4.2418
1.4083e-06,4.2265
1.4084e-06,4.1464
1.4085e-06,4.2231
1.4086e-06,4.4496
1.4087e-06,4.1692
1.4088e-06,4.3393
1.4089e-06,4.2758
1.409e-06,4.2763
1.4091e-06,4.229
1.4092e-06,4.2092
1.4093e-06,4.1645
1.4094e-06,4.1905
1.4095e-06,4.2312
1.4096e-06,4.1007
1.4097e-06,4.2358
1.4098e-06,4.0614
1.4099e-06,4.1356
1.41e-06,4.0279
1.4101e-06,3.9476
1.4102e-06,4.391
1.4103e-06,4.0938
1.4104e-06,4.0988
1.4105e-06,4.243
1.4106e-06,4.1723
1.4107e-06,4.0495
1.4108e-06,4.125
1.4109e-06,4.1099
1.411e-06,4.0549
1.4111e-06,4.0991
1.4112e-06,4.0517
1.4113e-06,4.0706
1.4114e-06,4.2287
1.4115e-06,4.0367
1.4116e-06,3.9283
1.4117e-06,4.0397
1.4118e-06,4.1045
1.4119e-06,4.1084
1.412e-06,3.9428
1.4121e-06,4.1089
1.4122e-06,3.8993
1.4123e-06,4.0527
1.4124e-06,4.1223
1.4125e-06,3.9714
1.4126e-06,3.8945
1.4127e-06,3.9237
1.4128e-06,4.0202
1.4129e-06,3.8524
1.413e-06,3.8993
1.4131e-06,3.94
1.4132e-06,3.9808
1.4133e-06,3.9466
1.4134e-06,3.8813
1.4135e-06,3.8564
1.4136e-06,4.081
1.4137e-06,3.8786
1.4138e-06,3.8937
1.4139e-06,3.8743
1.414e-06,3.9923
1.4141e-06,3.9321
1.4142e-06,3.8714
1.4143e-06,3.8712
1.4144e-06,3.8495
1.4145e-06,3.957
1.4146e-06,3.9316
1.4147e-06,3.8986
1.4148e-06,3.7412
1.4149e-06,3.9323
1.415e-06,3.8177
1.4151e-06,3.8601
1.4152e-06,3.8869
1.4153e-06,3.797
1.4154e-06,3.756
1.4155e-06,3.7518
1.4156e-06,3.7425
1.4157e-06,3.7196
1.4158e-06,3.7042
1.4159e-06,3.8528
1.416e-06,3.8786
1.4161e-06,3.6923
1.4162e-06,3.7615
1.4163e-06,3.7159
1.4164e-06,3.7797
1.4165e-06,3.792
1.4166e-06,3.5906
1.4167e-06,3.7635
1.4168e-06,3.5888
1.4169e-06,3.8018
1.417e-06,3.7858
1.4171e-06,3.637
1.4172e-06,3.6292
1.4173e-06,3.8958
1.4174e-06,3.6395
1.4175e-06,3.697
1.4176e-06,3.717
1.4177e-06,3.6375
1.4178e-06,3.6414
1.4179e-06,3.5027
1.418e-06,3.612
1.4181e-06,3.7567
1.4182e-06,3.6965
1.4183e-06,3.5945
1.4184e-06,3.4364
1.4185e-06,3.6671
1.4186e-06,3.6372
1.4187e-06,3.585
1.4188e-06,3.6776
1.4189e-06,3.5708
1.419e-06,3.6838
1.4191e-06,3.6082
1.4192e-06,3.4074
1.4193e-06,3.5905
1.4194e-06,3.5744
1.4195e-06,3.4929
1.4196e-06,3.4908
1.4197e-06,3.4022
1.4198e-06,3.4966
1.4199e-06,3.4927
1.42e-06,3.486
1.4201e-06,3.3992
1.4202e-06,3.5899
1.4203e-06,3.4339
1.4204e-06,3.3258
1.4205e-06,3.4435
1.4206e-06,3.381
1.4207e-06,3.3553
1.4208e-06,3.3852
1.4209e-06,3.2793
1.421e-06,3.5941
1.4211e-06,3.3742
1.4212e-06,3.5272
1.4213e-06,3.256
1.4214e-06,3.2598
1.4215e-06,3.2951
1.4216e-06,3.501
1.4217e-06,3.4483
1.4218e-06,3.2651
1.4219e-06,3.3901
1.422e-06,3.3828
1.4221e-06,3.431
1.4222e-06,3.1565
1.4223e-06,3.2315
1.4224e-06,3.3263
1.4225e-06,3.3236
1.4226e-06,3.337
1.4227e-06,3.2914
1.4228e-06,3.3914
1.4229e-06,3.2221
1.423e-06,3.2449
1.4231e-06,3.1501
1.4232e-06,3.2361
1.4233e-06,3.3003
1.4234e-06,3.2688
1.4235e-06,3.2862
1.4236e-06,3.2841
1.4237e-06,3.1782
1.4238e-06,3.2231
1.4239e-06,3.2318
1.424e-06,3.1524
1.4241e-06,3.1172
1.4242e-06,3.2348
1.4243e-06,3.2833
1.4244e-06,3.1746
1.4245e-06,3.1732
1.4246e-06,3.45
1.4247e-06,3.1933
1.4248e-06,3.1413
1.4249e-06,3.2021
1.425e-06,3.1085
1.4251e-06,3.1044
1.4252e-06,3.0665
1.4253e-06,3.1964
1.4254e-06,3.2726
1.4255e-06,3.1942
1.4256e-06,3.3031
1.4257e-06,3.0411
1.4258e-06,3.1318
1.4259e-06,2.9728
1.426e-06,3.2875
1.4261e-06,2.9748
1.4262e-06,2.9853
1.4263e-06,3.1578
1.4264e-06,2.9191
1.4265e-06,3.1184
1.4266e-06,2.9731
1.4267e-06,3.2372
1.4268e-06,3.0336
1.4269e-06,2.995
1.427e-06,3.0197
1.4271e-06,3.041
1.4272e-06,2.9138
1.4273e-06,2.9941
1.4274e-06,2.9918
1.4275e-06,3.1201
1.4276e-06,2.9702
1.4277e-06,2.8892
1.4278e-06,2.8559
1.4279e-06,2.9597
1.428e-06,2.8421
1.4281e-06,2.9012
1.4282e-06,2.8924
1.4283e-06,2.8867
1.4284e-06,2.8863
1.4285e-06,2.8004
1.4286e-06,2.8843
1.4287e-06,2.8062
1.4288e-06,2.9137
1.4289e-06,2.7809
1.429e-06,2.9013
1.4291e-06,2.852
1.4292e-06,2.8074
1.4293e-06,2.7315
1.4294e-06,2.7011
1.4295e-06,2.8953
1.4296e-06,2.6761
1.4297e-06,2.8221
1.4298e-06,2.7604
1.4299e-06,2.7089
1.43e-06,2.7868
1.4301e-06,2.7406
1.4302e-06,2.7316
1.4303e-06,2.7497
1.4304e-06,2.7976
1.4305e-06,2.7727
1.4306e-06,2.7573
1.4307e-06,2.7129
1.4308e-06,2.7227
1.4309e-06,2.7278
1.431e-06,2.6846
1.4311e-06,2.8035
1.4312e-06,2.5274
1.4313e-06,2.5898
1.4314e-06,2.7502
1.4315e-06,2.7004
1.4316e-06,2.6242
1.4317e-06,2.7957
1.4318e-06,2.7557
1.4319e-06,2.6592
1.432e-06,2.8057
1.4321e-06,2.5175
1.4322e-06,2.6038
1.4323e-06,2.4475
1.4324e-06,2.6925
1.4325e-06,2.4675
1.4326e-06,2.6064
1.4327e-06,2.4449
1.4328e-06,2.6794
1.4329e-06,2.6341
1.433e-06,2.4756
1.4331e-06,2.4788
1.4332e-06,2.5129
1.4333e-06,2.5597
1.4334e-06,2.4501
1.4335e-06,2.4361
1.4336e-06,2.4164
1.4337e-06,2.4675
1.4338e-06,2.342
1.4339e-06,2.5313
1.434e-06,2.4788
1.4341e-06,2.5085
1.4342e-06,2.4408
1.4343e-06,2.5373
1.4344e-06,2.4425
1.4345e-06,2.5352
1.4346e-06,2.2959
1.4347e-06,2.4448
1.4348e-06,2.4136
1.4349e-06,2.5037
1.435e-06,2.5047
1.4351e-06,2.4772
1.4352e-06,2.3649
1.4353e-06,2.3749
1.4354e-06,2.2892
1.4355e-06,2.2725
1.4356e-06,2.2443
1.4357e-06,2.348
1.4358e-06,2.3621
1.4359e-06,2.368
1.436e-06,2.3533
1.4361e-06,2.2664
1.4362e-06,2.2518
1.4363e-06,2.2546
1.4364e-06,2.2951
1.4365e-06,2.3193
1.4366e-06,2.3368
1.4367e-06,2.156
1.4368e-06,2.1016
1.4369e-06,2.4172
1.437e-06,2.2273
1.4371e-06,2.3049
1.4372e-06,2.1687
1.4373e-06,2.3023
1.4374e-06,2.2194
1.4375e-06,2.1145
1.4376e-06,2.2652
1.4377e-06,2.0328
1.4378e-06,2.0428
1.4379e-06,2.0947
1.438e-06,2.1647
1.4381e-06,2.2026
1.4382e-06,2.2684
1.4383e-06,2.203
1.4384e-06,2.1749
1.4385e-06,2.0697
1.4386e-06,2.3011
1.4387e-06,2.0527
1.4388e-06,2.0132
1.4389e-06,1.9517
1.439e-06,2.1022
1.4391e-06,2.1228
1.4392e-06,2.0029
1.4393e-06,2.1948
1.4394e-06,2.064
1.4395e-06,2.0928
1.4396e-06,2.0086
1.4397e-06,2.0321
1.4398e-06,1.9646
1.4399e-06,2.1546
1.44e-06,1.9619
1.4401e-06,2.1151
1.4402e-06,1.9525
1.4403e-06,2.05
1.4404e-06,1.8881
1.4405e-06,2.0836
1.4406e-06,1.8975
1.4407e-06,2.0188
1.4408e-06,2.0024
1.4409e-06,2.0752
1.441e-06,1.9807
1.4411e-06,1.9565
1.4412e-06,1.8167
1.4413e-06,1.8183
1.4414e-06,1.8911
1.4415e-06,1.8099
1.4416e-06,1.8223
1.4417e-06,1.9022
1.4418e-06,1.9061
1.4419e-06,1.7305
1.442e-06,1.9922
1.4421e-06,1.8087
1.4422e-06,1.7247
1.4423e-06,1.7422
1.4424e-06,1.9956
1.4425e-06,1.7044
1.4426e-06,1.7042
1.4427e-06,1.7638
1.4428e-06,1.8635
1.4429e-06,1.8344
1.443e-06,1.8321
1.4431e-06,1.7224
1.4432e-06,1.8392
1.4433e-06,1.6837
1.4434e-06,1.7785
1.4435e-06,1.7983
1.4436e-06,1.7911
1.4437e-06,1.7935
1.4438e-06,1.7031
1.4439e-06,1.6375
1.444e-06,1.5049
1.4441e-06,1.6609
1.4442e-06,1.7609
1.4443e-06,1.5877
1.4444e-06,1.6102
1.4445e-06,1.844
1.4446e-06,1.6706
1.4447e-06,1.7497
1.4448e-06,1.785
1.4449e-06,1.6958
1.445e-06,1.5542
1.4451e-06,1.4915
1.4452e-06,1.3578
1.4453e-06,1.5271
1.4454e-06,1.6488
1.4455e-06,1.566
1.4456e-06,1.4872
1.4457e-06,1.4959
1.4458e-06,1.4544
1.4459e-06,1.6254
1.446e-06,1.5645
1.4461e-06,1.4699
1.4462e-06,1.5297
1.4463e-06,1.4666
1.4464e-06,1.5803
1.4465e-06,1.512
1.4466e-06,1.413
1.4467e-06,1.5882
1.4468e-06,1.4226
1.4469e-06,1.3253
1.447e-06,1.3738
1.4471e-06,1.4038
1.4472e-06,1.4958
1.4473e-06,1.415
1.4474e-06,1.2916
1.4475e-06,1.3859
1.4476e-06,1.2994
1.4477e-06,1.3092
1.4478e-06,1.2776
1.4479e-06,1.3478
1.448e-06,1.2706
1.4481e-06,1.2631
1.4482e-06,1.3573
1.4483e-06,1.2899
1.4484e-06,1.2409
1.4485e-06,1.3113
1.4486e-06,1.378
1.4487e-06,1.2305
1.4488e-06,1.3625
1.4489e-06,1.2867
1.449e-06,1.1673
1.4491e-06,1.1219
1.4492e-06,1.2094
1.4493e-06,1.304
1.4494e-06,1.3619
1.4495e-06,1.1938
1.4496e-06,1.2099
1.4497e-06,1.1302
1.4498e-06,1.1579
1.4499e-06,1.1005
1.45e-06,1.141
1.4501e-06,1.1664
1.4502e-06,1.1318
1.4503e-06,1.0603
1.4504e-06,1.0974
1.4505e-06,1.1469
1.4506e-06,0.94677
1.4507e-06,1.0797
1.4508e-06,1.2049
1.4509e-06,1.0259
1.451e-06,1.1123
1.4511e-06,0.99419
1.4512e-06,1.1634
1.4513e-06,0.99925
1.4514e-06,1.0491
1.4515e-06,1.0546
1.4516e-06,0.96754
1.4517e-06,0.98477
1.4518e-06,1.1227
1.4519e-06,1.0148
1.452e-06,0.90229
1.4521e-06,1.0668
1.4522e-06,0.88781
1.4523e-06,0.971
1.4524e-06,0.95618
1.4525e-06,1.0494
1.4526e-06,0.91918
1.4527e-06,0.97496
1.4528e-06,0.9233
1.4529e-06,0.79452
1.453e-06,1.1099
1.4531e-06,0.73941
1.4532e-06,0.75435
1.4533e-06,1.0061
1.4534e-06,0.93813
1.4535e-06,0.94319
1.4536e-06,0.79432
1.4537e-06,0.69122
1.4538e-06,0.83138
1.4539e-06,0.71894
1.454e-06,0.89455
1.4541e-06,0.81678
1.4542e-06,0.78519
1.4543e-06,0.87456
1.4544e-06,0.68587
1.4545e-06,0.73653
1.4546e-06,0.76869
1.4547e-06,0.89
1.4548e-06,0.67751
1.4549e-06,0.81257
1.455e-06,0.85499
1.4551e-06,0.83037
1.4552e-06,0.53967
1.4553e-06,0.58626
1.4554e-06,0.73359
1.4555e-06,0.83977
1.4556e-06,0.75723
1.4557e-06,0.72192
1.4558e-06,0.78909
1.4559e-06,0.64988
1.456e-06,0.56785
1.4561e-06,0.70615
1.4562e-06,0.65888
1.4563e-06,0.59092
1.4564e-06,0.60641
1.4565e-06,0.50643
1.4566e-06,0.5392
1.4567e-06,0.5142
1.4568e-06,0.55707
1.4569e-06,0.63985
1.457e-06,0.39245
1.4571e-06,0.49995
1.4572e-06,0.48978
1.4573e-06,0.43843
1.4574e-06,0.48486
1.4575e-06,0.46999
1.4576e-06,0.44083
1.4577e-06,0.45429
1.4578e-06,0.57318
1.4579e-06,0.40758
1.458e-06,0.42825
1.4581e-06,0.57391
1.4582e-06,0.21843
1.4583e-06,0.15428
1.4584e-06,0.48904
1.4585e-06,0.18949
1.4586e-06,0.31641
1.4587e-06,0.55581
1.4588e-06,0.41458
1.4589e-06,0.32693
1.459e-06,0.131
1.4591e-06,0.45432
1.4592e-06,0.29004
1.4593e-06,0.44749
1.4594e-06,0.1737
1.4595e-06,0.33557
1.4596e-06,0.41096
1.4597e-06,0.31542
1.4598e-06,0.28219
1.4599e-06,0.39901
1.46e-06,0.31781
1.4601e-06,0.19945
1.4602e-06,0.1167
1.4603e-06,0.33275
1.4604e-06,0.2063
1.4605e-06,0.21083
1.4606e-06,0.21917
1.4607e-06,0.1171
1.4608e-06,0.23939
1.4609e-06,0.093858
1.461e-06,0.085494
1.4611e-06,0.089198
1.4612e-06,0.15065
1.4613e-06,0.14831
1.4614e-06,0.026874
1.4615e-06,0.27298
1.4616e-06,0.18967
1.4617e-06,0.1455
1.4618e-06,0.09299
1.4619e-06,-0.0022626
1.462e-06,-0.068709
1.4621e-06,-0.079347
1.4622e-06,0.0075663
1.4623e-06,0.082078
1.4624e-06,0.22566
1.4625e-06,0.10467
1.4626e-06,-0.048872
1.4627e-06,0.061204
1.4628e-06,0.084749
1.4629e-06,-0.098558
1.463e-06,-0.16356
1.4631e-06,-0.064228
1.4632e-06,-0.22917
1.4633e-06,-0.048225
1.4634e-06,-0.016552
1.4635e-06,-0.18468
1.4636e-06,-0.10109
1.4637e-06,-0.29139
1.4638e-06,-0.19434
1.4639e-06,-0.13238
1.464e-06,-0.12279
1.4641e-06,-0.19453
1.4642e-06,-0.18142
1.4643e-06,-0.32794
1.4644e-06,-0.23574
1.4645e-06,-0.2274
1.4646e-06,-0.25224
1.4647e-06,-0.1337
1.4648e-06,-0.29092
1.4649e-06,-0.39834
1.465e-06,-0.30356
1.4651e-06,-0.19594
1.4652e-06,-0.25527
1.4653e-06,-0.31709
1.4654e-06,-0.082252
1.4655e-06,-0.21327
1.4656e-06,-0.391
1.4657e-06,-0.34419
1.4658e-06,-0.43034
1.4659e-06,-0.30797
1.466e-06,-0.35465
1.4661e-06,-0.40941
1.4662e-06,-0.43494
1.4663e-06,-0.43664
1.4664e-06,-0.4225
1.4665e-06,-0.45908
1.4666e-06,-0.56238
1.4667e-06,-0.51624
1.4668e-06,-0.40109
1.4669e-06,-0.46835
1.467e-06,-0.4855
1.4671e-06,-0.44353
1.4672e-06,-0.46584
1.4673e-06,-0.65224
1.4674e-06,-0.54854
1.4675e-06,-0.47202
1.4676e-06,-0.4169
1.4677e-06,-0.60338
1.4678e-06,-0.52899
1.4679e-06,-0.73573
1.468e-06,-0.61998
1.4681e-06,-0.58853
1.4682e-06,-0.46897
1.4683e-06,-0.53941
1.4684e-06,-0.70627
1.4685e-06,-0.60389
1.4686e-06,-0.8163
1.4687e-06,-0.79204
1.4688e-06,-0.79714
1.4689e-06,-0.72534
1.469e-06,-0.65971
1.4691e-06,-0.76835
1.4692e-06,-0.74189
1.4693e-06,-0.77167
1.4694e-06,-0.75233
1.4695e-06,-0.62323
1.4696e-06,-0.78846
1.4697e-06,-0.89147
1.4698e-06,-0.63493
1.4699e-06,-0.79668
1.47e-06,-0.91046
1.4701e-06,-0.84733
1.4702e-06,-0.87502
1.4703e-06,-0.77786
1.4704e-06,-0.89233
1.4705e-06,-0.93066
1.4706e-06,-0.88656
1.4707e-06,-1.0213
1.4708e-06,-0.96547
1.4709e-06,-0.88155
1.471e-06,-0.92479
1.4711e-06,-0.97317
1.4712e-06,-0.77607
1.4713e-06,-1.0221
1.4714e-06,-0.90262
1.4715e-06,-0.92269
1.4716e-06,-1.1448
1.4717e-06,-0.94411
1.4718e-06,-0.98634
1.4719e-06,-1.0323
1.472e-06,-1.0663
1.4721e-06,-0.92604
1.4722e-06,-1.0863
1.4723e-06,-1.119
1.4724e-06,-1.0892
1.4725e-06,-0.98754
1.4726e-06,-1.1424
1.4727e-06,-0.96827
1.4728e-06,-1.0584
1.4729e-06,-1.2059
1.473e-06,-1.0998
1.4731e-06,-1.2073
1.4732e-06,-1.0173
1.4733e-06,-1.2402
1.4734e-06,-1.1735
1.4735e-06,-1.1782
1.4736e-06,-1.3067
1.4737e-06,-1.1793
1.4738e-06,-1.3412
1.4739e-06,-0.92878
1.474e-06,-1.1519
1.4741e-06,-1.2244
1.4742e-06,-1.2294
1.4743e-06,-1.3855
1.4744e-06,-1.2519
1.4745e-06,-1.4133
1.4746e-06,-1.3074
1.4747e-06,-1.441
1.4748e-06,-1.2682
1.4749e-06,-1.4832
1.475e-06,-1.3725
1.4751e-06,-1.3385
1.4752e-06,-1.3467
1.4753e-06,-1.3925
1.4754e-06,-1.3088
1.4755e-06,-1.564
1.4756e-06,-1.4622
1.4757e-06,-1.4635
1.4758e-06,-1.5179
1.4759e-06,-1.4683
1.476e-06,-1.4857
1.4761e-06,-1.599
1.4762e-06,-1.4982
1.4763e-06,-1.5278
1.4764e-06,-1.4839
1.4765e-06,-1.3836
1.4766e-06,-1.5031
1.4767e-06,-1.6265
1.4768e-06,-1.7527
1.4769e-06,-1.5892
1.477e-06,-1.5336
1.4771e-06,-1.8001
1.4772e-06,-1.6307
1.4773e-06,-1.582
1.4774e-06,-1.625
1.4775e-06,-1.7009
1.4776e-06,-1.6801
1.4777e-06,-1.6698
1.4778e-06,-1.7972
1.4779e-06,-1.7521
1.478e-06,-1.6617
1.4781e-06,-1.748
1.4782e-06,-1.6239
1.4783e-06,-1.7603
1.4784e-06,-1.7395
1.4785e-06,-1.8065
1.4786e-06,-1.7756
1.4787e-06,-1.8853
1.4788e-06,-1.877
1.4789e-06,-1.936
1.479e-06,-1.9682
1.4791e-06,-1.879
1.4792e-06,-1.9354
1.4793e-06,-1.8674
1.4794e-06,-1.8612
1.4795e-06,-1.9626
1.4796e-06,-2.079
1.4797e-06,-1.9963
1.4798e-06,-1.9026
1.4799e-06,-1.9723
1.48e-06,-1.9231
1.4801e-06,-1.8519
1.4802e-06,-1.886
1.4803e-06,-2.0813
1.4804e-06,-2.0694
1.4805e-06,-2.0594
1.4806e-06,-1.905
1.4807e-06,-2.0914
1.4808e-06,-1.9347
1.4809e-06,-1.9115
1.481e-06,-2.2296
1.4811e-06,-2.2053
1.4812e-06,-2.2418
1.4813e-06,-2.1281
1.4814e-06,-2.1597
1.4815e-06,-1.9451
1.4816e-06,-2.2832
1.4817e-06,-2.1971
1.4818e-06,-2.1846
1.4819e-06,-2.0319
1.482e-06,-2.3786
1.4821e-06,-2.0689
1.4822e-06,-2.3092
1.4823e-06,-2.2832
1.4824e-06,-2.2993
1.4825e-06,-2.204
1.4826e-06,-2.224
1.4827e-06,-2.2965
1.4828e-06,-2.1626
1.4829e-06,-2.2699
1.483e-06,-2.3472
1.4831e-06,-2.5062
1.4832e-06,-2.4465
1.4833e-06,-2.4727
1.4834e-06,-2.3192
1.4835e-06,-2.3617
1.4836e-06,-2.4147
1.4837e-06,-2.302
1.4838e-06,-2.3286
1.4839e-06,-2.2314
1.484e-06,-2.5455
1.4841e-06,-2.4475
1.4842e-06,-2.5374
1.4843e-06,-2.5214
1.4844e-06,-2.4695
1.4845e-06,-2.4019
1.4846e-06,-2.5957
1.4847e-06,-2.4575
1.4848e-06,-2.6041
1.4849e-06,-2.7026
1.485e-06,-2.6372
1.4851e-06,-2.6083
1.4852e-06,-2.6281
1.4853e-06,-2.6091
1.4854e-06,-2.5586
1.4855e-06,-2.4769
1.4856e-06,-2.6044
1.4857e-06,-2.6895
1.4858e-06,-2.7997
1.4859e-06,-2.7171
1.486e-06,-2.5874
1.4861e-06,-2.6858
1.4862e-06,-2.8719
1.4863e-06,-2.7707
1.4864e-06,-2.9814
1.4865e-06,-2.8349
1.4866e-06,-2.68
1.4867e-06,-2.7134
1.4868e-06,-2.9335
1.4869e-06,-2.8771
1.487e-06,-2.8863
1.4871e-06,-2.9388
1.4872e-06,-2.9414
1.4873e-06,-2.9312
1.4874e-06,-2.8599
1.4875e-06,-2.9814
1.4876e-06,-2.9017
1.4877e-06,-3.0284
1.4878e-06,-3.0579
1.4879e-06,-3.023
1.488e-06,-3.0742
1.4881e-06,-2.9132
1.4882e-06,-3.0155
1.4883e-06,-3.0395
1.4884e-06,-3.1617
1.4885e-06,-3.0043
1.4886e-06,-3.1554
1.4887e-06,-3.037
1.4888e-06,-3.0503
1.4889e-06,-2.9883
1.489e-06,-3.2654
1.4891e-06,-3.2058
1.4892e-06,-3.3017
1.4893e-06,-3.3348
1.4894e-06,-3.3441
1.4895e-06,-3.2724
1.4896e-06,-3.3132
1.4897e-06,-3.1339
1.4898e-06,-3.4382
1.4899e-06,-3.1914
1.49e-06,-3.3713
1.4901e-06,-3.1951
1.4902e-06,-3.3044
1.4903e-06,-3.1758
1.4904e-06,-3.2518
1.4905e-06,-3.2159
1.4906e-06,-3.2518
1.4907e-06,-3.4042
1.4908e-06,-3.3404
1.4909e-06,-3.529
1.491e-06,-3.502
1.4911e-06,-3.4901
1.4912e-06,-3.4005
1.4913e-06,-3.4012
1.4914e-06,-3.4985
1.4915e-06,-3.3764
1.4916e-06,-3.4403
1.4917e-06,-3.3704
1.4918e-06,-3.5989
1.4919e-06,-3.6553
1.492e-06,-3.6326
1.4921e-06,-3.5033
1.4922e-06,-3.676
1.4923e-06,-3.6106
1.4924e-06,-3.5717
1.4925e-06,-3.6707
1.4926e-06,-3.704
1.4927e-06,-3.687
1.4928e-06,-3.6533
1.4929e-06,-3.6534
1.493e-06,-3.7273
1.4931e-06,-3.7562
1.4932e-06,-3.7652
1.4933e-06,-3.7582
1.4934e-06,-3.6549
1.4935e-06,-3.6704
1.4936e-06,-3.7432
1.4937e-06,-3.7428
1.4938e-06,-3.8816
1.4939e-06,-3.8099
1.494e-06,-3.7616
1.4941e-06,-3.8007
1.4942e-06,-4.0215
1.4943e-06,-3.9251
1.4944e-06,-3.844
1.4945e-06,-4.0646
1.4946e-06,-3.7727
1.4947e-06,-3.9482
1.4948e-06,-3.9276
1.4949e-06,-3.9762
1.495e-06,-4.0743
1.4951e-06,-3.942
1.4952e-06,-3.8184
1.4953e-06,-3.9597
1.4954e-06,-4.0839
1.4955e-06,-3.8828
1.4956e-06,-4.0985
1.4957e-06,-4.1312
1.4958e-06,-4.2249
1.4959e-06,-4.0697
1.496e-06,-4.097
1.4961e-06,-4.0154
1.4962e-06,-4.2111
1.4963e-06,-4.2819
1.4964e-06,-4.059
1.4965e-06,-4.2771
1.4966e-06,-4.3179
1.4967e-06,-4.1439
1.4968e-06,-4.2436
1.4969e-06,-4.3019
1.497e-06,-4.4108
1.4971e-06,-4.1735
1.4972e-06,-4.2326
1.4973e-06,-4.3281
1.4974e-06,-4.3226
1.4975e-06,-4.4814
1.4976e-06,-4.3642
1.4977e-06,-4.3531
1.4978e-06,-4.46
1.4979e-06,-4.6227
1.498e-06,-4.5724
1.4981e-06,-4.2583
1.4982e-06,-4.4742
1.4983e-06,-4.3307
1.4984e-06,-4.4003
1.4985e-06,-4.5024
1.4986e-06,-4.6046
1.4987e-06,-4.6016
1.4988e-06,-4.6026
1.4989e-06,-4.5557
1.499e-06,-4.6005
1.4991e-06,-4.7315
1.4992e-06,-4.621
1.4993e-06,-4.4643
1.4994e-06,-4.7719
1.4995e-06,-4.7324
1.4996e-06,-4.8647
1.4997e-06,-4.598
1.4998e-06,-4.6162
1.4999e-06,-4.7391
1.5e-06,-4.8126
1.5001e-06,-4.7915
1.5002e-06,-4.7033
1.5003e-06,-4.8908
1.5004e-06,-4.8713
1.5005e-06,-4.8594
1.5006e-06,-4.6517
1.5007e-06,-4.945
1.5008e-06,-4.923
1.5009e-06,-4.8502
1.501e-06,-4.8409
1.5011e-06,-4.8421
1.5012e-06,-4.9127
1.5013e-06,-4.867
1.5014e-06,-4.9272
1.5015e-06,-4.978
1.5016e-06,-5.0325
1.5017e-06,-5.0846
1.5018e-06,-5.1274
1.5019e-06,-5.0542
1.502e-06,-5.1861
1.5021e-06,-5.0008
1.5022e-06,-5.164
1.5023e-06,-5.2213
1.5024e-06,-5.0504
1.5025e-06,-5.2529
1.5026e-06,-5.1749
1.5027e-06,-5.1561
1.5028e-06,-5.1856
1.5029e-06,-5.2204
1.503e-06,-5.1704
1.5031e-06,-4.9482
1.5032e-06,-5.1463
1.5033e-06,-5.2934
1.5034e-06,-5.1496
1.5035e-06,-5.2379
1.5036e-06,-5.5071
1.5037e-06,-5.4272
1.5038e-06,-5.4785
1.5039e-06,-5.4818
1.504e-06,-5.513
1.5041e-06,-5.4207
1.5042e-06,-5.4004
1.5043e-06,-5.3821
1.5044e-06,-5.339
1.5045e-06,-5.2992
1.5046e-06,-5.3961
1.5047e-06,-5.4188
1.5048e-06,-5.5431
1.5049e-06,-5.4772
1.505e-06,-5.5892
1.5051e-06,-5.5077
1.5052e-06,-5.4803
1.5053e-06,-5.5014
1.5054e-06,-5.7311
1.5055e-06,-6.0113
1.5056e-06,-5.5875
1.5057e-06,-5.821
1.5058e-06,-5.632
1.5059e-06,-5.5367
1.506e-06,-5.7906
1.5061e-06,-5.6617
1.5062e-06,-5.6713
1.5063e-06,-5.6604
1.5064e-06,-5.9127
1.5065e-06,-5.8088
1.5066e-06,-5.8738
1.5067e-06,-5.6464
1.5068e-06,-5.9832
1.5069e-06,-6.1057
1.507e-06,-5.9749
1.5071e-06,-5.9246
1.5072e-06,-6.0275
1.5073e-06,-5.9217
1.5074e-06,-5.8676
1.5075e-06,-6.1133
1.5076e-06,-6.0718
1.5077e-06,-6.2085
1.5078e-06,-6.0201
1.5079e-06,-6.153
1.508e-06,-5.9403
1.5081e-06,-6.196
1.5082e-06,-6.0939
1.5083e-06,-6.0953
1.5084e-06,-6.2389
1.5085e-06,-6.165
1.5086e-06,-6.0925
1.5087e-06,-6.1915
1.5088e-06,-6.0772
1.5089e-06,-6.3336
1.509e-06,-6.2099
1.5091e-06,-6.3126
1.5092e-06,-6.3649
1.5093e-06,-6.2318
1.5094e-06,-6.3167
1.5095e-06,-6.1605
1.5096e-06,-6.3065
1.5097e-06,-6.2311
1.5098e-06,-6.5014
1.5099e-06,-6.4121
1.51e-06,-6.5681
1.5101e-06,-6.4331
1.5102e-06,-6.4726
1.5103e-06,-6.4532
1.5104e-06,-6.4934
1.5105e-06,-6.6752
1.5106e-06,-6.5456
1.5107e-06,-6.4994
1.5108e-06,-6.8161
1.5109e-06,-6.7111
1.511e-06,-6.8104
1.5111e-06,-6.5593
1.5112e-06,-6.6291
1.5113e-06,-6.8566
1.5114e-06,-6.6972
1.5115e-06,-6.6642
1.5116e-06,-6.7757
1.5117e-06,-6.8496
1.5118e-06,-6.7492
1.5119e-06,-6.8189
1.512e-06,-6.7739
1.5121e-06,-6.8154
1.5122e-06,-6.9168
1.5123e-06,-6.7677
1.5124e-06,-6.8439
1.5125e-06,-6.9201
1.5126e-06,-6.9019
1.5127e-06,-6.9449
1.5128e-06,-6.8493
1.5129e-06,-7.1507
1.513e-06,-6.8991
1.5131e-06,-6.934
1.5132e-06,-7.0517
1.5133e-06,-6.8457
1.5134e-06,-7.1127
1.5135e-06,-7.0439
1.5136e-06,-7.1913
1.5137e-06,-7.0939
1.5138e-06,-7.2397
1.5139e-06,-7.3031
1.514e-06,-7.1992
1.5141e-06,-7.3352
1.5142e-06,-7.2113
1.5143e-06,-7.1609
1.5144e-06,-7.2567
1.5145e-06,-7.3223
1.5146e-06,-7.4938
1.5147e-06,-7.382
1.5148e-06,-7.1535
1.5149e-06,-7.3025
1.515e-06,-7.5351
1.5151e-06,-7.4593
1.5152e-06,-7.324
1.5153e-06,-7.4768
1.5154e-06,-7.4297
1.5155e-06,-7.5539
1.5156e-06,-7.5169
1.5157e-06,-7.6009
1.5158e-06,-7.7427
1.5159e-06,-7.6054
1.516e-06,-7.6217
1.5161e-06,-7.6612
1.5162e-06,-7.5239
1.5163e-06,-7.8771
1.5164e-06,-7.7116
1.5165e-06,-7.6502
1.5166e-06,-7.7713
1.5167e-06,-7.7463
1.5168e-06,-7.615
1.5169e-06,-7.8248
1.517e-06,-7.9274
1.5171e-06,-7.7105
1.5172e-06,-8.0436
1.5173e-06,-7.7043
1.5174e-06,-7.7847
1.5175e-06,-7.7919
1.5176e-06,-7.8614
1.5177e-06,-7.9056
1.5178e-06,-7.7773
1.5179e-06,-7.8823
1.518e-06,-8.2055
1.5181e-06,-8.0008
1.5182e-06,-8.0219
1.5183e-06,-8.0986
1.5184e-06,-7.9085
1.5185e-06,-8.2409
1.5186e-06,-8.2605
1.5187e-06,-8.144
1.5188e-06,-8.0396
1.5189e-06,-8.2241
1.519e-06,-8.3637
1.5191e-06,-8.1839
1.5192e-06,-8.2356
1.5193e-06,-8.5045
1.5194e-06,-8.2492
1.5195e-06,-8.2079
1.5196e-06,-8.3379
1.5197e-06,-8.3782
1.5198e-06,-8.157
1.5199e-06,-8.5871
1.52e-06,-8.2088
1.5201e-06,-8.3146
1.5202e-06,-8.4623
1.5203e-06,-8.32
1.5204e-06,-8.5834
1.5205e-06,-8.3918
1.5206e-06,-8.5715
1.5207e-06,-8.5211
1.5208e-06,-8.4989
1.5209e-06,-8.3956
1.521e-06,-8.7259
1.5211e-06,-8.7418
1.5212e-06,-8.4837
1.5213e-06,-8.6816
1.5214e-06,-8.6985
1.5215e-06,-8.6187
1.5216e-06,-8.9078
1.5217e-06,-8.6346
1.5218e-06,-8.77
1.5219e-06,-8.6286
1.522e-06,-8.8343
1.5221e-06,-8.8287
1.5222e-06,-8.7879
1.5223e-06,-8.7766
1.5224e-06,-9.0273
1.5225e-06,-8.8504
1.5226e-06,-8.8909
1.5227e-06,-9.1787
1.5228e-06,-8.9915
1.5229e-06,-9.0566
1.523e-06,-8.8563
1.5231e-06,-9.0588
1.5232e-06,-9.1429
1.5233e-06,-9.0285
1.5234e-06,-9.2689
1.5235e-06,-9.092
1.5236e-06,-9.0307
1.5237e-06,-9.2214
1.5238e-06,-9.0818
1.5239e-06,-9.3989
1.524e-06,-9.159
1.5241e-06,-9.3712
1.5242e-06,-9.3837
1.5243e-06,-9.5335
1.5244e-06,-9.3763
1.5245e-06,-9.3002
1.5246e-06,-9.3613
1.5247e-06,-9.2061
1.5248e-06,-9.6256
1.5249e-06,-9.3085
1.525e-06,-9.401
1.5251e-06,-9.333
1.5252e-06,-9.5669
1.5253e-06,-9.5127
1.5254e-06,-9.5893
1.5255e-06,-9.5737
1.5256e-06,-9.4339
1.5257e-06,-9.4279
1.5258e-06,-9.6435
1.5259e-06,-9.7399
1.526e-06,-9.6206
1.5261e-06,-9.7025
1.5262e-06,-9.8869
1.5263e-06,-9.684
1.5264e-06,-9.855
1.5265e-06,-9.8121
1.5266e-06,-9.8366
1.5267e-06,-9.9996
1.5268e-06,-9.8522
1.5269e-06,-9.8105
1.527e-06,-9.9454
1.5271e-06,-9.9475
1.5272e-06,-9.855
1.5273e-06,-10.12
1.5274e-06,-10.05
1.5275e-06,-9.9986
1.5276e-06,-10.239
1.5277e-06,-10.05
1.5278e-06,-10.168
1.5279e-06,-9.9058
1.528e-06,-10.088
1.5281e-06,-10.176
1.5282e-06,-10.229
1.5283e-06,-10.05
1.5284e-06,-9.9661
1.5285e-06,-10.163
1.5286e-06,-10.45
1.5287e-06,-10.356
1.5288e-06,-10.422
1.5289e-06,-10.385
1.529e-06,-10.348
1.5291e-06,-10.294
1.5292e-06,-10.364
1.5293e-06,-10.507
1.5294e-06,-10.51
1.5295e-06,-10.403
1.5296e-06,-10.528
1.5297e-06,-10.614
1.5298e-06,-10.63
1.5299e-06,-10.681
1.53e-06,-10.432
1.5301e-06,-10.66
1.5302e-06,-10.68
1.5303e-06,-10.485
1.5304e-06,-10.755
1.5305e-06,-10.692
1.5306e-06,-10.697
1.5307e-06,-10.799
1.5308e-06,-10.874
1.5309e-06,-10.841
1.531e-06,-10.646
1.5311e-06,-10.846
1.5312e-06,-10.736
1.5313e-06,-10.993
1.5314e-06,-11.151
1.5315e-06,-10.951
1.5316e-06,-11.164
1.5317e-06,-11.081
1.5318e-06,-11.039
1.5319e-06,-11.174
1.532e-06,-11.154
1.5321e-06,-11.081
1.5322e-06,-11.174
1.5323e-06,-11.086
1.5324e-06,-11.171
1.5325e-06,-11.319
1.5326e-06,-10.969
1.5327e-06,-11.121
1.5328e-06,-11.154
1.5329e-06,-11.381
1.533e-06,-11.311
1.5331e-06,-11.521
1.5332e-06,-11.168
1.5333e-06,-11.561
1.5334e-06,-11.359
1.5335e-06,-11.451
1.5336e-06,-11.463
1.5337e-06,-11.535
1.5338e-06,-11.564
1.5339e-06,-11.433
1.534e-06,-11.434
1.5341e-06,-11.464
1.5342e-06,-11.587
1.5343e-06,-11.697
1.5344e-06,-11.716
1.5345e-06,-11.567
1.5346e-06,-11.811
1.5347e-06,-11.505
1.5348e-06,-11.648
1.5349e-06,-11.702
1.535e-06,-11.703
1.5351e-06,-11.793
1.5352e-06,-11.757
1.5353e-06,-11.691
1.5354e-06,-11.985
1.5355e-06,-11.703
1.5356e-06,-11.696
1.5357e-06,-11.786
1.5358e-06,-11.848
1.5359e-06,-11.928
1.536e-06,-11.814
1.5361e-06,-11.935
1.5362e-06,-11.918
1.5363e-06,-12.162
1.5364e-06,-11.987
1.5365e-06,-11.98
1.5366e-06,-12.046
1.5367e-06,-12.263
1.5368e-06,-12.123
1.5369e-06,-12.358
1.537e-06,-12.086
1.5371e-06,-12.263
1.5372e-06,-12.25
1.5373e-06,-12.182
1.5374e-06,-12.287
1.5375e-06,-12.415
1.5376e-06,-12.424
1.5377e-06,-12.4
1.5378e-06,-12.37
1.5379e-06,-12.442
1.538e-06,-12.335
1.5381e-06,-12.45
1.5382e-06,-12.47
1.5383e-06,-12.373
1.5384e-06,-12.586
1.5385e-06,-12.48
1.5386e-06,-12.424
1.5387e-06,-12.569
1.5388e-06,-12.557
1.5389e-06,-12.737
1.539e-06,-12.727
1.5391e-06,-12.797
1.5392e-06,-12.784
1.5393e-06,-12.49
1.5394e-06,-12.652
1.5395e-06,-12.793
1.5396e-06,-12.647
1.5397e-06,-12.693
1.5398e-06,-12.734
1.5399e-06,-12.796
1.54e-06,-12.758
1.5401e-06,-12.839
1.5402e-06,-12.923
1.5403e-06,-12.772
1.5404e-06,-12.96
1.5405e-06,-12.91
1.5406e-06,-12.888
1.5407e-06,-13.145
1.5408e-06,-12.762
1.5409e-06,-13.018
1.541e-06,-12.957
1.5411e-06,-12.79
1.5412e-06,-13.21
1.5413e-06,-13.07
1.5414e-06,-13.042
1.5415e-06,-13.006
1.5416e-06,-13.28
1.5417e-06,-13.123
1.5418e-06,-13.235
1.5419e-06,-13.081
1.542e-06,-13.288
1.5421e-06,-13.143
1.5422e-06,-13.346
1.5423e-06,-13.194
1.5424e-06,-13.323
1.5425e-06,-13.561
1.5426e-06,-13.315
1.5427e-06,-13.451
1.5428e-06,-13.345
1.5429e-06,-13.601
1.543e-06,-13.501
1.5431e-06,-13.249
1.5432e-06,-13.388
1.5433e-06,-13.568
1.5434e-06,-13.642
1.5435e-06,-13.55
1.5436e-06,-13.522
1.5437e-06,-13.384
1.5438e-06,-13.62
1.5439e-06,-13.619
1.544e-06,-13.618
1.5441e-06,-13.588
1.5442e-06,-13.523
1.5443e-06,-13.652
1.5444e-06,-13.633
1.5445e-06,-13.552
1.5446e-06,-13.555
1.5447e-06,-13.631
1.5448e-06,-13.604
1.5449e-06,-13.775
1.545e-06,-13.606
1.5451e-06,-13.722
1.5452e-06,-13.821
1.5453e-06,-13.719
1.5454e-06,-13.806
1.5455e-06,-13.764
1.5456e-06,-13.77
1.5457e-06,-13.713
1.5458e-06,-13.85
1.5459e-06,-14.033
1.546e-06,-13.695
1.5461e-06,-14.031
1.5462e-06,-13.517
1.5463e-06,-13.888
1.5464e-06,-13.923
1.5465e-06,-13.779
1.5466e-06,-13.839
1.5467e-06,-13.82
1.5468e-06,-13.905
1.5469e-06,-13.904
1.547e-06,-13.933
1.5471e-06,-13.811
1.5472e-06,-13.902
1.5473e-06,-13.912
1.5474e-06,-13.848
1.5475e-06,-13.941
1.5476e-06,-13.904
1.5477e-06,-14.014
1.5478e-06,-13.754
1.5479e-06,-14.18
1.548e-06,-13.93
1.5481e-06,-14.019
1.5482e-06,-14.173
1.5483e-06,-14.222
1.5484e-06,-14.066
1.5485e-06,-13.987
1.5486e-06,-14.123
1.5487e-06,-14.127
1.5488e-06,-13.866
1.5489e-06,-14.256
1.549e-06,-13.998
1.5491e-06,-14.123
1.5492e-06,-14.023
1.5493e-06,-14.17
1.5494e-06,-14.071
1.5495e-06,-14.116
1.5496e-06,-14.111
1.5497e-06,-13.825
1.5498e-06,-14.239
1.5499e-06,-14.104
1.55e-06,-14.122
1.5501e-06,-14.247
1.5502e-06,-14.18
1.5503e-06,-14.054
1.5504e-06,-14.137
1.5505e-06,-14.012
1.5506e-06,-14.032
1.5507e-06,-14.187
1.5508e-06,-14.486
1.5509e-06,-14.056
1.551e-06,-14.148
1.5511e-06,-14.271
1.5512e-06,-14.116
1.5513e-06,-14.078
1.5514e-06,-14.015
1.5515e-06,-14.124
1.5516e-06,-14.298
1.5517e-06,-14.141
1.5518e-06,-13.991
1.5519e-06,-14.133
1.552e-06,-14.192
1.5521e-06,-14.044
1.5522e-06,-13.97
1.5523e-06,-14.12
1.5524e-06,-14.365
1.5525e-06,-14.172
1.5526e-06,-14.244
1.5527e-06,-14.166
1.5528e-06,-14.182
1.5529e-06,-14.162
1.553e-06,-14.202
1.5531e-06,-14.228
1.5532e-06,-14.081
1.5533e-06,-14.151
1.5534e-06,-14.041
1.5535e-06,-14.078
1.5536e-06,-14.201
1.5537e-06,-14.019
1.5538e-06,-14.054
1.5539e-06,-14.183
1.554e-06,-14.137
1.5541e-06,-14.114
1.5542e-06,-14.042
1.5543e-06,-14.044
1.5544e-06,-14.164
1.5545e-06,-14.257
1.5546e-06,-13.92
1.5547e-06,-14.234
1.5548e-06,-13.988
1.5549e-06,-14.255
1.555e-06,-14.134
1.5551e-06,-14.125
1.5552e-06,-13.983
1.5553e-06,-14.15
1.5554e-06,-14.019
1.5555e-06,-13.911
1.5556e-06,-14.261
1.5557e-06,-14.123
1.5558e-06,-13.907
1.5559e-06,-14.027
1.556e-06,-13.816
1.5561e-06,-13.827
1.5562e-06,-13.878
1.5563e-06,-14.007
1.5564e-06,-13.836
1.5565e-06,-13.927
1.5566e-06,-13.664
1.5567e-06,-13.907
1.5568e-06,-13.986
1.5569e-06,-14.108
1.557e-06,-13.707
1.5571e-06,-13.674
1.5572e-06,-13.829
1.5573e-06,-13.945
1.5574e-06,-13.732
1.5575e-06,-13.897
1.5576e-06,-13.848
1.5577e-06,-13.771
1.5578e-06,-13.794
1.5579e-06,-13.797
1.558e-06,-13.752
1.5581e-06,-13.688
1.5582e-06,-13.87
1.5583e-06,-13.673
1.5584e-06,-13.807
1.5585e-06,-13.476
1.5586e-06,-13.559
1.5587e-06,-13.756
1.5588e-06,-13.604
1.5589e-06,-13.53
1.559e-06,-13.902
1.5591e-06,-13.678
1.5592e-06,-13.708
1.5593e-06,-13.695
1.5594e-06,-13.636
1.5595e-06,-13.607
1.5596e-06,-13.511
1.5597e-06,-13.329
1.5598e-06,-13.502
1.5599e-06,-13.454
1.56e-06,-13.332
1.5601e-06,-13.383
1.5602e-06,-13.557
1.5603e-06,-13.534
1.5604e-06,-13.362
1.5605e-06,-13.336
1.5606e-06,-13.467
1.5607e-06,-13.444
1.5608e-06,-13.378
1.5609e-06,-13.43
1.561e-06,-13.455
1.5611e-06,-13.29
1.5612e-06,-13.31
1.5613e-06,-13.308
1.5614e-06,-13.211
1.5615e-06,-13.208
1.5616e-06,-13.169
1.5617e-06,-13.354
1.5618e-06,-13.243
1.5619e-06,-13.084
1.562e-06,-13.246
1.5621e-06,-13.062
1.5622e-06,-13.045
1.5623e-06,-13.098
1.5624e-06,-13.018
1.5625e-06,-12.933
1.5626e-06,-12.934
1.5627e-06,-13.003
1.5628e-06,-12.932
1.5629e-06,-12.92
1.563e-06,-13.155
1.5631e-06,-12.974
1.5632e-06,-12.958
1.5633e-06,-12.948
1.5634e-06,-12.764
1.5635e-06,-12.939
1.5636e-06,-12.759
1.5637e-06,-12.764
1.5638e-06,-12.813
1.5639e-06,-12.726
1.564e-06,-12.63
1.5641e-06,-12.72
1.5642e-06,-12.558
1.5643e-06,-12.948
1.5644e-06,-12.668
1.5645e-06,-12.721
1.5646e-06,-12.787
1.5647e-06,-12.724
1.5648e-06,-12.591
1.5649e-06,-12.686
1.565e-06,-12.663
1.5651e-06,-12.643
1.5652e-06,-12.462
1.5653e-06,-12.719
1.5654e-06,-12.614
1.5655e-06,-12.45
1.5656e-06,-12.452
1.5657e-06,-12.582
1.5658e-06,-12.509
1.5659e-06,-12.59
1.566e-06,-12.465
1.5661e-06,-12.488
1.5662e-06,-12.286
1.5663e-06,-12.26
1.5664e-06,-12.147
1.5665e-06,-12.308
1.5666e-06,-12.453
1.5667e-06,-12.261
1.5668e-06,-12.18
1.5669e-06,-12.408
1.567e-06,-12.296
1.5671e-06,-12.35
1.5672e-06,-12.18
1.5673e-06,-12.041
1.5674e-06,-12.091
1.5675e-06,-12.15
1.5676e-06,-12.124
1.5677e-06,-12.196
1.5678e-06,-12.11
1.5679e-06,-12.019
1.568e-06,-12.06
1.5681e-06,-12.106
1.5682e-06,-11.944
1.5683e-06,-11.957
1.5684e-06,-11.889
1.5685e-06,-12.04
1.5686e-06,-12.003
1.5687e-06,-12.027
1.5688e-06,-11.753
1.5689e-06,-11.971
1.569e-06,-11.649
1.5691e-06,-11.959
1.5692e-06,-11.562
1.5693e-06,-11.66
1.5694e-06,-11.838
1.5695e-06,-11.874
1.5696e-06,-11.671
1.5697e-06,-11.831
1.5698e-06,-11.584
1.5699e-06,-11.674
1.57e-06,-11.61
1.5701e-06,-11.719
1.5702e-06,-11.508
1.5703e-06,-11.886
1.5704e-06,-11.365
1.5705e-06,-11.79
1.5706e-06,-11.535
1.5707e-06,-11.509
1.5708e-06,-11.466
1.5709e-06,-11.35
1.571e-06,-11.45
1.5711e-06,-11.576
1.5712e-06,-11.214
1.5713e-06,-11.418
1.5714e-06,-11.497
1.5715e-06,-11.446
1.5716e-06,-11.472
1.5717e-06,-11.55
1.5718e-06,-11.202
1.5719e-06,-11.5
1.572e-06,-11.241
1.5721e-06,-11.225
1.5722e-06,-11.371
1.5723e-06,-11.014
1.5724e-06,-11.271
1.5725e-06,-11.123
1.5726e-06,-11.088
1.5727e-06,-10.987
1.5728e-06,-11.186
1.5729e-06,-11.13
1.573e-06,-11.147
1.5731e-06,-11.192
1.5732e-06,-11.148
1.5733e-06,-11.113
1.5734e-06,-10.993
1.5735e-06,-11.127
1.5736e-06,-10.925
1.5737e-06,-10.867
1.5738e-06,-10.748
1.5739e-06,-10.969
1.574e-06,-10.981
1.5741e-06,-10.861
1.5742e-06,-10.977
1.5743e-06,-10.799
1.5744e-06,-10.748
1.5745e-06,-10.743
1.5746e-06,-10.734
1.5747e-06,-10.874
1.5748e-06,-10.819
1.5749e-06,-10.581
1.575e-06,-10.948
1.5751e-06,-10.445
1.5752e-06,-10.807
1.5753e-06,-10.528
1.5754e-06,-10.7
1.5755e-06,-10.456
1.5756e-06,-10.532
1.5757e-06,-10.65
1.5758e-06,-10.647
1.5759e-06,-10.255
1.576e-06,-10.533
1.5761e-06,-10.604
1.5762e-06,-10.448
1.5763e-06,-10.471
1.5764e-06,-10.219
1.5765e-06,-10.525
1.5766e-06,-10.479
1.5767e-06,-10.419
1.5768e-06,-10.382
1.5769e-06,-10.447
1.577e-06,-10.32
1.5771e-06,-10.306
1.5772e-06,-10.185
1.5773e-06,-10.275
1.5774e-06,-10.221
1.5775e-06,-10.19
1.5776e-06,-10.113
1.5777e-06,-10.018
1.5778e-06,-10.089
1.5779e-06,-9.9226
1.578e-06,-10.012
1.5781e-06,-9.8845
1.5782e-06,-10.064
1.5783e-06,-9.7599
1.5784e-06,-9.9677
1.5785e-06,-9.841
1.5786e-06,-10.052
1.5787e-06,-9.8401
1.5788e-06,-9.9835
1.5789e-06,-9.8237
1.579e-06,-9.9694
1.5791e-06,-9.4217
1.5792e-06,-9.6243
1.5793e-06,-10.197
1.5794e-06,-9.2772
1.5795e-06,-9.6397
1.5796e-06,-9.8156
1.5797e-06,-9.8631
1.5798e-06,-10.011
1.5799e-06,-9.6383
1.58e-06,-9.8007
1.5801e-06,-9.294
1.5802e-06,-9.5743
1.5803e-06,-9.5637
1.5804e-06,-9.4454
1.5805e-06,-9.3868
1.5806e-06,-9.8023
1.5807e-06,-9.6593
1.5808e-06,-9.7495
1.5809e-06,-9.6633
1.581e-06,-9.4929
1.5811e-06,-9.3541
1.5812e-06,-9.585
1.5813e-06,-9.4442
1.5814e-06,-9.736
1.5815e-06,-9.4899
1.5816e-06,-9.2682
1.5817e-06,-9.2189
1.5818e-06,-9.237
1.5819e-06,-9.2243
1.582e-06,-9.2681
1.5821e-06,-9.2454
1.5822e-06,-9.269
1.5823e-06,-9.638
1.5824e-06,-9.2736
1.5825e-06,-9.4248
1.5826e-06,-9.459
1.5827e-06,-9.2277
1.5828e-06,-9.0624
1.5829e-06,-9.1961
1.583e-06,-9.1871
1.5831e-06,-9.121
1.5832e-06,-9.0403
1.5833e-06,-9.0888
1.5834e-06,-9.1581
1.5835e-06,-9.0881
1.5836e-06,-8.9066
1.5837e-06,-8.9527
1.5838e-06,-9.0909
1.5839e-06,-8.9813
1.584e-06,-9.219
1.5841e-06,-9.2416
1.5842e-06,-8.874
1.5843e-06,-8.9623
1.5844e-06,-8.9647
1.5845e-06,-9.0305
1.5846e-06,-9.0614
1.5847e-06,-8.811
1.5848e-06,-8.6587
1.5849e-06,-8.7029
1.585e-06,-8.8962
1.5851e-06,-8.7805
1.5852e-06,-8.6205
1.5853e-06,-8.7868
1.5854e-06,-8.5253
1.5855e-06,-8.6102
1.5856e-06,-8.7976
1.5857e-06,-8.9936
1.5858e-06,-8.4692
1.5859e-06,-8.6838
1.586e-06,-8.4464
1.5861e-06,-8.4805
1.5862e-06,-9.0312
1.5863e-06,-8.2658
1.5864e-06,-8.3953
1.5865e-06,-8.7394
1.5866e-06,-8.5107
1.5867e-06,-8.419
1.5868e-06,-8.4685
1.5869e-06,-8.5482
1.587e-06,-8.4356
1.5871e-06,-8.4839
1.5872e-06,-8.4665
1.5873e-06,-8.1334
1.5874e-06,-8.304
1.5875e-06,-8.2799
1.5876e-06,-8.4123
1.5877e-06,-8.4331
1.5878e-06,-8.3698
1.5879e-06,-8.2617
1.588e-06,-8.1776
1.5881e-06,-8.2243
1.5882e-06,-8.3107
1.5883e-06,-8.0493
1.5884e-06,-8.0556
1.5885e-06,-8.1832
1.5886e-06,-8.0789
1.5887e-06,-7.9639
1.5888e-06,-8.2402
1.5889e-06,-8.1156
1.589e-06,-8.1135
1.5891e-06,-8.3421
1.5892e-06,-8.0923
1.5893e-06,-7.9702
1.5894e-06,-7.8379
1.5895e-06,-8.0616
1.5896e-06,-8.3059
1.5897e-06,-7.937
1.5898e-06,-7.806
1.5899e-06,-7.9308
1.59e-06,-7.9373
1.5901e-06,-7.994
1.5902e-06,-7.809
1.5903e-06,-7.7822
1.5904e-06,-7.8372
1.5905e-06,-7.7709
1.5906e-06,-7.8948
1.5907e-06,-7.6953
1.5908e-06,-7.8515
1.5909e-06,-7.8726
1.591e-06,-7.8334
1.5911e-06,-7.715
1.5912e-06,-8.0047
1.5913e-06,-7.942
1.5914e-06,-7.8899
1.5915e-06,-7.7183
1.5916e-06,-7.6295
1.5917e-06,-7.6643
1.5918e-06,-7.5606
1.5919e-06,-7.5143
1.592e-06,-7.4682
1.5921e-06,-7.7243
1.5922e-06,-7.5975
1.5923e-06,-7.6955
1.5924e-06,-7.5208
1.5925e-06,-7.4306
1.5926e-06,-7.6957
1.5927e-06,-7.5233
1.5928e-06,-7.2487
1.5929e-06,-7.6108
1.593e-06,-7.4637
1.5931e-06,-7.3524
1.5932e-06,-7.4639
1.5933e-06,-7.3074
1.5934e-06,-7.3432
1.5935e-06,-7.2895
1.5936e-06,-7.3688
1.5937e-06,-7.3422
1.5938e-06,-7.2389
1.5939e-06,-7.4892
1.594e-06,-7.4246
1.5941e-06,-7.197
1.5942e-06,-7.3459
1.5943e-06,-7.279
1.5944e-06,-7.4084
1.5945e-06,-7.1817
1.5946e-06,-7.205
1.5947e-06,-7.162
1.5948e-06,-7.2061
1.5949e-06,-7.2893
1.595e-06,-7.2371
1.5951e-06,-7.4018
1.5952e-06,-7.0978
1.5953e-06,-7.1586
1.5954e-06,-6.9395
1.5955e-06,-7.0149
1.5956e-06,-7.0191
1.5957e-06,-7.0483
1.5958e-06,-7.1284
1.5959e-06,-6.8153
1.596e-06,-7.1434
1.5961e-06,-7.0503
1.5962e-06,-6.9617
1.5963e-06,-7.0173
1.5964e-06,-6.9698
1.5965e-06,-6.8903
1.5966e-06,-6.8284
1.5967e-06,-6.9657
1.5968e-06,-6.985
1.5969e-06,-6.9548
1.597e-06,-6.7555
1.5971e-06,-6.7046
1.5972e-06,-6.8742
1.5973e-06,-6.9996
1.5974e-06,-6.8259
1.5975e-06,-6.673
1.5976e-06,-6.9728
1.5977e-06,-6.8797
1.5978e-06,-6.6133
1.5979e-06,-6.8515
1.598e-06,-6.8476
1.5981e-06,-6.7315
1.5982e-06,-6.8104
1.5983e-06,-6.7753
1.5984e-06,-6.6628
1.5985e-06,-6.7685
1.5986e-06,-6.806
1.5987e-06,-6.6973
1.5988e-06,-6.7478
1.5989e-06,-6.6066
1.599e-06,-6.4399
1.5991e-06,-6.6612
1.5992e-06,-6.4113
1.5993e-06,-6.3999
1.5994e-06,-6.644
1.5995e-06,-6.3481
1.5996e-06,-6.5331
1.5997e-06,-6.4522
1.5998e-06,-6.4789
1.5999e-06,-6.6884
1.6e-06,-6.4143
1.6001e-06,-6.3157
1.6002e-06,-6.6979
1.6003e-06,-6.6913
1.6004e-06,-6.472
1.6005e-06,-6.142
1.6006e-06,-6.4359
1.6007e-06,-6.4881
1.6008e-06,-6.4884
1.6009e-06,-6.3696
1.601e-06,-6.5229
1.6011e-06,-6.6524
1.6012e-06,-6.2606
1.6013e-06,-6.3821
1.6014e-06,-6.3218
1.6015e-06,-6.2455
1.6016e-06,-6.1522
1.6017e-06,-6.3596
1.6018e-06,-6.1741
1.6019e-06,-6.159
1.602e-06,-6.212
1.6021e-06,-6.3094
1.6022e-06,-6.2241
1.6023e-06,-6.1566
1.6024e-06,-6.3381
1.6025e-06,-6.1979
1.6026e-06,-6.3651
1.6027e-06,-6.2659
1.6028e-06,-6.2727
1.6029e-06,-5.996
1.603e-06,-6.3084
1.6031e-06,-6.2047
1.6032e-06,-5.9416
1.6033e-06,-5.9918
1.6034e-06,-6.1741
1.6035e-06,-6.2787
1.6036e-06,-6.1546
1.6037e-06,-5.9213
1.6038e-06,-5.9878
1.6039e-06,-6.1227
1.604e-06,-5.8695
1.6041e-06,-5.8381
1.6042e-06,-6.0179
1.6043e-06,-5.8671
1.6044e-06,-6.1138
1.6045e-06,-6.0284
1.6046e-06,-5.8136
1.6047e-06,-5.8338
1.6048e-06,-5.9137
1.6049e-06,-5.8085
1.605e-06,-5.6998
1.6051e-06,-5.6342
1.6052e-06,-5.8302
1.6053e-06,-5.912
1.6054e-06,-5.8568
1.6055e-06,-5.7646
1.6056e-06,-5.7716
1.6057e-06,-5.5927
1.6058e-06,-5.7226
1.6059e-06,-6.0149
1.606e-06,-5.7612
1.6061e-06,-5.6765
1.6062e-06,-5.7332
1.6063e-06,-5.6865
1.6064e-06,-5.7273
1.6065e-06,-5.8113
1.6066e-06,-5.5619
1.6067e-06,-5.5699
1.6068e-06,-5.2831
1.6069e-06,-5.5044
1.607e-06,-5.7022
1.6071e-06,-5.7687
1.6072e-06,-5.3785
1.6073e-06,-5.5232
1.6074e-06,-5.4823
1.6075e-06,-5.4455
1.6076e-06,-5.7096
1.6077e-06,-5.4832
1.6078e-06,-5.3013
1.6079e-06,-5.3449
1.608e-06,-5.3564
1.6081e-06,-5.2764
1.6082e-06,-5.5153
1.6083e-06,-5.5561
1.6084e-06,-5.3789
1.6085e-06,-5.2168
1.6086e-06,-5.4788
1.6087e-06,-5.3873
1.6088e-06,-5.6331
1.6089e-06,-5.5955
1.609e-06,-5.499
1.6091e-06,-5.32
1.6092e-06,-5.2681
1.6093e-06,-5.4763
1.6094e-06,-5.3582
1.6095e-06,-5.171
1.6096e-06,-5.1069
1.6097e-06,-5.3971
1.6098e-06,-5.3992
1.6099e-06,-5.2747
1.61e-06,-5.5403
1.6101e-06,-5.4238
1.6102e-06,-5.067
1.6103e-06,-5.0879
1.6104e-06,-5.3566
1.6105e-06,-5.3742
1.6106e-06,-5.17
1.6107e-06,-5.3372
1.6108e-06,-5.0528
1.6109e-06,-5.0736
1.611e-06,-5.1531
1.6111e-06,-5.4818
1.6112e-06,-4.9857
1.6113e-06,-5.1768
1.6114e-06,-4.9386
1.6115e-06,-5.2354
1.6116e-06,-5.0802
1.6117e-06,-5.1951
1.6118e-06,-5.1149
1.6119e-06,-5.2922
1.612e-06,-4.9208
1.6121e-06,-5.0289
1.6122e-06,-5.1257
1.6123e-06,-5.0339
1.6124e-06,-4.7407
1.6125e-06,-4.9292
1.6126e-06,-4.8001
1.6127e-06,-4.8396
1.6128e-06,-4.9683
1.6129e-06,-4.9551
1.613e-06,-4.9374
1.6131e-06,-4.8165
1.6132e-06,-4.8993
1.6133e-06,-4.9128
1.6134e-06,-4.9887
1.6135e-06,-4.9592
1.6136e-06,-4.7251
1.6137e-06,-4.8547
1.6138e-06,-4.7611
1.6139e-06,-4.8698
1.614e-06,-5.0073
1.6141e-06,-4.6915
1.6142e-06,-4.8687
1.6143e-06,-4.6413
1.6144e-06,-4.7392
1.6145e-06,-4.796
1.6146e-06,-4.6909
1.6147e-06,-4.6157
1.6148e-06,-4.6646
1.6149e-06,-4.9341
1.615e-06,-4.8219
1.6151e-06,-4.7287
1.6152e-06,-4.6731
1.6153e-06,-4.7775
1.6154e-06,-4.6006
1.6155e-06,-4.5332
1.6156e-06,-4.6263
1.6157e-06,-4.5322
1.6158e-06,-4.6921
1.6159e-06,-4.8958
1.616e-06,-4.6572
1.6161e-06,-4.7369
1.6162e-06,-4.7617
1.6163e-06,-4.4666
1.6164e-06,-4.5919
1.6165e-06,-4.5033
1.6166e-06,-4.4143
1.6167e-06,-4.4537
1.6168e-06,-4.4929
1.6169e-06,-4.6924
1.617e-06,-4.5198
1.6171e-06,-4.524
1.6172e-06,-4.3815
1.6173e-06,-4.3016
1.6174e-06,-4.3808
1.6175e-06,-4.6463
1.6176e-06,-4.3839
1.6177e-06,-4.503
1.6178e-06,-4.6481
1.6179e-06,-4.3737
1.618e-06,-4.3171
1.6181e-06,-4.469
1.6182e-06,-4.1701
1.6183e-06,-4.4508
1.6184e-06,-4.2759
1.6185e-06,-4.3052
1.6186e-06,-4.4349
1.6187e-06,-4.3842
1.6188e-06,-4.1668
1.6189e-06,-4.5884
1.619e-06,-4.0476
1.6191e-06,-4.1367
1.6192e-06,-4.328
1.6193e-06,-4.2992
1.6194e-06,-4.126
1.6195e-06,-4.3196
1.6196e-06,-4.0125
1.6197e-06,-4.3538
1.6198e-06,-4.2797
1.6199e-06,-4.2734
1.62e-06,-4.1705
1.6201e-06,-4.3297
1.6202e-06,-4.0533
1.6203e-06,-4.0936
1.6204e-06,-4.0433
1.6205e-06,-4.265
1.6206e-06,-4.1593
1.6207e-06,-4.3833
1.6208e-06,-4.1894
1.6209e-06,-4.054
1.621e-06,-4.3326
1.6211e-06,-4.1333
1.6212e-06,-4.2042
1.6213e-06,-4.1237
1.6214e-06,-3.9574
1.6215e-06,-4.0251
1.6216e-06,-4.0256
1.6217e-06,-4.2271
1.6218e-06,-3.9056
1.6219e-06,-4.0691
1.622e-06,-3.9945
1.6221e-06,-3.8751
1.6222e-06,-4.0228
1.6223e-06,-4.0648
1.6224e-06,-3.994
1.6225e-06,-4.0428
1.6226e-06,-4.1246
1.6227e-06,-3.6892
1.6228e-06,-4.0114
1.6229e-06,-3.977
1.623e-06,-3.7149
1.6231e-06,-3.9781
1.6232e-06,-3.9064
1.6233e-06,-3.8666
1.6234e-06,-3.8016
1.6235e-06,-3.7079
1.6236e-06,-3.6418
1.6237e-06,-3.8726
1.6238e-06,-4.0889
1.6239e-06,-3.7905
1.624e-06,-3.909
1.6241e-06,-3.8933
1.6242e-06,-4.0603
1.6243e-06,-3.788
1.6244e-06,-3.5996
1.6245e-06,-3.9581
1.6246e-06,-3.8188
1.6247e-06,-3.7733
1.6248e-06,-3.6074
1.6249e-06,-3.7377
1.625e-06,-3.9011
1.6251e-06,-3.8477
1.6252e-06,-3.9604
1.6253e-06,-3.6584
1.6254e-06,-3.6214
1.6255e-06,-3.8822
1.6256e-06,-3.8661
1.6257e-06,-3.4971
1.6258e-06,-3.7001
1.6259e-06,-3.7162
1.626e-06,-3.6349
1.6261e-06,-3.702
1.6262e-06,-3.6992
1.6263e-06,-3.7461
1.6264e-06,-3.4139
1.6265e-06,-3.5823
1.6266e-06,-3.5958
1.6267e-06,-3.3736
1.6268e-06,-3.3494
1.6269e-06,-3.6973
1.627e-06,-3.431
1.6271e-06,-3.7743
1.6272e-06,-3.554
1.6273e-06,-3.4223
1.6274e-06,-3.3265
1.6275e-06,-3.6761
1.6276e-06,-3.4204
1.6277e-06,-3.3438
1.6278e-06,-3.6594
1.6279e-06,-3.3287
1.628e-06,-3.3974
1.6281e-06,-3.5368
1.6282e-06,-3.2267
1.6283e-06,-3.7476
1.6284e-06,-3.4589
1.6285e-06,-3.3652
1.6286e-06,-3.5857
1.6287e-06,-3.355
1.6288e-06,-3.4975
1.6289e-06,-3.3512
1.629e-06,-3.4358
1.6291e-06,-3.6579
1.6292e-06,-3.2987
1.6293e-06,-3.5088
1.6294e-06,-3.1903
1.6295e-06,-3.3506
1.6296e-06,-3.3465
1.6297e-06,-3.5331
1.6298e-06,-3.347
1.6299e-06,-3.4127
1.63e-06,-3.3404
1.6301e-06,-3.2167
1.6302e-06,-3.1314
1.6303e-06,-3.1962
1.6304e-06,-3.3227
1.6305e-06,-3.1551
1.6306e-06,-3.366
1.6307e-06,-3.2102
1.6308e-06,-3.3748
1.6309e-06,-3.1639
1.631e-06,-3.2833
1.6311e-06,-3.1515
1.6312e-06,-3.2026
1.6313e-06,-3.006
1.6314e-06,-3.2332
1.6315e-06,-3.134
1.6316e-06,-3.5169
1.6317e-06,-3.2241
1.6318e-06,-3.302
1.6319e-06,-3.157
1.632e-06,-3.2005
1.6321e-06,-3.1408
1.6322e-06,-3.0269
1.6323e-06,-3.2426
1.6324e-06,-3.1092
1.6325e-06,-2.8068
1.6326e-06,-3.2911
1.6327e-06,-3.2614
1.6328e-06,-2.952
1.6329e-06,-3.0469
1.633e-06,-2.9774
1.6331e-06,-3.3077
1.6332e-06,-3.0537
1.6333e-06,-3.0206
1.6334e-06,-2.9483
1.6335e-06,-3.0044
1.6336e-06,-2.938
1.6337e-06,-2.7348
1.6338e-06,-2.7879
1.6339e-06,-3.0892
1.634e-06,-2.8913
1.6341e-06,-2.9581
1.6342e-06,-2.8738
1.6343e-06,-3.1389
1.6344e-06,-2.9832
1.6345e-06,-2.624
1.6346e-06,-3.0149
1.6347e-06,-2.8705
1.6348e-06,-2.683
1.6349e-06,-3.0049
1.635e-06,-2.7593
1.6351e-06,-2.9637
1.6352e-06,-2.8486
1.6353e-06,-2.7923
1.6354e-06,-2.817
1.6355e-06,-3.0433
1.6356e-06,-2.8553
1.6357e-06,-2.9658
1.6358e-06,-2.8313
1.6359e-06,-2.8114
1.636e-06,-2.6973
1.6361e-06,-2.9479
1.6362e-06,-2.9186
1.6363e-06,-2.799
1.6364e-06,-2.578
1.6365e-06,-2.6474
1.6366e-06,-2.9737
1.6367e-06,-2.6557
1.6368e-06,-2.5246
1.6369e-06,-2.6457
1.637e-06,-2.8828
1.6371e-06,-2.9208
1.6372e-06,-2.4686
1.6373e-06,-2.8253
1.6374e-06,-2.8401
1.6375e-06,-2.7685
1.6376e-06,-2.8076
1.6377e-06,-2.6758
1.6378e-06,-2.5265
1.6379e-06,-2.4954
1.638e-06,-2.6314
1.6381e-06,-2.6432
1.6382e-06,-2.6763
1.6383e-06,-2.514
1.6384e-06,-2.5815
1.6385e-06,-2.501
1.6386e-06,-2.3942
1.6387e-06,-2.5231
1.6388e-06,-2.5154
1.6389e-06,-2.3856
1.639e-06,-2.5651
1.6391e-06,-2.6008
1.6392e-06,-2.5544
1.6393e-06,-2.6495
1.6394e-06,-2.6281
1.6395e-06,-2.4821
1.6396e-06,-2.4646
1.6397e-06,-2.5084
1.6398e-06,-2.646
1.6399e-06,-2.4072
1.64e-06,-2.5387
1.6401e-06,-2.6776
1.6402e-06,-2.4574
1.6403e-06,-2.2978
1.6404e-06,-2.5544
1.6405e-06,-2.1565
1.6406e-06,-2.5714
1.6407e-06,-2.5531
1.6408e-06,-2.6488
1.6409e-06,-2.4538
1.641e-06,-2.2688
1.6411e-06,-2.4072
1.6412e-06,-2.2385
1.6413e-06,-2.397
1.6414e-06,-2.5742
1.6415e-06,-2.3467
1.6416e-06,-2.619
1.6417e-06,-2.4662
1.6418e-06,-2.2776
1.6419e-06,-2.2887
1.642e-06,-2.5181
1.6421e-06,-2.3562
1.6422e-06,-2.3947
1.6423e-06,-2.202
1.6424e-06,-2.2275
1.6425e-06,-2.2588
1.6426e-06,-2.1281
1.6427e-06,-2.1866
1.6428e-06,-2.3396
1.6429e-06,-1.9693
1.643e-06,-2.3075
1.6431e-06,-2.4979
1.6432e-06,-2.4495
1.6433e-06,-2.247
1.6434e-06,-2.5462
1.6435e-06,-2.4107
1.6436e-06,-2.1601
1.6437e-06,-2.1226
1.6438e-06,-2.2617
1.6439e-06,-2.1895
1.644e-06,-2.1288
1.6441e-06,-2.2348
1.6442e-06,-2.065
1.6443e-06,-2.4398
1.6444e-06,-2.2389
1.6445e-06,-1.9823
1.6446e-06,-2.1686
1.6447e-06,-2.2226
1.6448e-06,-1.9549
1.6449e-06,-2.4186
1.645e-06,-2.1159
1.6451e-06,-2.1344
1.6452e-06,-2.4347
1.6453e-06,-2.0579
1.6454e-06,-2.1471
1.6455e-06,-2.0429
1.6456e-06,-2.1164
1.6457e-06,-2.1943
1.6458e-06,-1.839
1.6459e-06,-2.4117
1.646e-06,-2.063
1.6461e-06,-2.3152
1.6462e-06,-2.0162
1.6463e-06,-2.2992
1.6464e-06,-1.9948
1.6465e-06,-2.3179
1.6466e-06,-1.9705
1.6467e-06,-2.0823
1.6468e-06,-2.1153
1.6469e-06,-2.0425
1.647e-06,-2.0016
1.6471e-06,-2.0597
1.6472e-06,-2.102
1.6473e-06,-1.8901
1.6474e-06,-2.1077
1.6475e-06,-2.0068
1.6476e-06,-1.9098
1.6477e-06,-1.9811
1.6478e-06,-1.6569
1.6479e-06,-2.0402
1.648e-06,-2.1101
1.6481e-06,-2.0689
1.6482e-06,-1.9109
1.6483e-06,-2.0183
1.6484e-06,-1.9445
1.6485e-06,-2.1026
1.6486e-06,-1.6525
1.6487e-06,-1.9707
1.6488e-06,-1.834
1.6489e-06,-1.6009
1.649e-06,-1.8321
1.6491e-06,-1.6926
1.6492e-06,-1.784
1.6493e-06,-1.629
1.6494e-06,-1.5326
1.6495e-06,-1.8621
1.6496e-06,-1.7755
1.6497e-06,-1.8028
1.6498e-06,-1.9613
1.6499e-06,-1.8007
1.65e-06,-1.6964
