1.35e-06,7.3432
1.3501e-06,7.4798
1.3502e-06,7.481
1.3503e-06,7.4719
1.3504e-06,7.333
1.3505e-06,7.3773
1.3506e-06,7.427
1.3507e-06,7.3881
1.3508e-06,7.4502
1.3509e-06,7.3618
1.351e-06,7.533
1.3511e-06,7.401
1.3512e-06,7.4717
1.3513e-06,7.4063
1.3514e-06,7.479
1.3515e-06,7.3916
1.3516e-06,7.3888
1.3517e-06,7.3872
1.3518e-06,7.4965
1.3519e-06,7.4091
1.352e-06,7.2623
1.3521e-06,7.4026
1.3522e-06,7.3914
1.3523e-06,7.3381
1.3524e-06,7.2106
1.3525e-06,7.2751
1.3526e-06,7.2047
1.3527e-06,7.2883
1.3528e-06,7.1657
1.3529e-06,7.2456
1.353e-06,7.393
1.3531e-06,7.1864
1.3532e-06,7.1742
1.3533e-06,7.2768
1.3534e-06,7.2159
1.3535e-06,7.2906
1.3536e-06,7.379
1.3537e-06,7.3524
1.3538e-06,7.285
1.3539e-06,7.2051
1.354e-06,7.3631
1.3541e-06,7.2712
1.3542e-06,7.1389
1.3543e-06,7.2389
1.3544e-06,7.2992
1.3545e-06,7.2635
1.3546e-06,7.1592
1.3547e-06,7.2889
1.3548e-06,7.2752
1.3549e-06,7.1618
1.355e-06,7.1515
1.3551e-06,7.1796
1.3552e-06,7.068
1.3553e-06,7.1174
1.3554e-06,7.0627
1.3555e-06,7.1693
1.3556e-06,7.1439
1.3557e-06,7.1981
1.3558e-06,7.1796
1.3559e-06,7.1507
1.356e-06,7.2096
1.3561e-06,7.1745
1.3562e-06,7.1947
1.3563e-06,7.1761
1.3564e-06,7.0619
1.3565e-06,7.2322
1.3566e-06,7.2009
1.3567e-06,7.1432
1.3568e-06,7.2086
1.3569e-06,7.1132
1.357e-06,7.2298
1.3571e-06,7.1201
1.3572e-06,7.0275
1.3573e-06,7.0274
1.3574e-06,7.1469
1.3575e-06,7.1526
1.3576e-06,7.0408
1.3577e-06,7.1602
1.3578e-06,7.1167
1.3579e-06,7.2286
1.358e-06,7.0661
1.3581e-06,7.1391
1.3582e-06,7.1467
1.3583e-06,7.1293
1.3584e-06,7.0156
1.3585e-06,7.1285
1.3586e-06,7.0333
1.3587e-06,7.0194
1.3588e-06,7.0458
1.3589e-06,6.9788
1.359e-06,6.979
1.3591e-06,6.9979
1.3592e-06,6.9497
1.3593e-06,7.0044
1.3594e-06,7.0768
1.3595e-06,6.9391
1.3596e-06,7.0221
1.3597e-06,7.0515
1.3598e-06,6.9541
1.3599e-06,7.1409
1.36e-06,7.0926
1.3601e-06,6.9504
1.3602e-06,6.8932
1.3603e-06,6.8854
1.3604e-06,7.0515
1.3605e-06,6.9536
1.3606e-06,6.9464
1.3607e-06,6.9635
1.3608e-06,6.9162
1.3609e-06,7.0603
1.361e-06,6.8846
1.3611e-06,6.8951
1.3612e-06,6.8586
1.3613e-06,6.927
1.3614e-06,6.9069
1.3615e-06,6.8954
1.3616e-06,6.812
1.3617e-06,6.8698
1.3618e-06,6.7963
1.3619e-06,6.9145
1.362e-06,6.8835
1.3621e-06,6.935
1.3622e-06,6.8228
1.3623e-06,6.8246
1.3624e-06,6.9263
1.3625e-06,6.9794
1.3626e-06,6.7627
1.3627e-06,6.8804
1.3628e-06,6.9622
1.3629e-06,6.815
1.363e-06,6.9151
1.3631e-06,6.9303
1.3632e-06,6.8817
1.3633e-06,6.9779
1.3634e-06,6.8065
1.3635e-06,6.9121
1.3636e-06,6.8158
1.3637e-06,6.9386
1.3638e-06,6.8427
1.3639e-06,6.8537
1.364e-06,6.8574
1.3641e-06,6.7925
1.3642e-06,6.896
1.3643e-06,6.8959
1.3644e-06,6.7828
1.3645e-06,6.7372
1.3646e-06,6.6669
1.3647e-06,6.6894
1.3648e-06,6.7106
1.3649e-06,6.806
1.365e-06,6.7758
1.3651e-06,6.7269
1.3652e-06,6.8515
1.3653e-06,6.7079
1.3654e-06,6.7283
1.3655e-06,6.8711
1.3656e-06,6.6602
1.3657e-06,6.6503
1.3658e-06,6.6267
1.3659e-06,6.6867
1.366e-06,6.825
1.3661e-06,6.7863
1.3662e-06,6.7115
1.3663e-06,6.8493
1.3664e-06,6.8121
1.3665e-06,6.7714
1.3666e-06,6.7478
1.3667e-06,6.6853
1.3668e-06,6.6033
1.3669e-06,6.7662
1.367e-06,6.6302
1.3671e-06,6.6704
1.3672e-06,6.7591
1.3673e-06,6.5958
1.3674e-06,6.5348
1.3675e-06,6.5977
1.3676e-06,6.5878
1.3677e-06,6.73
1.3678e-06,6.7142
1.3679e-06,6.6513
1.368e-06,6.6091
1.3681e-06,6.6273
1.3682e-06,6.5985
1.3683e-06,6.7259
1.3684e-06,6.6308
1.3685e-06,6.592
1.3686e-06,6.5754
1.3687e-06,6.453
1.3688e-06,6.6659
1.3689e-06,6.6517
1.369e-06,6.6246
1.3691e-06,6.4896
1.3692e-06,6.5101
1.3693e-06,6.5551
1.3694e-06,6.5348
1.3695e-06,6.5687
1.3696e-06,6.5751
1.3697e-06,6.5866
1.3698e-06,6.631
1.3699e-06,6.5398
1.37e-06,6.5795
1.3701e-06,6.6016
1.3702e-06,6.6836
1.3703e-06,6.605
1.3704e-06,6.4431
1.3705e-06,6.5514
1.3706e-06,6.5655
1.3707e-06,6.5941
1.3708e-06,6.459
1.3709e-06,6.4431
1.371e-06,6.5367
1.3711e-06,6.5375
1.3712e-06,6.4013
1.3713e-06,6.4114
1.3714e-06,6.3654
1.3715e-06,6.4943
1.3716e-06,6.5313
1.3717e-06,6.4703
1.3718e-06,6.4897
1.3719e-06,6.5328
1.372e-06,6.3968
1.3721e-06,6.4767
1.3722e-06,6.266
1.3723e-06,6.4549
1.3724e-06,6.3983
1.3725e-06,6.414
1.3726e-06,6.4463
1.3727e-06,6.213
1.3728e-06,6.3738
1.3729e-06,6.3825
1.373e-06,6.3086
1.3731e-06,6.3529
1.3732e-06,6.36
1.3733e-06,6.3646
1.3734e-06,6.4496
1.3735e-06,6.3582
1.3736e-06,6.3467
1.3737e-06,6.4114
1.3738e-06,6.414
1.3739e-06,6.4046
1.374e-06,6.3748
1.3741e-06,6.4211
1.3742e-06,6.3552
1.3743e-06,6.3234
1.3744e-06,6.4017
1.3745e-06,6.3073
1.3746e-06,6.2739
1.3747e-06,6.3006
1.3748e-06,6.2817
1.3749e-06,6.3315
1.375e-06,6.4269
1.3751e-06,6.3166
1.3752e-06,6.33
1.3753e-06,6.3174
1.3754e-06,6.2049
1.3755e-06,6.2065
1.3756e-06,6.2473
1.3757e-06,6.336
1.3758e-06,6.3776
1.3759e-06,6.2649
1.376e-06,6.1978
1.3761e-06,6.2393
1.3762e-06,6.3455
1.3763e-06,6.2803
1.3764e-06,6.2066
1.3765e-06,6.2864
1.3766e-06,6.3666
1.3767e-06,6.3633
1.3768e-06,6.1882
1.3769e-06,6.2467
1.377e-06,6.2203
1.3771e-06,6.1596
1.3772e-06,6.1957
1.3773e-06,6.2602
1.3774e-06,6.2211
1.3775e-06,6.217
1.3776e-06,6.147
1.3777e-06,6.0986
1.3778e-06,6.1388
1.3779e-06,6.2183
1.378e-06,6.152
1.3781e-06,6.1681
1.3782e-06,6.1857
1.3783e-06,6.2211
1.3784e-06,5.9746
1.3785e-06,6.2054
1.3786e-06,6.1063
1.3787e-06,5.9798
1.3788e-06,6.0815
1.3789e-06,6.1371
1.379e-06,5.9676
1.3791e-06,6.0817
1.3792e-06,6.2207
1.3793e-06,6.2013
1.3794e-06,6.0336
1.3795e-06,6.0922
1.3796e-06,6.2697
1.3797e-06,6.1969
1.3798e-06,6.0425
1.3799e-06,6.0036
1.38e-06,6.0538
1.3801e-06,6.1758
1.3802e-06,6.0684
1.3803e-06,6.0968
1.3804e-06,6.1415
1.3805e-06,5.8711
1.3806e-06,6.1585
1.3807e-06,6.0246
1.3808e-06,6.0096
1.3809e-06,5.9274
1.381e-06,6.0534
1.3811e-06,5.9037
1.3812e-06,6.0759
1.3813e-06,6.0704
1.3814e-06,5.9789
1.3815e-06,5.9622
1.3816e-06,6.0227
1.3817e-06,5.924
1.3818e-06,6.014
1.3819e-06,6.0184
1.382e-06,5.9811
1.3821e-06,6.0286
1.3822e-06,5.8937
1.3823e-06,6.0141
1.3824e-06,5.7765
1.3825e-06,5.8951
1.3826e-06,5.9914
1.3827e-06,6.029
1.3828e-06,5.9575
1.3829e-06,5.821
1.383e-06,5.9226
1.3831e-06,5.8674
1.3832e-06,5.7732
1.3833e-06,5.7669
1.3834e-06,5.9375
1.3835e-06,5.9057
1.3836e-06,5.9183
1.3837e-06,5.947
1.3838e-06,5.9179
1.3839e-06,5.8872
1.384e-06,5.9276
1.3841e-06,5.7948
1.3842e-06,5.8229
1.3843e-06,5.8066
1.3844e-06,5.8109
1.3845e-06,5.8536
1.3846e-06,5.9463
1.3847e-06,5.8198
1.3848e-06,5.7223
1.3849e-06,5.8366
1.385e-06,5.7042
1.3851e-06,5.8065
1.3852e-06,5.9005
1.3853e-06,5.8431
1.3854e-06,5.8644
1.3855e-06,5.9472
1.3856e-06,5.8633
1.3857e-06,5.8192
1.3858e-06,5.6619
1.3859e-06,5.7808
1.386e-06,5.7813
1.3861e-06,5.7988
1.3862e-06,5.7355
1.3863e-06,5.7256
1.3864e-06,5.7004
1.3865e-06,5.7636
1.3866e-06,5.7859
1.3867e-06,5.8118
1.3868e-06,5.6663
1.3869e-06,5.7152
1.387e-06,5.6169
1.3871e-06,5.5556
1.3872e-06,5.6066
1.3873e-06,5.8727
1.3874e-06,5.5696
1.3875e-06,5.7913
1.3876e-06,5.7194
1.3877e-06,5.6964
1.3878e-06,5.545
1.3879e-06,5.8601
1.388e-06,5.7542
1.3881e-06,5.591
1.3882e-06,5.5779
1.3883e-06,5.6721
1.3884e-06,5.5541
1.3885e-06,5.6343
1.3886e-06,5.7117
1.3887e-06,5.6326
1.3888e-06,5.7138
1.3889e-06,5.5161
1.389e-06,5.5213
1.3891e-06,5.5571
1.3892e-06,5.7698
1.3893e-06,5.6729
1.3894e-06,5.5884
1.3895e-06,5.4527
1.3896e-06,5.6074
1.3897e-06,5.5843
1.3898e-06,5.5245
1.3899e-06,5.5636
1.39e-06,5.4624
1.3901e-06,5.5828
1.3902e-06,5.7498
1.3903e-06,5.3996
1.3904e-06,5.481
1.3905e-06,5.6082
1.3906e-06,5.513
1.3907e-06,5.4685
1.3908e-06,5.565
1.3909e-06,5.4995
1.391e-06,5.4514
1.3911e-06,5.5995
1.3912e-06,5.4181
1.3913e-06,5.3604
1.3914e-06,5.2648
1.3915e-06,5.2911
1.3916e-06,5.6728
1.3917e-06,5.5013
1.3918e-06,5.4786
1.3919e-06,5.4707
1.392e-06,5.4767
1.3921e-06,5.3282
1.3922e-06,5.3893
1.3923e-06,5.3322
1.3924e-06,5.4068
1.3925e-06,5.504
1.3926e-06,5.3563
1.3927e-06,5.4076
1.3928e-06,5.5856
1.3929e-06,5.4861
1.393e-06,5.3725
1.3931e-06,5.4406
1.3932e-06,5.454
1.3933e-06,5.5198
1.3934e-06,5.4258
1.3935e-06,5.453
1.3936e-06,5.3714
1.3937e-06,5.3447
1.3938e-06,5.334
1.3939e-06,5.2424
1.394e-06,5.3353
1.3941e-06,5.3859
1.3942e-06,5.3319
1.3943e-06,5.3187
1.3944e-06,5.3825
1.3945e-06,5.3042
1.3946e-06,5.3372
1.3947e-06,5.2142
1.3948e-06,5.324
1.3949e-06,5.2309
1.395e-06,5.2001
1.3951e-06,5.254
1.3952e-06,5.1666
1.3953e-06,5.223
1.3954e-06,5.1926
1.3955e-06,5.2555
1.3956e-06,5.3465
1.3957e-06,5.2213
1.3958e-06,5.3258
1.3959e-06,5.3019
1.396e-06,5.2818
1.3961e-06,5.4562
1.3962e-06,5.2098
1.3963e-06,5.2074
1.3964e-06,5.2069
1.3965e-06,5.145
1.3966e-06,5.2383
1.3967e-06,5.0685
1.3968e-06,5.278
1.3969e-06,5.1723
1.397e-06,5.1711
1.3971e-06,5.1967
1.3972e-06,5.1132
1.3973e-06,5.1558
1.3974e-06,5.169
1.3975e-06,5.1332
1.3976e-06,5.0746
1.3977e-06,5.1561
1.3978e-06,5.0703
1.3979e-06,5.108
1.398e-06,5.2303
1.3981e-06,5.0759
1.3982e-06,5.1418
1.3983e-06,5.1457
1.3984e-06,5.3271
1.3985e-06,5.0885
1.3986e-06,5.0836
1.3987e-06,5.0133
1.3988e-06,5.1644
1.3989e-06,5.0287
1.399e-06,5.0581
1.3991e-06,4.8974
1.3992e-06,5.0497
1.3993e-06,4.9651
1.3994e-06,5.0297
1.3995e-06,4.9463
1.3996e-06,4.9877
1.3997e-06,5.1894
1.3998e-06,4.9895
1.3999e-06,4.9918
1.4e-06,5.0309
1.4001e-06,5.1054
1.4002e-06,5.0533
1.4003e-06,4.8827
1.4004e-06,5.045
1.4005e-06,4.8936
1.4006e-06,4.9809
1.4007e-06,5.0542
1.4008e-06,4.9124
1.4009e-06,4.9694
1.401e-06,4.9648
1.4011e-06,4.7415
1.4012e-06,4.9595
1.4013e-06,4.9102
1.4014e-06,4.9572
1.4015e-06,4.8463
1.4016e-06,5.0518
1.4017e-06,4.9036
1.4018e-06,4.8883
1.4019e-06,4.991
1.402e-06,4.806
1.4021e-06,4.8383
1.4022e-06,4.8674
1.4023e-06,4.9313
1.4024e-06,4.8611
1.4025e-06,4.9951
1.4026e-06,4.9587
1.4027e-06,4.7565
1.4028e-06,4.8442
1.4029e-06,4.8699
1.403e-06,4.8462
1.4031e-06,4.886
1.4032e-06,4.9452
1.4033e-06,4.7946
1.4034e-06,5.0154
1.4035e-06,4.6954
1.4036e-06,4.6907
1.4037e-06,4.783
1.4038e-06,4.8115
1.4039e-06,4.9287
1.404e-06,4.8724
1.4041e-06,4.8655
1.4042e-06,4.7936
1.4043e-06,4.6584
1.4044e-06,4.8146
1.4045e-06,4.6746
1.4046e-06,4.642
1.4047e-06,4.8522
1.4048e-06,4.7626
1.4049e-06,4.5772
1.405e-06,4.6944
1.4051e-06,4.6732
1.4052e-06,4.6297
1.4053e-06,4.7535
1.4054e-06,4.6895
1.4055e-06,4.6835
1.4056e-06,4.5112
1.4057e-06,4.6061
1.4058e-06,4.7317
1.4059e-06,4.6443
1.406e-06,4.614
1.4061e-06,4.4831
1.4062e-06,4.5985
1.4063e-06,4.5988
1.4064e-06,4.5463
1.4065e-06,4.5258
1.4066e-06,4.5902
1.4067e-06,4.5717
1.4068e-06,4.6605
1.4069e-06,4.3587
1.407e-06,4.6639
1.4071e-06,4.7072
1.4072e-06,4.5245
1.4073e-06,4.6021
1.4074e-06,4.5709
1.4075e-06,4.4486
1.4076e-06,4.5754
1.4077e-06,4.5518
1.4078e-06,4.4484
1.4079e-06,4.6191
1.408e-06,4.5689
1.4081e-06,4.3431
1.4082e-06,4.5067
1.4083e-06,4.3819
1.4084e-06,4.4348
1.4085e-06,4.5248
1.4086e-06,4.6798
1.4087e-06,4.5514
1.4088e-06,4.4824
1.4089e-06,4.5981
1.409e-06,4.4678
1.4091e-06,4.3998
1.4092e-06,4.3469
1.4093e-06,4.473
1.4094e-06,4.337
1.4095e-06,4.4539
1.4096e-06,4.4217
1.4097e-06,4.4433
1.4098e-06,4.4058
1.4099e-06,4.4303
1.41e-06,4.3799
1.4101e-06,4.2798
1.4102e-06,4.5443
1.4103e-06,4.2815
1.4104e-06,4.3564
1.4105e-06,4.4262
1.4106e-06,4.3015
1.4107e-06,4.3056
1.4108e-06,4.4512
1.4109e-06,4.3805
1.411e-06,4.4383
1.4111e-06,4.2096
1.4112e-06,4.4328
1.4113e-06,4.3406
1.4114e-06,4.4026
1.4115e-06,4.2765
1.4116e-06,4.3033
1.4117e-06,4.2874
1.4118e-06,4.4285
1.4119e-06,4.3665
1.412e-06,4.2285
1.4121e-06,4.3094
1.4122e-06,4.1902
1.4123e-06,4.2144
1.4124e-06,4.3156
1.4125e-06,4.1893
1.4126e-06,4.0808
1.4127e-06,4.1592
1.4128e-06,4.2785
1.4129e-06,4.1672
1.413e-06,4.2048
1.4131e-06,4.0756
1.4132e-06,4.205
1.4133e-06,4.1686
1.4134e-06,4.1605
1.4135e-06,3.9952
1.4136e-06,4.2608
1.4137e-06,4.1145
1.4138e-06,4.0089
1.4139e-06,4.1901
1.414e-06,4.0402
1.4141e-06,4.1526
1.4142e-06,4.0616
1.4143e-06,4.1601
1.4144e-06,4.0992
1.4145e-06,4.1562
1.4146e-06,4.2539
1.4147e-06,4.1925
1.4148e-06,4.0654
1.4149e-06,4.1031
1.415e-06,4.1326
1.4151e-06,4.1097
1.4152e-06,4.118
1.4153e-06,3.9952
1.4154e-06,4.0407
1.4155e-06,4.0842
1.4156e-06,3.9642
1.4157e-06,4.0301
1.4158e-06,4.1503
1.4159e-06,4.15
1.416e-06,4.0823
1.4161e-06,3.928
1.4162e-06,3.9509
1.4163e-06,4.0269
1.4164e-06,4.0047
1.4165e-06,4.0412
1.4166e-06,3.7365
1.4167e-06,4.0104
1.4168e-06,3.9298
1.4169e-06,3.8688
1.417e-06,4.0541
1.4171e-06,4.0066
1.4172e-06,3.9578
1.4173e-06,4.026
1.4174e-06,3.9264
1.4175e-06,3.8231
1.4176e-06,3.9681
1.4177e-06,3.8753
1.4178e-06,3.8621
1.4179e-06,3.7677
1.418e-06,3.7669
1.4181e-06,4.0706
1.4182e-06,3.9462
1.4183e-06,3.8192
1.4184e-06,3.9333
1.4185e-06,3.8616
1.4186e-06,3.7283
1.4187e-06,3.7723
1.4188e-06,3.7653
1.4189e-06,3.743
1.419e-06,3.9262
1.4191e-06,3.7138
1.4192e-06,3.7001
1.4193e-06,3.7272
1.4194e-06,3.8475
1.4195e-06,3.6773
1.4196e-06,3.7635
1.4197e-06,3.6672
1.4198e-06,3.8499
1.4199e-06,3.6936
1.42e-06,3.8602
1.4201e-06,3.6035
1.4202e-06,3.8982
1.4203e-06,3.7035
1.4204e-06,3.6112
1.4205e-06,3.6273
1.4206e-06,3.5963
1.4207e-06,3.6077
1.4208e-06,3.7431
1.4209e-06,3.4797
1.421e-06,3.703
1.4211e-06,3.6891
1.4212e-06,3.743
1.4213e-06,3.4705
1.4214e-06,3.6297
1.4215e-06,3.6067
1.4216e-06,3.6338
1.4217e-06,3.6718
1.4218e-06,3.7068
1.4219e-06,3.585
1.422e-06,3.6071
1.4221e-06,3.6446
1.4222e-06,3.4845
1.4223e-06,3.6207
1.4224e-06,3.6693
1.4225e-06,3.4037
1.4226e-06,3.6618
1.4227e-06,3.5181
1.4228e-06,3.5349
1.4229e-06,3.3391
1.423e-06,3.358
1.4231e-06,3.5219
1.4232e-06,3.4202
1.4233e-06,3.457
1.4234e-06,3.4611
1.4235e-06,3.3943
1.4236e-06,3.4854
1.4237e-06,3.3679
1.4238e-06,3.5576
1.4239e-06,3.5117
1.424e-06,3.3934
1.4241e-06,3.5512
1.4242e-06,3.4198
1.4243e-06,3.5309
1.4244e-06,3.4648
1.4245e-06,3.4009
1.4246e-06,3.4951
1.4247e-06,3.3022
1.4248e-06,3.3647
1.4249e-06,3.326
1.425e-06,3.46
1.4251e-06,3.442
1.4252e-06,3.4446
1.4253e-06,3.3256
1.4254e-06,3.4462
1.4255e-06,3.351
1.4256e-06,3.4026
1.4257e-06,3.3717
1.4258e-06,3.4713
1.4259e-06,3.2168
1.426e-06,3.4995
1.4261e-06,3.2762
1.4262e-06,3.176
1.4263e-06,3.4414
1.4264e-06,3.1543
1.4265e-06,3.2917
1.4266e-06,3.2426
1.4267e-06,3.3838
1.4268e-06,3.2009
1.4269e-06,3.2446
1.427e-06,3.2032
1.4271e-06,3.2586
1.4272e-06,3.1794
1.4273e-06,3.2124
1.4274e-06,3.2057
1.4275e-06,3.3286
1.4276e-06,3.2642
1.4277e-06,3.0721
1.4278e-06,3.0858
1.4279e-06,3.0929
1.428e-06,3.1697
1.4281e-06,3.1609
1.4282e-06,3.1658
1.4283e-06,3.0636
1.4284e-06,3.0711
1.4285e-06,2.9524
1.4286e-06,3.1598
1.4287e-06,3.1084
1.4288e-06,3.2478
1.4289e-06,3.1532
1.429e-06,3.1202
1.4291e-06,3.0596
1.4292e-06,3.0348
1.4293e-06,2.9539
1.4294e-06,3.0219
1.4295e-06,3.0742
1.4296e-06,2.9191
1.4297e-06,3.1603
1.4298e-06,3.0291
1.4299e-06,2.8237
1.43e-06,3.1444
1.4301e-06,3.0506
1.4302e-06,3.0611
1.4303e-06,3.0802
1.4304e-06,3.1528
1.4305e-06,3.0225
1.4306e-06,2.9531
1.4307e-06,2.8871
1.4308e-06,3.1697
1.4309e-06,2.8607
1.431e-06,2.7387
1.4311e-06,3.0469
1.4312e-06,2.9458
1.4313e-06,2.8581
1.4314e-06,2.9517
1.4315e-06,2.9825
1.4316e-06,2.7831
1.4317e-06,3.0371
1.4318e-06,2.9606
1.4319e-06,2.9146
1.432e-06,2.8047
1.4321e-06,2.9402
1.4322e-06,2.8478
1.4323e-06,2.8731
1.4324e-06,2.8637
1.4325e-06,2.7665
1.4326e-06,2.7427
1.4327e-06,2.9029
1.4328e-06,2.9523
1.4329e-06,2.852
1.433e-06,2.8035
1.4331e-06,2.733
1.4332e-06,2.846
1.4333e-06,2.7203
1.4334e-06,2.6461
1.4335e-06,2.7153
1.4336e-06,2.7702
1.4337e-06,2.6044
1.4338e-06,2.6832
1.4339e-06,2.7571
1.434e-06,2.7577
1.4341e-06,2.8164
1.4342e-06,2.8747
1.4343e-06,2.6683
1.4344e-06,2.7869
1.4345e-06,2.7728
1.4346e-06,2.5882
1.4347e-06,2.7242
1.4348e-06,2.5789
1.4349e-06,2.7067
1.435e-06,2.6165
1.4351e-06,2.6817
1.4352e-06,2.7231
1.4353e-06,2.5669
1.4354e-06,2.5805
1.4355e-06,2.5067
1.4356e-06,2.4008
1.4357e-06,2.7308
1.4358e-06,2.5687
1.4359e-06,2.5755
1.436e-06,2.487
1.4361e-06,2.5845
1.4362e-06,2.6277
1.4363e-06,2.4125
1.4364e-06,2.6195
1.4365e-06,2.354
1.4366e-06,2.5198
1.4367e-06,2.5222
1.4368e-06,2.4222
1.4369e-06,2.6062
1.437e-06,2.469
1.4371e-06,2.5532
1.4372e-06,2.434
1.4373e-06,2.3796
1.4374e-06,2.4212
1.4375e-06,2.358
1.4376e-06,2.6248
1.4377e-06,2.3462
1.4378e-06,2.3823
1.4379e-06,2.4706
1.438e-06,2.4595
1.4381e-06,2.4262
1.4382e-06,2.5
1.4383e-06,2.3879
1.4384e-06,2.271
1.4385e-06,2.3182
1.4386e-06,2.5763
1.4387e-06,2.2837
1.4388e-06,2.2627
1.4389e-06,2.2965
1.439e-06,2.2443
1.4391e-06,2.2239
1.4392e-06,2.2201
1.4393e-06,2.4583
1.4394e-06,2.3259
1.4395e-06,2.3016
1.4396e-06,2.2235
1.4397e-06,2.2615
1.4398e-06,2.3449
1.4399e-06,2.2508
1.44e-06,2.3076
1.4401e-06,2.2346
1.4402e-06,2.2005
1.4403e-06,2.1931
1.4404e-06,2.1747
1.4405e-06,2.2101
1.4406e-06,2.1557
1.4407e-06,2.2163
1.4408e-06,2.2179
1.4409e-06,2.1322
1.441e-06,2.1264
1.4411e-06,2.2858
1.4412e-06,1.9445
1.4413e-06,2.0192
1.4414e-06,1.9651
1.4415e-06,2.0933
1.4416e-06,2.1297
1.4417e-06,2.081
1.4418e-06,2.0457
1.4419e-06,1.975
1.442e-06,2.1164
1.4421e-06,2.1187
1.4422e-06,1.98
1.4423e-06,1.9539
1.4424e-06,2.1618
1.4425e-06,1.8191
1.4426e-06,1.8159
1.4427e-06,2.0088
1.4428e-06,2.0284
1.4429e-06,2.0677
1.443e-06,2.0027
1.4431e-06,1.9106
1.4432e-06,2.0219
1.4433e-06,1.8572
1.4434e-06,1.8574
1.4435e-06,2.0823
1.4436e-06,1.9407
1.4437e-06,1.9422
1.4438e-06,1.8888
1.4439e-06,1.8794
1.444e-06,1.8351
1.4441e-06,1.9372
1.4442e-06,1.9432
1.4443e-06,1.8226
1.4444e-06,1.8695
1.4445e-06,2.0844
1.4446e-06,1.9459
1.4447e-06,1.9039
1.4448e-06,2.0696
1.4449e-06,1.9183
1.445e-06,1.8596
1.4451e-06,1.7213
1.4452e-06,1.8252
1.4453e-06,1.7423
1.4454e-06,1.8361
1.4455e-06,1.7013
1.4456e-06,1.7569
1.4457e-06,1.6573
1.4458e-06,1.6091
1.4459e-06,1.8848
1.446e-06,1.6651
1.4461e-06,1.7707
1.4462e-06,1.6849
1.4463e-06,1.6486
1.4464e-06,1.7443
1.4465e-06,1.7077
1.4466e-06,1.7138
1.4467e-06,1.8345
1.4468e-06,1.5749
1.4469e-06,1.7137
1.447e-06,1.6282
1.4471e-06,1.8366
1.4472e-06,1.6911
1.4473e-06,1.5689
1.4474e-06,1.5499
1.4475e-06,1.7315
1.4476e-06,1.5212
1.4477e-06,1.5049
1.4478e-06,1.5281
1.4479e-06,1.6359
1.448e-06,1.5165
1.4481e-06,1.5453
1.4482e-06,1.6213
1.4483e-06,1.493
1.4484e-06,1.5057
1.4485e-06,1.5623
1.4486e-06,1.5797
1.4487e-06,1.4218
1.4488e-06,1.5688
1.4489e-06,1.4374
1.449e-06,1.4632
1.4491e-06,1.4438
1.4492e-06,1.5245
1.4493e-06,1.4913
1.4494e-06,1.4865
1.4495e-06,1.3855
1.4496e-06,1.4265
1.4497e-06,1.3192
1.4498e-06,1.4911
1.4499e-06,1.4448
1.45e-06,1.41
1.4501e-06,1.3125
1.4502e-06,1.2992
1.4503e-06,1.288
1.4504e-06,1.2247
1.4505e-06,1.4195
1.4506e-06,1.2787
1.4507e-06,1.2349
1.4508e-06,1.3036
1.4509e-06,1.2541
1.451e-06,1.3675
1.4511e-06,1.2771
1.4512e-06,1.3342
1.4513e-06,1.2556
1.4514e-06,1.0861
1.4515e-06,1.1934
1.4516e-06,1.1928
1.4517e-06,1.1574
1.4518e-06,1.3737
1.4519e-06,1.1941
1.452e-06,1.025
1.4521e-06,1.2129
1.4522e-06,1.1689
1.4523e-06,1.1852
1.4524e-06,1.2642
1.4525e-06,1.3145
1.4526e-06,1.1698
1.4527e-06,1.2491
1.4528e-06,1.147
1.4529e-06,1.0726
1.453e-06,1.2385
1.4531e-06,1.0696
1.4532e-06,1.1794
1.4533e-06,1.0887
1.4534e-06,1.1062
1.4535e-06,1.1196
1.4536e-06,1.0413
1.4537e-06,0.8519
1.4538e-06,1.0765
1.4539e-06,0.96025
1.454e-06,1.0209
1.4541e-06,1.0779
1.4542e-06,0.93803
1.4543e-06,1.0869
1.4544e-06,0.91097
1.4545e-06,0.97654
1.4546e-06,0.89049
1.4547e-06,1.1636
1.4548e-06,0.95604
1.4549e-06,1.0492
1.455e-06,0.95196
1.4551e-06,0.96183
1.4552e-06,0.86585
1.4553e-06,0.81335
1.4554e-06,0.91996
1.4555e-06,1.1112
1.4556e-06,0.95968
1.4557e-06,0.86397
1.4558e-06,0.86497
1.4559e-06,0.73214
1.456e-06,1.0162
1.4561e-06,0.94502
1.4562e-06,0.87239
1.4563e-06,0.82616
1.4564e-06,0.78204
1.4565e-06,0.84571
1.4566e-06,0.79786
1.4567e-06,0.90433
1.4568e-06,0.80164
1.4569e-06,0.85626
1.457e-06,0.62402
1.4571e-06,0.63332
1.4572e-06,0.77685
1.4573e-06,0.58845
1.4574e-06,0.57501
1.4575e-06,0.78452
1.4576e-06,0.72105
1.4577e-06,0.67155
1.4578e-06,0.7435
1.4579e-06,0.68937
1.458e-06,0.55886
1.4581e-06,0.69014
1.4582e-06,0.5002
1.4583e-06,0.5344
1.4584e-06,0.58599
1.4585e-06,0.63839
1.4586e-06,0.67562
1.4587e-06,0.74506
1.4588e-06,0.52344
1.4589e-06,0.64369
1.459e-06,0.45486
1.4591e-06,0.60799
1.4592e-06,0.52366
1.4593e-06,0.57144
1.4594e-06,0.58034
1.4595e-06,0.59102
1.4596e-06,0.54564
1.4597e-06,0.4522
1.4598e-06,0.5807
1.4599e-06,0.57142
1.46e-06,0.4231
1.4601e-06,0.61704
1.4602e-06,0.4275
1.4603e-06,0.43605
1.4604e-06,0.46776
1.4605e-06,0.36857
1.4606e-06,0.41946
1.4607e-06,0.42006
1.4608e-06,0.53722
1.4609e-06,0.31975
1.461e-06,0.42465
1.4611e-06,0.31508
1.4612e-06,0.41209
1.4613e-06,0.3346
1.4614e-06,0.11357
1.4615e-06,0.40196
1.4616e-06,0.34577
1.4617e-06,0.3008
1.4618e-06,0.39769
1.4619e-06,0.2433
1.462e-06,0.26292
1.4621e-06,0.11409
1.4622e-06,0.27072
1.4623e-06,0.5143
1.4624e-06,0.42911
1.4625e-06,0.38147
1.4626e-06,0.10136
1.4627e-06,0.1362
1.4628e-06,0.37614
1.4629e-06,0.10369
1.463e-06,0.16011
1.4631e-06,0.29785
1.4632e-06,0.015252
1.4633e-06,0.23298
1.4634e-06,0.15717
1.4635e-06,-0.019678
1.4636e-06,0.11952
1.4637e-06,-0.044639
1.4638e-06,-0.010418
1.4639e-06,0.10614
1.464e-06,0.26857
1.4641e-06,0.09312
1.4642e-06,0.02602
1.4643e-06,-0.026639
1.4644e-06,-0.038618
1.4645e-06,-0.095371
1.4646e-06,0.017059
1.4647e-06,0.13568
1.4648e-06,-0.097776
1.4649e-06,-0.15133
1.465e-06,-0.068552
1.4651e-06,-0.15036
1.4652e-06,0.053319
1.4653e-06,-0.024098
1.4654e-06,0.069963
1.4655e-06,-0.062834
1.4656e-06,-0.099101
1.4657e-06,-0.082008
1.4658e-06,-0.061234
1.4659e-06,-0.11381
1.466e-06,-0.058387
1.4661e-06,-0.19764
1.4662e-06,-0.11897
1.4663e-06,-0.035927
1.4664e-06,-0.10876
1.4665e-06,-0.22801
1.4666e-06,-0.28244
1.4667e-06,-0.31391
1.4668e-06,-0.20736
1.4669e-06,-0.22634
1.467e-06,-0.23714
1.4671e-06,-0.15429
1.4672e-06,-0.092615
1.4673e-06,-0.19099
1.4674e-06,-0.33512
1.4675e-06,-0.39148
1.4676e-06,-0.28234
1.4677e-06,-0.44239
1.4678e-06,-0.22161
1.4679e-06,-0.34785
1.468e-06,-0.25116
1.4681e-06,-0.35545
1.4682e-06,-0.2851
1.4683e-06,-0.4148
1.4684e-06,-0.49265
1.4685e-06,-0.34924
1.4686e-06,-0.40566
1.4687e-06,-0.50961
1.4688e-06,-0.44801
1.4689e-06,-0.57751
1.469e-06,-0.41665
1.4691e-06,-0.53372
1.4692e-06,-0.49553
1.4693e-06,-0.45632
1.4694e-06,-0.51715
1.4695e-06,-0.46167
1.4696e-06,-0.46704
1.4697e-06,-0.64697
1.4698e-06,-0.31968
1.4699e-06,-0.65682
1.47e-06,-0.72739
1.4701e-06,-0.6388
1.4702e-06,-0.75855
1.4703e-06,-0.49359
1.4704e-06,-0.59666
1.4705e-06,-0.6181
1.4706e-06,-0.64695
1.4707e-06,-0.67741
1.4708e-06,-0.74876
1.4709e-06,-0.66143
1.471e-06,-0.69123
1.4711e-06,-0.84599
1.4712e-06,-0.69675
1.4713e-06,-0.63364
1.4714e-06,-0.75735
1.4715e-06,-0.73636
1.4716e-06,-0.76213
1.4717e-06,-0.70819
1.4718e-06,-0.72742
1.4719e-06,-0.83548
1.472e-06,-0.63962
1.4721e-06,-0.74781
1.4722e-06,-0.74606
1.4723e-06,-1.0064
1.4724e-06,-0.83675
1.4725e-06,-0.85951
1.4726e-06,-0.78587
1.4727e-06,-0.774
1.4728e-06,-0.88737
1.4729e-06,-0.93868
1.473e-06,-1.038
1.4731e-06,-1.0537
1.4732e-06,-0.7852
1.4733e-06,-1.0182
1.4734e-06,-0.96637
1.4735e-06,-0.81788
1.4736e-06,-1.0852
1.4737e-06,-0.84062
1.4738e-06,-0.95895
1.4739e-06,-0.82637
1.474e-06,-0.9115
1.4741e-06,-0.97059
1.4742e-06,-0.8506
1.4743e-06,-1.2317
1.4744e-06,-0.88782
1.4745e-06,-1.198
1.4746e-06,-1.0995
1.4747e-06,-1.3032
1.4748e-06,-1.1101
1.4749e-06,-1.2079
1.475e-06,-1.0258
1.4751e-06,-1.1326
1.4752e-06,-1.2326
1.4753e-06,-1.2889
1.4754e-06,-1.1684
1.4755e-06,-1.2325
1.4756e-06,-1.0835
1.4757e-06,-1.0608
1.4758e-06,-1.2451
1.4759e-06,-1.1614
1.476e-06,-1.2679
1.4761e-06,-1.403
1.4762e-06,-1.3287
1.4763e-06,-1.2707
1.4764e-06,-1.3697
1.4765e-06,-1.294
1.4766e-06,-1.2164
1.4767e-06,-1.3489
1.4768e-06,-1.4711
1.4769e-06,-1.3262
1.477e-06,-1.2304
1.4771e-06,-1.4992
1.4772e-06,-1.4978
1.4773e-06,-1.4214
1.4774e-06,-1.3882
1.4775e-06,-1.5365
1.4776e-06,-1.4864
1.4777e-06,-1.4347
1.4778e-06,-1.5224
1.4779e-06,-1.4893
1.478e-06,-1.3346
1.4781e-06,-1.5236
1.4782e-06,-1.4941
1.4783e-06,-1.5482
1.4784e-06,-1.4957
1.4785e-06,-1.5949
1.4786e-06,-1.5611
1.4787e-06,-1.609
1.4788e-06,-1.5669
1.4789e-06,-1.6286
1.479e-06,-1.809
1.4791e-06,-1.5254
1.4792e-06,-1.7183
1.4793e-06,-1.7717
1.4794e-06,-1.7818
1.4795e-06,-1.6181
1.4796e-06,-1.7551
1.4797e-06,-1.6703
1.4798e-06,-1.6397
1.4799e-06,-1.743
1.48e-06,-1.8428
1.4801e-06,-1.6387
1.4802e-06,-1.7275
1.4803e-06,-1.8924
1.4804e-06,-1.8759
1.4805e-06,-1.6915
1.4806e-06,-1.7879
1.4807e-06,-1.7289
1.4808e-06,-1.7871
1.4809e-06,-1.8903
1.481e-06,-1.9119
1.4811e-06,-1.9114
1.4812e-06,-1.9676
1.4813e-06,-1.7864
1.4814e-06,-1.9332
1.4815e-06,-1.8718
1.4816e-06,-1.9318
1.4817e-06,-2.0224
1.4818e-06,-1.9196
1.4819e-06,-1.8905
1.482e-06,-1.9041
1.4821e-06,-2.0219
1.4822e-06,-2.1448
1.4823e-06,-1.9672
1.4824e-06,-2.1368
1.4825e-06,-1.9089
1.4826e-06,-1.8931
1.4827e-06,-2.0312
1.4828e-06,-2.0443
1.4829e-06,-2.1664
1.483e-06,-2.1091
1.4831e-06,-2.2003
1.4832e-06,-2.192
1.4833e-06,-2.2379
1.4834e-06,-2.1935
1.4835e-06,-2.1603
1.4836e-06,-2.1764
1.4837e-06,-2.0681
1.4838e-06,-2.1307
1.4839e-06,-2.1906
1.484e-06,-2.2332
1.4841e-06,-2.3987
1.4842e-06,-2.3013
1.4843e-06,-2.4323
1.4844e-06,-2.2641
1.4845e-06,-2.1936
1.4846e-06,-2.4324
1.4847e-06,-2.2925
1.4848e-06,-2.4649
1.4849e-06,-2.6461
1.485e-06,-2.4728
1.4851e-06,-2.3285
1.4852e-06,-2.5223
1.4853e-06,-2.3944
1.4854e-06,-2.4492
1.4855e-06,-2.3782
1.4856e-06,-2.4545
1.4857e-06,-2.3907
1.4858e-06,-2.5999
1.4859e-06,-2.5049
1.486e-06,-2.3142
1.4861e-06,-2.5314
1.4862e-06,-2.6812
1.4863e-06,-2.5182
1.4864e-06,-2.7368
1.4865e-06,-2.5417
1.4866e-06,-2.4883
1.4867e-06,-2.6342
1.4868e-06,-2.5261
1.4869e-06,-2.5767
1.487e-06,-2.588
1.4871e-06,-2.7107
1.4872e-06,-2.6199
1.4873e-06,-2.7451
1.4874e-06,-2.7666
1.4875e-06,-2.7989
1.4876e-06,-2.8015
1.4877e-06,-2.8365
1.4878e-06,-3.0241
1.4879e-06,-2.6792
1.488e-06,-2.9231
1.4881e-06,-2.8057
1.4882e-06,-2.8214
1.4883e-06,-2.788
1.4884e-06,-3.0587
1.4885e-06,-2.8009
1.4886e-06,-2.8597
1.4887e-06,-2.8172
1.4888e-06,-2.7239
1.4889e-06,-2.9353
1.489e-06,-2.9944
1.4891e-06,-2.9528
1.4892e-06,-3.003
1.4893e-06,-3.0351
1.4894e-06,-3.0544
1.4895e-06,-2.9834
1.4896e-06,-2.931
1.4897e-06,-2.8481
1.4898e-06,-3.1197
1.4899e-06,-2.9925
1.49e-06,-3.1893
1.4901e-06,-3.0758
1.4902e-06,-3.229
1.4903e-06,-3.1495
1.4904e-06,-2.9563
1.4905e-06,-3.0811
1.4906e-06,-3.1949
1.4907e-06,-3.1659
1.4908e-06,-3.12
1.4909e-06,-3.2852
1.491e-06,-3.1726
1.4911e-06,-3.0659
1.4912e-06,-3.3209
1.4913e-06,-3.3455
1.4914e-06,-3.3145
1.4915e-06,-3.1899
1.4916e-06,-3.3277
1.4917e-06,-3.3326
1.4918e-06,-3.2676
1.4919e-06,-3.3453
1.492e-06,-3.422
1.4921e-06,-3.4121
1.4922e-06,-3.4857
1.4923e-06,-3.3467
1.4924e-06,-3.3689
1.4925e-06,-3.3034
1.4926e-06,-3.4759
1.4927e-06,-3.3596
1.4928e-06,-3.6837
1.4929e-06,-3.48
1.493e-06,-3.468
1.4931e-06,-3.6034
1.4932e-06,-3.5035
1.4933e-06,-3.5821
1.4934e-06,-3.5032
1.4935e-06,-3.6083
1.4936e-06,-3.6051
1.4937e-06,-3.6153
1.4938e-06,-3.8195
1.4939e-06,-3.6362
1.494e-06,-3.5869
1.4941e-06,-3.5491
1.4942e-06,-3.7229
1.4943e-06,-3.7619
1.4944e-06,-3.8144
1.4945e-06,-3.9747
1.4946e-06,-3.6766
1.4947e-06,-3.6493
1.4948e-06,-3.7369
1.4949e-06,-3.7353
1.495e-06,-3.9183
1.4951e-06,-3.7879
1.4952e-06,-3.7899
1.4953e-06,-3.7688
1.4954e-06,-3.9057
1.4955e-06,-3.798
1.4956e-06,-3.9014
1.4957e-06,-3.9044
1.4958e-06,-3.8917
1.4959e-06,-3.9743
1.496e-06,-4.1178
1.4961e-06,-3.883
1.4962e-06,-4.0128
1.4963e-06,-4.0436
1.4964e-06,-3.9677
1.4965e-06,-4.0994
1.4966e-06,-4.1752
1.4967e-06,-4.2125
1.4968e-06,-3.9299
1.4969e-06,-4.1991
1.497e-06,-4.1935
1.4971e-06,-4.0239
1.4972e-06,-4.0069
1.4973e-06,-4.3253
1.4974e-06,-4.1493
1.4975e-06,-4.2457
1.4976e-06,-4.3138
1.4977e-06,-4.1374
1.4978e-06,-4.1634
1.4979e-06,-4.4536
1.498e-06,-4.3834
1.4981e-06,-4.1072
1.4982e-06,-4.1773
1.4983e-06,-4.1488
1.4984e-06,-4.2675
1.4985e-06,-4.2209
1.4986e-06,-4.4086
1.4987e-06,-4.4109
1.4988e-06,-4.622
1.4989e-06,-4.2293
1.499e-06,-4.4774
1.4991e-06,-4.4516
1.4992e-06,-4.5129
1.4993e-06,-4.617
1.4994e-06,-4.563
1.4995e-06,-4.467
1.4996e-06,-4.7271
1.4997e-06,-4.4544
1.4998e-06,-4.4559
1.4999e-06,-4.5567
1.5e-06,-4.7037
1.5001e-06,-4.7381
1.5002e-06,-4.6974
1.5003e-06,-4.7923
1.5004e-06,-4.6869
1.5005e-06,-4.6503
1.5006e-06,-4.4959
1.5007e-06,-4.8398
1.5008e-06,-4.8013
1.5009e-06,-4.7129
1.501e-06,-4.71
1.5011e-06,-4.7387
1.5012e-06,-4.9419
1.5013e-06,-4.6825
1.5014e-06,-4.6655
1.5015e-06,-4.8202
1.5016e-06,-4.7564
1.5017e-06,-4.9623
1.5018e-06,-5.0426
1.5019e-06,-4.7565
1.502e-06,-4.9713
1.5021e-06,-4.7916
1.5022e-06,-5.0952
1.5023e-06,-5.1859
1.5024e-06,-4.9117
1.5025e-06,-5.0357
1.5026e-06,-5.1414
1.5027e-06,-5.0275
1.5028e-06,-5.0721
1.5029e-06,-5.0779
1.503e-06,-5.0885
1.5031e-06,-4.917
1.5032e-06,-5.0209
1.5033e-06,-5.2077
1.5034e-06,-4.997
1.5035e-06,-5.0879
1.5036e-06,-5.2503
1.5037e-06,-5.2667
1.5038e-06,-5.4183
1.5039e-06,-5.5161
1.504e-06,-5.3647
1.5041e-06,-5.233
1.5042e-06,-5.2329
1.5043e-06,-5.2228
1.5044e-06,-5.2911
1.5045e-06,-5.3209
1.5046e-06,-5.3634
1.5047e-06,-5.3468
1.5048e-06,-5.4415
1.5049e-06,-5.3541
1.505e-06,-5.2962
1.5051e-06,-5.5028
1.5052e-06,-5.3752
1.5053e-06,-5.3596
1.5054e-06,-5.5454
1.5055e-06,-5.6975
1.5056e-06,-5.6167
1.5057e-06,-5.5548
1.5058e-06,-5.4595
1.5059e-06,-5.586
1.506e-06,-5.6427
1.5061e-06,-5.7169
1.5062e-06,-5.6709
1.5063e-06,-5.7725
1.5064e-06,-5.8613
1.5065e-06,-5.7924
1.5066e-06,-5.7855
1.5067e-06,-5.6583
1.5068e-06,-5.924
1.5069e-06,-5.8014
1.507e-06,-5.7841
1.5071e-06,-5.8354
1.5072e-06,-5.7658
1.5073e-06,-5.8401
1.5074e-06,-5.9499
1.5075e-06,-6.0244
1.5076e-06,-5.831
1.5077e-06,-6.1116
1.5078e-06,-6.0405
1.5079e-06,-5.9885
1.508e-06,-5.8055
1.5081e-06,-6.1728
1.5082e-06,-5.9554
1.5083e-06,-6.0682
1.5084e-06,-6.1737
1.5085e-06,-5.9224
1.5086e-06,-6.2206
1.5087e-06,-5.9635
1.5088e-06,-5.9837
1.5089e-06,-6.2983
1.509e-06,-6.2798
1.5091e-06,-6.2513
1.5092e-06,-6.3399
1.5093e-06,-6.2619
1.5094e-06,-6.3694
1.5095e-06,-6.1554
1.5096e-06,-6.1971
1.5097e-06,-6.2233
1.5098e-06,-6.3369
1.5099e-06,-6.4331
1.51e-06,-6.4669
1.5101e-06,-6.4328
1.5102e-06,-6.3702
1.5103e-06,-6.2321
1.5104e-06,-6.4509
1.5105e-06,-6.5703
1.5106e-06,-6.4958
1.5107e-06,-6.5126
1.5108e-06,-6.6662
1.5109e-06,-6.5168
1.511e-06,-6.586
1.5111e-06,-6.4783
1.5112e-06,-6.6281
1.5113e-06,-6.8129
1.5114e-06,-6.6291
1.5115e-06,-6.6803
1.5116e-06,-6.7325
1.5117e-06,-6.83
1.5118e-06,-6.8224
1.5119e-06,-6.8504
1.512e-06,-6.7907
1.5121e-06,-6.8718
1.5122e-06,-6.8918
1.5123e-06,-6.7678
1.5124e-06,-6.8445
1.5125e-06,-6.8915
1.5126e-06,-6.839
1.5127e-06,-6.7097
1.5128e-06,-6.8496
1.5129e-06,-7.0705
1.513e-06,-6.8733
1.5131e-06,-6.9277
1.5132e-06,-7.0472
1.5133e-06,-6.7401
1.5134e-06,-7.0853
1.5135e-06,-7.1013
1.5136e-06,-7.1241
1.5137e-06,-7.2093
1.5138e-06,-7.2203
1.5139e-06,-7.1916
1.514e-06,-7.326
1.5141e-06,-7.3207
1.5142e-06,-7.2346
1.5143e-06,-7.1393
1.5144e-06,-7.2136
1.5145e-06,-7.2634
1.5146e-06,-7.485
1.5147e-06,-7.2553
1.5148e-06,-7.2461
1.5149e-06,-7.5098
1.515e-06,-7.5307
1.5151e-06,-7.5891
1.5152e-06,-7.4221
1.5153e-06,-7.6139
1.5154e-06,-7.5103
1.5155e-06,-7.4762
1.5156e-06,-7.6011
1.5157e-06,-7.5731
1.5158e-06,-7.4844
1.5159e-06,-7.4855
1.516e-06,-7.659
1.5161e-06,-7.5909
1.5162e-06,-7.6181
1.5163e-06,-7.8388
1.5164e-06,-7.7866
1.5165e-06,-7.7321
1.5166e-06,-7.8327
1.5167e-06,-7.8514
1.5168e-06,-7.7863
1.5169e-06,-7.7634
1.517e-06,-7.9127
1.5171e-06,-7.794
1.5172e-06,-7.9922
1.5173e-06,-7.7137
1.5174e-06,-7.8472
1.5175e-06,-7.9935
1.5176e-06,-7.9082
1.5177e-06,-7.7516
1.5178e-06,-7.8469
1.5179e-06,-7.8733
1.518e-06,-8.1873
1.5181e-06,-8.0716
1.5182e-06,-8.1241
1.5183e-06,-8.1051
1.5184e-06,-8.1428
1.5185e-06,-8.3161
1.5186e-06,-8.2355
1.5187e-06,-8.15
1.5188e-06,-8.1195
1.5189e-06,-8.304
1.519e-06,-8.2764
1.5191e-06,-8.2824
1.5192e-06,-8.2043
1.5193e-06,-8.3366
1.5194e-06,-8.3188
1.5195e-06,-8.2704
1.5196e-06,-8.4748
1.5197e-06,-8.5753
1.5198e-06,-8.3713
1.5199e-06,-8.4047
1.52e-06,-8.4483
1.5201e-06,-8.6796
1.5202e-06,-8.3898
1.5203e-06,-8.482
1.5204e-06,-8.7146
1.5205e-06,-8.4727
1.5206e-06,-8.6002
1.5207e-06,-8.6711
1.5208e-06,-8.494
1.5209e-06,-8.5897
1.521e-06,-8.7729
1.5211e-06,-8.7885
1.5212e-06,-8.77
1.5213e-06,-8.9098
1.5214e-06,-8.9679
1.5215e-06,-8.8288
1.5216e-06,-8.9364
1.5217e-06,-9.0439
1.5218e-06,-8.9588
1.5219e-06,-8.6841
1.522e-06,-9.0231
1.5221e-06,-9.1054
1.5222e-06,-8.9136
1.5223e-06,-8.9899
1.5224e-06,-9.0071
1.5225e-06,-8.9932
1.5226e-06,-9.1928
1.5227e-06,-9.1536
1.5228e-06,-9.1477
1.5229e-06,-9.1962
1.523e-06,-9.0492
1.5231e-06,-9.2625
1.5232e-06,-9.2736
1.5233e-06,-9.3942
1.5234e-06,-9.5225
1.5235e-06,-9.299
1.5236e-06,-9.0893
1.5237e-06,-9.4299
1.5238e-06,-9.2995
1.5239e-06,-9.6059
1.524e-06,-9.4008
1.5241e-06,-9.6494
1.5242e-06,-9.6023
1.5243e-06,-9.717
1.5244e-06,-9.5975
1.5245e-06,-9.6223
1.5246e-06,-9.5965
1.5247e-06,-9.7477
1.5248e-06,-9.5886
1.5249e-06,-9.6468
1.525e-06,-9.7986
1.5251e-06,-9.6952
1.5252e-06,-9.8923
1.5253e-06,-9.8806
1.5254e-06,-9.9696
1.5255e-06,-9.9854
1.5256e-06,-9.7446
1.5257e-06,-9.9479
1.5258e-06,-9.682
1.5259e-06,-10.217
1.526e-06,-9.9518
1.5261e-06,-9.9767
1.5262e-06,-9.9335
1.5263e-06,-9.9994
1.5264e-06,-10.08
1.5265e-06,-10.142
1.5266e-06,-10.095
1.5267e-06,-10.309
1.5268e-06,-10.233
1.5269e-06,-10.18
1.527e-06,-9.9985
1.5271e-06,-10.241
1.5272e-06,-10.337
1.5273e-06,-10.481
1.5274e-06,-10.44
1.5275e-06,-10.321
1.5276e-06,-10.552
1.5277e-06,-10.43
1.5278e-06,-10.525
1.5279e-06,-10.422
1.528e-06,-10.458
1.5281e-06,-10.639
1.5282e-06,-10.565
1.5283e-06,-10.593
1.5284e-06,-10.493
1.5285e-06,-10.556
1.5286e-06,-10.646
1.5287e-06,-10.658
1.5288e-06,-10.625
1.5289e-06,-10.791
1.529e-06,-10.712
1.5291e-06,-10.732
1.5292e-06,-10.801
1.5293e-06,-10.945
1.5294e-06,-10.961
1.5295e-06,-10.902
1.5296e-06,-11.07
1.5297e-06,-10.89
1.5298e-06,-10.832
1.5299e-06,-11.131
1.53e-06,-10.856
1.5301e-06,-11.205
1.5302e-06,-11.178
1.5303e-06,-10.968
1.5304e-06,-11.186
1.5305e-06,-11.337
1.5306e-06,-11.334
1.5307e-06,-11.119
1.5308e-06,-11.412
1.5309e-06,-11.233
1.531e-06,-11.265
1.5311e-06,-11.388
1.5312e-06,-11.38
1.5313e-06,-11.632
1.5314e-06,-11.483
1.5315e-06,-11.434
1.5316e-06,-11.45
1.5317e-06,-11.762
1.5318e-06,-11.538
1.5319e-06,-11.781
1.532e-06,-11.689
1.5321e-06,-11.474
1.5322e-06,-11.776
1.5323e-06,-11.715
1.5324e-06,-11.68
1.5325e-06,-11.702
1.5326e-06,-11.686
1.5327e-06,-11.721
1.5328e-06,-11.821
1.5329e-06,-11.809
1.533e-06,-11.815
1.5331e-06,-11.978
1.5332e-06,-11.761
1.5333e-06,-12.016
1.5334e-06,-12.026
1.5335e-06,-12.064
1.5336e-06,-12.03
1.5337e-06,-12.079
1.5338e-06,-12.219
1.5339e-06,-12.226
1.534e-06,-12.116
1.5341e-06,-12.213
1.5342e-06,-12.269
1.5343e-06,-12.322
1.5344e-06,-12.381
1.5345e-06,-12.192
1.5346e-06,-12.594
1.5347e-06,-12.393
1.5348e-06,-12.357
1.5349e-06,-12.515
1.535e-06,-12.455
1.5351e-06,-12.469
1.5352e-06,-12.505
1.5353e-06,-12.481
1.5354e-06,-12.636
1.5355e-06,-12.563
1.5356e-06,-12.537
1.5357e-06,-12.732
1.5358e-06,-12.643
1.5359e-06,-12.706
1.536e-06,-12.643
1.5361e-06,-12.655
1.5362e-06,-12.712
1.5363e-06,-12.831
1.5364e-06,-12.702
1.5365e-06,-12.891
1.5366e-06,-12.978
1.5367e-06,-13.171
1.5368e-06,-12.841
1.5369e-06,-13.04
1.537e-06,-12.897
1.5371e-06,-12.877
1.5372e-06,-13.084
1.5373e-06,-13.052
1.5374e-06,-13.113
1.5375e-06,-13.354
1.5376e-06,-13.366
1.5377e-06,-13.27
1.5378e-06,-13.161
1.5379e-06,-13.337
1.538e-06,-13.357
1.5381e-06,-13.351
1.5382e-06,-13.391
1.5383e-06,-13.415
1.5384e-06,-13.534
1.5385e-06,-13.436
1.5386e-06,-13.441
1.5387e-06,-13.622
1.5388e-06,-13.539
1.5389e-06,-13.81
1.539e-06,-13.706
1.5391e-06,-13.723
1.5392e-06,-13.678
1.5393e-06,-13.625
1.5394e-06,-13.631
1.5395e-06,-13.725
1.5396e-06,-13.823
1.5397e-06,-13.447
1.5398e-06,-13.711
1.5399e-06,-13.799
1.54e-06,-13.718
1.5401e-06,-13.849
1.5402e-06,-13.879
1.5403e-06,-13.903
1.5404e-06,-14.028
1.5405e-06,-13.978
1.5406e-06,-14.026
1.5407e-06,-14.247
1.5408e-06,-13.844
1.5409e-06,-14.062
1.541e-06,-14.169
1.5411e-06,-14.111
1.5412e-06,-14.254
1.5413e-06,-14.13
1.5414e-06,-14.236
1.5415e-06,-14.333
1.5416e-06,-14.39
1.5417e-06,-14.168
1.5418e-06,-14.32
1.5419e-06,-14.248
1.542e-06,-14.285
1.5421e-06,-14.286
1.5422e-06,-14.221
1.5423e-06,-14.577
1.5424e-06,-14.456
1.5425e-06,-14.598
1.5426e-06,-14.577
1.5427e-06,-14.647
1.5428e-06,-14.569
1.5429e-06,-14.548
1.543e-06,-14.519
1.5431e-06,-14.49
1.5432e-06,-14.644
1.5433e-06,-14.812
1.5434e-06,-14.814
1.5435e-06,-14.624
1.5436e-06,-15.059
1.5437e-06,-14.601
1.5438e-06,-14.969
1.5439e-06,-14.625
1.544e-06,-14.833
1.5441e-06,-14.832
1.5442e-06,-14.777
1.5443e-06,-14.881
1.5444e-06,-15.009
1.5445e-06,-15.026
1.5446e-06,-14.958
1.5447e-06,-14.897
1.5448e-06,-15.169
1.5449e-06,-15.132
1.545e-06,-14.96
1.5451e-06,-15.101
1.5452e-06,-14.917
1.5453e-06,-15.06
1.5454e-06,-15.211
1.5455e-06,-15.299
1.5456e-06,-15.395
1.5457e-06,-15.449
1.5458e-06,-15.294
1.5459e-06,-15.507
1.546e-06,-15.166
1.5461e-06,-15.284
1.5462e-06,-15.145
1.5463e-06,-15.239
1.5464e-06,-15.35
1.5465e-06,-15.272
1.5466e-06,-15.39
1.5467e-06,-15.334
1.5468e-06,-15.351
1.5469e-06,-15.425
1.547e-06,-15.351
1.5471e-06,-15.218
1.5472e-06,-15.503
1.5473e-06,-15.471
1.5474e-06,-15.46
1.5475e-06,-15.374
1.5476e-06,-15.457
1.5477e-06,-15.36
1.5478e-06,-15.368
1.5479e-06,-15.604
1.548e-06,-15.436
1.5481e-06,-15.652
1.5482e-06,-15.504
1.5483e-06,-15.515
1.5484e-06,-15.503
1.5485e-06,-15.549
1.5486e-06,-15.765
1.5487e-06,-15.658
1.5488e-06,-15.443
1.5489e-06,-15.72
1.549e-06,-15.711
1.5491e-06,-15.639
1.5492e-06,-15.583
1.5493e-06,-15.801
1.5494e-06,-15.608
1.5495e-06,-15.723
1.5496e-06,-15.699
1.5497e-06,-15.518
1.5498e-06,-15.8
1.5499e-06,-15.55
1.55e-06,-15.647
1.5501e-06,-15.551
1.5502e-06,-15.663
1.5503e-06,-15.777
1.5504e-06,-15.631
1.5505e-06,-15.695
1.5506e-06,-15.586
1.5507e-06,-15.39
1.5508e-06,-15.842
1.5509e-06,-15.922
1.551e-06,-15.643
1.5511e-06,-15.553
1.5512e-06,-15.595
1.5513e-06,-15.693
1.5514e-06,-15.486
1.5515e-06,-15.623
1.5516e-06,-15.887
1.5517e-06,-15.676
1.5518e-06,-15.419
1.5519e-06,-15.438
1.552e-06,-15.663
1.5521e-06,-15.583
1.5522e-06,-15.743
1.5523e-06,-15.754
1.5524e-06,-15.783
1.5525e-06,-15.622
1.5526e-06,-15.706
1.5527e-06,-15.544
1.5528e-06,-15.606
1.5529e-06,-15.558
1.553e-06,-15.724
1.5531e-06,-15.622
1.5532e-06,-15.74
1.5533e-06,-15.513
1.5534e-06,-15.493
1.5535e-06,-15.705
1.5536e-06,-15.588
1.5537e-06,-15.572
1.5538e-06,-15.523
1.5539e-06,-15.779
1.554e-06,-15.6
1.5541e-06,-15.575
1.5542e-06,-15.439
1.5543e-06,-15.699
1.5544e-06,-15.468
1.5545e-06,-15.704
1.5546e-06,-15.464
1.5547e-06,-15.347
1.5548e-06,-15.431
1.5549e-06,-15.659
1.555e-06,-15.419
1.5551e-06,-15.566
1.5552e-06,-15.483
1.5553e-06,-15.54
1.5554e-06,-15.33
1.5555e-06,-15.357
1.5556e-06,-15.479
1.5557e-06,-15.437
1.5558e-06,-15.29
1.5559e-06,-15.442
1.556e-06,-15.151
1.5561e-06,-15.286
1.5562e-06,-15.233
1.5563e-06,-15.524
1.5564e-06,-15.339
1.5565e-06,-15.21
1.5566e-06,-15.164
1.5567e-06,-15.211
1.5568e-06,-15.395
1.5569e-06,-15.253
1.557e-06,-14.955
1.5571e-06,-15.184
1.5572e-06,-15.112
1.5573e-06,-15.151
1.5574e-06,-15.155
1.5575e-06,-15.114
1.5576e-06,-15.224
1.5577e-06,-15.059
1.5578e-06,-15.252
1.5579e-06,-15.094
1.558e-06,-14.908
1.5581e-06,-14.959
1.5582e-06,-14.933
1.5583e-06,-15.043
1.5584e-06,-15.025
1.5585e-06,-14.991
1.5586e-06,-14.868
1.5587e-06,-15.092
1.5588e-06,-14.9
1.5589e-06,-14.857
1.559e-06,-14.926
1.5591e-06,-14.778
1.5592e-06,-14.706
1.5593e-06,-14.739
1.5594e-06,-14.817
1.5595e-06,-14.709
1.5596e-06,-14.711
1.5597e-06,-14.447
1.5598e-06,-14.766
1.5599e-06,-14.552
1.56e-06,-14.468
1.5601e-06,-14.452
1.5602e-06,-14.558
1.5603e-06,-14.387
1.5604e-06,-14.464
1.5605e-06,-14.438
1.5606e-06,-14.476
1.5607e-06,-14.39
1.5608e-06,-14.283
1.5609e-06,-14.471
1.561e-06,-14.582
1.5611e-06,-14.029
1.5612e-06,-14.311
1.5613e-06,-14.204
1.5614e-06,-14.299
1.5615e-06,-14.191
1.5616e-06,-14.21
1.5617e-06,-14.298
1.5618e-06,-14.216
1.5619e-06,-14.171
1.562e-06,-14.315
1.5621e-06,-14.011
1.5622e-06,-14.063
1.5623e-06,-14.173
1.5624e-06,-14
1.5625e-06,-13.892
1.5626e-06,-14.038
1.5627e-06,-14.033
1.5628e-06,-13.894
1.5629e-06,-13.884
1.563e-06,-13.934
1.5631e-06,-13.835
1.5632e-06,-13.975
1.5633e-06,-14.088
1.5634e-06,-13.816
1.5635e-06,-13.682
1.5636e-06,-13.798
1.5637e-06,-13.573
1.5638e-06,-13.648
1.5639e-06,-13.767
1.564e-06,-13.455
1.5641e-06,-13.552
1.5642e-06,-13.639
1.5643e-06,-13.644
1.5644e-06,-13.479
1.5645e-06,-13.67
1.5646e-06,-13.547
1.5647e-06,-13.531
1.5648e-06,-13.532
1.5649e-06,-13.324
1.565e-06,-13.381
1.5651e-06,-13.252
1.5652e-06,-13.415
1.5653e-06,-13.342
1.5654e-06,-13.308
1.5655e-06,-13.284
1.5656e-06,-13.465
1.5657e-06,-13.341
1.5658e-06,-13.114
1.5659e-06,-13.123
1.566e-06,-13.246
1.5661e-06,-12.965
1.5662e-06,-13.108
1.5663e-06,-12.923
1.5664e-06,-12.806
1.5665e-06,-13.237
1.5666e-06,-13.17
1.5667e-06,-12.763
1.5668e-06,-12.849
1.5669e-06,-12.966
1.567e-06,-12.99
1.5671e-06,-12.886
1.5672e-06,-13.006
1.5673e-06,-12.97
1.5674e-06,-12.866
1.5675e-06,-12.839
1.5676e-06,-12.829
1.5677e-06,-12.702
1.5678e-06,-12.83
1.5679e-06,-12.626
1.568e-06,-12.6
1.5681e-06,-12.653
1.5682e-06,-12.695
1.5683e-06,-12.735
1.5684e-06,-12.548
1.5685e-06,-12.495
1.5686e-06,-12.503
1.5687e-06,-12.662
1.5688e-06,-12.544
1.5689e-06,-12.54
1.569e-06,-12.436
1.5691e-06,-12.433
1.5692e-06,-12.357
1.5693e-06,-12.363
1.5694e-06,-12.484
1.5695e-06,-12.385
1.5696e-06,-12.209
1.5697e-06,-12.317
1.5698e-06,-12.035
1.5699e-06,-12.345
1.57e-06,-12.299
1.5701e-06,-12.176
1.5702e-06,-12.005
1.5703e-06,-12.19
1.5704e-06,-12.007
1.5705e-06,-12.01
1.5706e-06,-12
1.5707e-06,-11.973
1.5708e-06,-12.103
1.5709e-06,-11.944
1.571e-06,-11.708
1.5711e-06,-12.016
1.5712e-06,-11.669
1.5713e-06,-11.988
1.5714e-06,-11.784
1.5715e-06,-12.022
1.5716e-06,-11.932
1.5717e-06,-12.086
1.5718e-06,-11.817
1.5719e-06,-11.715
1.572e-06,-11.546
1.5721e-06,-11.82
1.5722e-06,-11.674
1.5723e-06,-11.392
1.5724e-06,-11.67
1.5725e-06,-11.407
1.5726e-06,-11.453
1.5727e-06,-11.6
1.5728e-06,-11.762
1.5729e-06,-11.439
1.573e-06,-11.405
1.5731e-06,-11.702
1.5732e-06,-11.38
1.5733e-06,-11.533
1.5734e-06,-11.481
1.5735e-06,-11.46
1.5736e-06,-11.376
1.5737e-06,-11.162
1.5738e-06,-11.314
1.5739e-06,-11.273
1.574e-06,-11.244
1.5741e-06,-11.178
1.5742e-06,-11.168
1.5743e-06,-11.075
1.5744e-06,-11.082
1.5745e-06,-11.014
1.5746e-06,-10.9
1.5747e-06,-11.059
1.5748e-06,-11.143
1.5749e-06,-10.945
1.575e-06,-10.875
1.5751e-06,-10.962
1.5752e-06,-10.921
1.5753e-06,-10.919
1.5754e-06,-10.832
1.5755e-06,-10.851
1.5756e-06,-10.754
1.5757e-06,-10.873
1.5758e-06,-10.989
1.5759e-06,-10.737
1.576e-06,-10.626
1.5761e-06,-10.847
1.5762e-06,-10.622
1.5763e-06,-10.682
1.5764e-06,-10.704
1.5765e-06,-10.629
1.5766e-06,-10.751
1.5767e-06,-10.722
1.5768e-06,-10.425
1.5769e-06,-10.499
1.577e-06,-10.678
1.5771e-06,-10.472
1.5772e-06,-10.554
1.5773e-06,-10.424
1.5774e-06,-10.327
1.5775e-06,-10.369
1.5776e-06,-10.265
1.5777e-06,-10.318
1.5778e-06,-10.24
1.5779e-06,-10.237
1.578e-06,-10.266
1.5781e-06,-10.172
1.5782e-06,-10.261
1.5783e-06,-10.047
1.5784e-06,-10.19
1.5785e-06,-10.335
1.5786e-06,-10.145
1.5787e-06,-10.259
1.5788e-06,-10.176
1.5789e-06,-9.9313
1.579e-06,-9.9939
1.5791e-06,-9.789
1.5792e-06,-9.9833
1.5793e-06,-9.8417
1.5794e-06,-9.8394
1.5795e-06,-9.8524
1.5796e-06,-9.725
1.5797e-06,-10.055
1.5798e-06,-9.9218
1.5799e-06,-9.8266
1.58e-06,-9.8418
1.5801e-06,-9.6731
1.5802e-06,-9.7012
1.5803e-06,-9.5986
1.5804e-06,-9.6304
1.5805e-06,-9.8283
1.5806e-06,-9.8502
1.5807e-06,-9.74
1.5808e-06,-10.024
1.5809e-06,-9.7063
1.581e-06,-9.6964
1.5811e-06,-9.5102
1.5812e-06,-9.842
1.5813e-06,-9.4823
1.5814e-06,-9.7145
1.5815e-06,-9.6971
1.5816e-06,-9.5005
1.5817e-06,-9.3838
1.5818e-06,-9.3038
1.5819e-06,-9.4319
1.582e-06,-9.5251
1.5821e-06,-9.2765
1.5822e-06,-9.5479
1.5823e-06,-9.4169
1.5824e-06,-9.4446
1.5825e-06,-9.4677
1.5826e-06,-9.3911
1.5827e-06,-9.3353
1.5828e-06,-9.1064
1.5829e-06,-9.5023
1.583e-06,-9.1462
1.5831e-06,-9.1602
1.5832e-06,-9.2643
1.5833e-06,-9.1516
1.5834e-06,-9.2291
1.5835e-06,-9.1427
1.5836e-06,-9.1836
1.5837e-06,-9.2171
1.5838e-06,-9.186
1.5839e-06,-9.0802
1.584e-06,-9.1681
1.5841e-06,-9.1543
1.5842e-06,-8.879
1.5843e-06,-9.0879
1.5844e-06,-9.0174
1.5845e-06,-8.8815
1.5846e-06,-8.8579
1.5847e-06,-8.8493
1.5848e-06,-8.9236
1.5849e-06,-8.7412
1.585e-06,-8.8716
1.5851e-06,-8.9975
1.5852e-06,-8.8568
1.5853e-06,-8.6376
1.5854e-06,-8.7944
1.5855e-06,-8.7059
1.5856e-06,-8.7348
1.5857e-06,-8.7941
1.5858e-06,-8.7259
1.5859e-06,-8.6318
1.586e-06,-8.6462
1.5861e-06,-8.6479
1.5862e-06,-8.3268
1.5863e-06,-8.6366
1.5864e-06,-8.5955
1.5865e-06,-8.6274
1.5866e-06,-8.5922
1.5867e-06,-8.4998
1.5868e-06,-8.5195
1.5869e-06,-8.5026
1.587e-06,-8.4104
1.5871e-06,-8.4705
1.5872e-06,-8.3766
1.5873e-06,-8.2728
1.5874e-06,-8.3076
1.5875e-06,-8.4754
1.5876e-06,-8.4106
1.5877e-06,-8.502
1.5878e-06,-8.3458
1.5879e-06,-8.4285
1.588e-06,-8.169
1.5881e-06,-8.2782
1.5882e-06,-8.1611
1.5883e-06,-8.1246
1.5884e-06,-8.0444
1.5885e-06,-8.0175
1.5886e-06,-8.2706
1.5887e-06,-8.1759
1.5888e-06,-8.0767
1.5889e-06,-8.0741
1.589e-06,-8.149
1.5891e-06,-8.2273
1.5892e-06,-8.2134
1.5893e-06,-7.9468
1.5894e-06,-7.9531
1.5895e-06,-8.2221
1.5896e-06,-8.0295
1.5897e-06,-7.8698
1.5898e-06,-7.855
1.5899e-06,-8.0936
1.59e-06,-7.6724
1.5901e-06,-8.2041
1.5902e-06,-7.8638
1.5903e-06,-7.7142
1.5904e-06,-7.867
1.5905e-06,-7.8232
1.5906e-06,-7.9143
1.5907e-06,-7.6501
1.5908e-06,-7.8269
1.5909e-06,-7.9326
1.591e-06,-7.8675
1.5911e-06,-7.7822
1.5912e-06,-7.9163
1.5913e-06,-7.6958
1.5914e-06,-7.8003
1.5915e-06,-7.7481
1.5916e-06,-7.7307
1.5917e-06,-7.8082
1.5918e-06,-7.467
1.5919e-06,-7.4986
1.592e-06,-7.4937
1.5921e-06,-7.5712
1.5922e-06,-7.7808
1.5923e-06,-7.5616
1.5924e-06,-7.5203
1.5925e-06,-7.4498
1.5926e-06,-7.5711
1.5927e-06,-7.5567
1.5928e-06,-7.577
1.5929e-06,-7.5461
1.593e-06,-7.2577
1.5931e-06,-7.363
1.5932e-06,-7.3488
1.5933e-06,-7.4986
1.5934e-06,-7.3635
1.5935e-06,-7.2706
1.5936e-06,-7.5318
1.5937e-06,-7.307
1.5938e-06,-7.2729
1.5939e-06,-7.3724
1.594e-06,-7.2291
1.5941e-06,-7.0323
1.5942e-06,-7.4849
1.5943e-06,-7.1834
1.5944e-06,-7.4149
1.5945e-06,-7.2206
1.5946e-06,-7.1522
1.5947e-06,-7.1639
1.5948e-06,-7.2441
1.5949e-06,-7.0776
1.595e-06,-7.15
1.5951e-06,-7.1184
1.5952e-06,-6.9439
1.5953e-06,-6.9192
1.5954e-06,-6.9482
1.5955e-06,-6.9577
1.5956e-06,-6.9029
1.5957e-06,-7.1649
1.5958e-06,-7.1633
1.5959e-06,-6.9915
1.596e-06,-6.8934
1.5961e-06,-6.9298
1.5962e-06,-7.0121
1.5963e-06,-6.8189
1.5964e-06,-6.9558
1.5965e-06,-6.9674
1.5966e-06,-6.9401
1.5967e-06,-6.9229
1.5968e-06,-6.8562
1.5969e-06,-6.9721
1.597e-06,-6.5713
1.5971e-06,-6.7801
1.5972e-06,-6.8229
1.5973e-06,-6.7466
1.5974e-06,-6.5662
1.5975e-06,-6.6321
1.5976e-06,-6.8348
1.5977e-06,-6.5328
1.5978e-06,-6.6224
1.5979e-06,-6.8268
1.598e-06,-6.9754
1.5981e-06,-6.744
1.5982e-06,-6.7412
1.5983e-06,-6.6086
1.5984e-06,-6.629
1.5985e-06,-6.5536
1.5986e-06,-6.7871
1.5987e-06,-6.6001
1.5988e-06,-6.7169
1.5989e-06,-6.5811
1.599e-06,-6.8121
1.5991e-06,-6.5213
1.5992e-06,-6.1891
1.5993e-06,-6.1016
1.5994e-06,-6.54
1.5995e-06,-6.4923
1.5996e-06,-6.474
1.5997e-06,-6.2557
1.5998e-06,-6.3754
1.5999e-06,-6.4244
1.6e-06,-6.4513
1.6001e-06,-6.2167
1.6002e-06,-6.6065
1.6003e-06,-6.5888
1.6004e-06,-6.2596
1.6005e-06,-6.2067
1.6006e-06,-6.1347
1.6007e-06,-6.279
1.6008e-06,-6.3436
1.6009e-06,-6.2654
1.601e-06,-6.3606
1.6011e-06,-6.4504
1.6012e-06,-6.2013
1.6013e-06,-6.3056
1.6014e-06,-6.0982
1.6015e-06,-6.0453
1.6016e-06,-6.0813
1.6017e-06,-6.1849
1.6018e-06,-5.8901
1.6019e-06,-6.0489
1.602e-06,-6.0627
1.6021e-06,-6.1549
1.6022e-06,-6.0038
1.6023e-06,-5.947
1.6024e-06,-6.0648
1.6025e-06,-6.0407
1.6026e-06,-5.8851
1.6027e-06,-6.1272
1.6028e-06,-6.1497
1.6029e-06,-5.9926
1.603e-06,-6.141
1.6031e-06,-6.1237
1.6032e-06,-5.7899
1.6033e-06,-5.9916
1.6034e-06,-5.9437
1.6035e-06,-5.6305
1.6036e-06,-5.8619
1.6037e-06,-5.7618
1.6038e-06,-5.8621
1.6039e-06,-6.0985
1.604e-06,-5.7989
1.6041e-06,-5.7159
1.6042e-06,-5.6632
1.6043e-06,-5.6446
1.6044e-06,-5.8441
1.6045e-06,-5.7928
1.6046e-06,-5.544
1.6047e-06,-5.6731
1.6048e-06,-5.7838
1.6049e-06,-5.7053
1.605e-06,-5.5365
1.6051e-06,-5.5961
1.6052e-06,-5.6776
1.6053e-06,-5.6149
1.6054e-06,-5.8291
1.6055e-06,-5.5525
1.6056e-06,-5.5742
1.6057e-06,-5.5605
1.6058e-06,-5.6511
1.6059e-06,-5.5897
1.606e-06,-5.6283
1.6061e-06,-5.5515
1.6062e-06,-5.6455
1.6063e-06,-5.5758
1.6064e-06,-5.5344
1.6065e-06,-5.5822
1.6066e-06,-5.3538
1.6067e-06,-5.33
1.6068e-06,-5.3906
1.6069e-06,-5.5607
1.607e-06,-5.4941
1.6071e-06,-5.6327
1.6072e-06,-5.1281
1.6073e-06,-5.2831
1.6074e-06,-5.5152
1.6075e-06,-5.5118
1.6076e-06,-5.4746
1.6077e-06,-5.3931
1.6078e-06,-5.3167
1.6079e-06,-5.4285
1.608e-06,-5.2845
1.6081e-06,-5.3581
1.6082e-06,-5.3017
1.6083e-06,-5.3383
1.6084e-06,-5.5463
1.6085e-06,-5.3508
1.6086e-06,-5.332
1.6087e-06,-5.2684
1.6088e-06,-5.3535
1.6089e-06,-5.2205
1.609e-06,-5.281
1.6091e-06,-5.1231
1.6092e-06,-4.9585
1.6093e-06,-5.1324
1.6094e-06,-5.2268
1.6095e-06,-5.0068
1.6096e-06,-5.072
1.6097e-06,-5.0869
1.6098e-06,-5.1762
1.6099e-06,-5.1948
1.61e-06,-5.0913
1.6101e-06,-5.0668
1.6102e-06,-4.9975
1.6103e-06,-4.9085
1.6104e-06,-5.2187
1.6105e-06,-5.0945
1.6106e-06,-5.0386
1.6107e-06,-5.1213
1.6108e-06,-4.9152
1.6109e-06,-4.9235
1.611e-06,-5.1912
1.6111e-06,-5.0432
1.6112e-06,-4.6811
1.6113e-06,-4.9871
1.6114e-06,-5.0872
1.6115e-06,-4.8604
1.6116e-06,-5.0538
1.6117e-06,-5.0395
1.6118e-06,-4.9793
1.6119e-06,-4.8492
1.612e-06,-4.7321
1.6121e-06,-4.7831
1.6122e-06,-5.0075
1.6123e-06,-4.7784
1.6124e-06,-4.713
1.6125e-06,-4.6729
1.6126e-06,-4.815
1.6127e-06,-4.6509
1.6128e-06,-4.7789
1.6129e-06,-4.8855
1.613e-06,-4.776
1.6131e-06,-4.564
1.6132e-06,-4.6899
1.6133e-06,-4.4155
1.6134e-06,-4.673
1.6135e-06,-4.6882
1.6136e-06,-4.6182
1.6137e-06,-4.6607
1.6138e-06,-4.8001
1.6139e-06,-4.7104
1.614e-06,-4.6869
1.6141e-06,-4.6026
1.6142e-06,-4.6165
1.6143e-06,-4.605
1.6144e-06,-4.615
1.6145e-06,-4.7027
1.6146e-06,-4.4106
1.6147e-06,-4.4866
1.6148e-06,-4.3398
1.6149e-06,-4.6524
1.615e-06,-4.5697
1.6151e-06,-4.6161
1.6152e-06,-4.4047
1.6153e-06,-4.4928
1.6154e-06,-4.387
1.6155e-06,-4.5025
1.6156e-06,-4.3105
1.6157e-06,-4.4359
1.6158e-06,-4.5556
1.6159e-06,-4.5671
1.616e-06,-4.6034
1.6161e-06,-4.4328
1.6162e-06,-4.4689
1.6163e-06,-4.2335
1.6164e-06,-4.2896
1.6165e-06,-4.3643
1.6166e-06,-4.3171
1.6167e-06,-4.3379
1.6168e-06,-4.253
1.6169e-06,-4.2736
1.617e-06,-4.2105
1.6171e-06,-4.3165
1.6172e-06,-4.2011
1.6173e-06,-4.1284
1.6174e-06,-4.0572
1.6175e-06,-4.3812
1.6176e-06,-4.0713
1.6177e-06,-4.4549
1.6178e-06,-4.2408
1.6179e-06,-4.1751
1.618e-06,-4.0905
1.6181e-06,-4.1651
1.6182e-06,-3.9765
1.6183e-06,-4.185
1.6184e-06,-4.1556
1.6185e-06,-3.8859
1.6186e-06,-4.1395
1.6187e-06,-4.0396
1.6188e-06,-3.9731
1.6189e-06,-4.1153
1.619e-06,-3.8396
1.6191e-06,-4.0169
1.6192e-06,-3.9762
1.6193e-06,-3.9645
1.6194e-06,-3.9147
1.6195e-06,-4.1605
1.6196e-06,-4.0902
1.6197e-06,-4.0849
1.6198e-06,-4.2658
1.6199e-06,-4.0884
1.62e-06,-4.1325
1.6201e-06,-3.9841
1.6202e-06,-4.0746
1.6203e-06,-4.1237
1.6204e-06,-3.756
1.6205e-06,-4.0965
1.6206e-06,-3.8807
1.6207e-06,-4.12
1.6208e-06,-3.7425
1.6209e-06,-3.832
1.621e-06,-4.0293
1.6211e-06,-4.0944
1.6212e-06,-4.0437
1.6213e-06,-3.9537
1.6214e-06,-3.8587
1.6215e-06,-3.7835
1.6216e-06,-3.8383
1.6217e-06,-3.9272
1.6218e-06,-3.8327
1.6219e-06,-3.7987
1.622e-06,-3.9929
1.6221e-06,-3.619
1.6222e-06,-3.6049
1.6223e-06,-3.8469
1.6224e-06,-3.6471
1.6225e-06,-3.5419
1.6226e-06,-3.8462
1.6227e-06,-3.6827
1.6228e-06,-3.554
1.6229e-06,-3.8329
1.623e-06,-3.6519
1.6231e-06,-3.5855
1.6232e-06,-3.7003
1.6233e-06,-3.7515
1.6234e-06,-3.5737
1.6235e-06,-3.4994
1.6236e-06,-3.5057
1.6237e-06,-3.452
1.6238e-06,-3.7075
1.6239e-06,-3.4961
1.624e-06,-3.8156
1.6241e-06,-3.5352
1.6242e-06,-3.7662
1.6243e-06,-3.8001
1.6244e-06,-3.1726
1.6245e-06,-3.558
1.6246e-06,-3.4397
1.6247e-06,-3.5342
1.6248e-06,-3.396
1.6249e-06,-3.6184
1.625e-06,-3.4885
1.6251e-06,-3.4223
1.6252e-06,-3.5719
1.6253e-06,-3.3244
1.6254e-06,-3.4291
1.6255e-06,-3.5271
1.6256e-06,-3.4826
1.6257e-06,-3.2663
1.6258e-06,-3.4125
1.6259e-06,-3.3647
1.626e-06,-3.248
1.6261e-06,-3.3983
1.6262e-06,-3.3282
1.6263e-06,-3.1806
1.6264e-06,-3.3063
1.6265e-06,-3.1405
1.6266e-06,-3.288
1.6267e-06,-3.4127
1.6268e-06,-3.1588
1.6269e-06,-3.3455
1.627e-06,-3.0812
1.6271e-06,-3.4893
1.6272e-06,-3.3139
1.6273e-06,-3.129
1.6274e-06,-3.3256
1.6275e-06,-3.329
1.6276e-06,-3.3247
1.6277e-06,-3.3108
1.6278e-06,-3.2802
1.6279e-06,-3.1969
1.628e-06,-3.1426
1.6281e-06,-3.2713
1.6282e-06,-3.0111
1.6283e-06,-3.3562
1.6284e-06,-3.1993
1.6285e-06,-3.4425
1.6286e-06,-3.1625
1.6287e-06,-3.1016
1.6288e-06,-3.4358
1.6289e-06,-3.0562
1.629e-06,-3.3191
1.6291e-06,-3.2922
1.6292e-06,-3.0397
1.6293e-06,-3.0502
1.6294e-06,-3.0609
1.6295e-06,-2.9584
1.6296e-06,-2.8809
1.6297e-06,-3.2985
1.6298e-06,-2.9988
1.6299e-06,-3.2798
1.63e-06,-2.8827
1.6301e-06,-3.0294
1.6302e-06,-3.0192
1.6303e-06,-2.7256
1.6304e-06,-3.1516
1.6305e-06,-2.9607
1.6306e-06,-3.0974
1.6307e-06,-3.0257
1.6308e-06,-3.3082
1.6309e-06,-2.9023
1.631e-06,-2.9934
1.6311e-06,-2.7997
1.6312e-06,-3.0376
1.6313e-06,-2.6677
1.6314e-06,-3.0128
1.6315e-06,-2.8028
1.6316e-06,-3.0717
1.6317e-06,-2.7541
1.6318e-06,-3.0038
1.6319e-06,-2.7428
1.632e-06,-2.8973
1.6321e-06,-2.8626
1.6322e-06,-2.8241
1.6323e-06,-2.7172
1.6324e-06,-2.7626
1.6325e-06,-2.8937
1.6326e-06,-2.8937
1.6327e-06,-2.712
1.6328e-06,-2.8185
1.6329e-06,-2.6038
1.633e-06,-2.6666
1.6331e-06,-2.9864
1.6332e-06,-3.0181
1.6333e-06,-2.6678
1.6334e-06,-2.5816
1.6335e-06,-2.6847
1.6336e-06,-2.5617
1.6337e-06,-2.5048
1.6338e-06,-2.6022
1.6339e-06,-2.8273
1.634e-06,-2.5321
1.6341e-06,-2.6053
1.6342e-06,-2.8212
1.6343e-06,-2.5973
1.6344e-06,-2.6719
1.6345e-06,-2.6344
1.6346e-06,-2.668
1.6347e-06,-2.7356
1.6348e-06,-2.5361
1.6349e-06,-2.6224
1.635e-06,-2.6547
1.6351e-06,-2.7066
1.6352e-06,-2.8797
1.6353e-06,-2.7062
1.6354e-06,-2.4959
1.6355e-06,-2.3848
1.6356e-06,-2.6013
1.6357e-06,-2.6579
1.6358e-06,-2.5293
1.6359e-06,-2.6479
1.636e-06,-2.6179
1.6361e-06,-2.7718
1.6362e-06,-2.4683
1.6363e-06,-2.408
1.6364e-06,-2.5083
1.6365e-06,-2.4596
1.6366e-06,-2.6349
1.6367e-06,-2.6048
1.6368e-06,-2.3574
1.6369e-06,-2.5674
1.637e-06,-2.8169
1.6371e-06,-2.3974
1.6372e-06,-2.4019
1.6373e-06,-2.4802
1.6374e-06,-2.3265
1.6375e-06,-2.5631
1.6376e-06,-2.372
1.6377e-06,-2.4218
1.6378e-06,-2.2559
1.6379e-06,-2.3171
1.638e-06,-2.1816
1.6381e-06,-2.4232
1.6382e-06,-2.4852
1.6383e-06,-2.3487
1.6384e-06,-2.2707
1.6385e-06,-2.1454
1.6386e-06,-2.1135
1.6387e-06,-2.4028
1.6388e-06,-2.3026
1.6389e-06,-2.1872
1.639e-06,-2.2783
1.6391e-06,-2.3907
1.6392e-06,-2.3749
1.6393e-06,-2.3339
1.6394e-06,-2.2781
1.6395e-06,-2.1992
1.6396e-06,-2.1377
1.6397e-06,-2.2233
1.6398e-06,-2.2576
1.6399e-06,-2.0251
1.64e-06,-2.2964
1.6401e-06,-2.3137
1.6402e-06,-2.168
1.6403e-06,-1.9826
1.6404e-06,-2.0258
1.6405e-06,-2.1478
1.6406e-06,-2.4056
1.6407e-06,-2.2514
1.6408e-06,-2.2382
1.6409e-06,-2.1573
1.641e-06,-1.8591
1.6411e-06,-2.0161
1.6412e-06,-2.1786
1.6413e-06,-2.2216
1.6414e-06,-2.0651
1.6415e-06,-2.1675
1.6416e-06,-1.9768
1.6417e-06,-1.8649
1.6418e-06,-2.023
1.6419e-06,-1.9212
1.642e-06,-2.2195
1.6421e-06,-2.2873
1.6422e-06,-1.9823
1.6423e-06,-2.0743
1.6424e-06,-2.0237
1.6425e-06,-1.9859
1.6426e-06,-2.0726
1.6427e-06,-2.0538
1.6428e-06,-1.9575
1.6429e-06,-1.8986
1.643e-06,-1.8061
1.6431e-06,-2.0744
1.6432e-06,-2.0332
1.6433e-06,-2.0435
1.6434e-06,-2.1382
1.6435e-06,-2.0302
1.6436e-06,-1.8762
1.6437e-06,-1.8097
1.6438e-06,-2.0316
1.6439e-06,-1.9793
1.644e-06,-1.5955
1.6441e-06,-2.0203
1.6442e-06,-1.921
1.6443e-06,-1.9252
1.6444e-06,-2.213
1.6445e-06,-1.7932
1.6446e-06,-1.9532
1.6447e-06,-1.832
1.6448e-06,-1.8265
1.6449e-06,-2.2453
1.645e-06,-1.8451
1.6451e-06,-1.6697
1.6452e-06,-2.0743
1.6453e-06,-1.6484
1.6454e-06,-1.8445
1.6455e-06,-1.7192
1.6456e-06,-1.8938
1.6457e-06,-1.8841
1.6458e-06,-1.7393
1.6459e-06,-1.8234
1.646e-06,-1.6618
1.6461e-06,-2.0942
1.6462e-06,-1.6881
1.6463e-06,-1.8717
1.6464e-06,-1.8461
1.6465e-06,-1.9266
1.6466e-06,-1.6167
1.6467e-06,-1.8723
1.6468e-06,-1.939
1.6469e-06,-1.7745
1.647e-06,-1.7196
1.6471e-06,-1.7284
1.6472e-06,-1.7559
1.6473e-06,-1.3678
1.6474e-06,-1.7492
1.6475e-06,-1.6035
1.6476e-06,-1.6443
1.6477e-06,-1.6656
1.6478e-06,-1.4749
1.6479e-06,-1.5998
1.648e-06,-1.8569
1.6481e-06,-1.6602
1.6482e-06,-1.5757
1.6483e-06,-1.8143
1.6484e-06,-1.4211
1.6485e-06,-1.6685
1.6486e-06,-1.6027
1.6487e-06,-1.7189
1.6488e-06,-1.7426
1.6489e-06,-1.56
1.649e-06,-1.3243
1.6491e-06,-1.5317
1.6492e-06,-1.5206
1.6493e-06,-1.4301
1.6494e-06,-1.2844
1.6495e-06,-1.4222
1.6496e-06,-1.747
1.6497e-06,-1.4242
1.6498e-06,-1.5681
1.6499e-06,-1.4371
1.65e-06,-1.2094
