1.35e-06,7.4954
1.3501e-06,7.6049
1.3502e-06,7.577
1.3503e-06,7.4928
1.3504e-06,7.4703
1.3505e-06,7.4842
1.3506e-06,7.5368
1.3507e-06,7.4911
1.3508e-06,7.6697
1.3509e-06,7.5023
1.351e-06,7.6092
1.3511e-06,7.4669
1.3512e-06,7.5174
1.3513e-06,7.499
1.3514e-06,7.6008
1.3515e-06,7.602
1.3516e-06,7.3823
1.3517e-06,7.5098
1.3518e-06,7.372
1.3519e-06,7.5239
1.352e-06,7.3036
1.3521e-06,7.5279
1.3522e-06,7.5526
1.3523e-06,7.4663
1.3524e-06,7.356
1.3525e-06,7.4806
1.3526e-06,7.3567
1.3527e-06,7.4015
1.3528e-06,7.3582
1.3529e-06,7.4373
1.353e-06,7.4862
1.3531e-06,7.3359
1.3532e-06,7.2972
1.3533e-06,7.392
1.3534e-06,7.322
1.3535e-06,7.39
1.3536e-06,7.546
1.3537e-06,7.3295
1.3538e-06,7.3549
1.3539e-06,7.4412
1.354e-06,7.4028
1.3541e-06,7.4488
1.3542e-06,7.2012
1.3543e-06,7.4088
1.3544e-06,7.2731
1.3545e-06,7.2959
1.3546e-06,7.2818
1.3547e-06,7.3291
1.3548e-06,7.3766
1.3549e-06,7.2264
1.355e-06,7.2578
1.3551e-06,7.2522
1.3552e-06,7.2765
1.3553e-06,7.3167
1.3554e-06,7.2258
1.3555e-06,7.3003
1.3556e-06,7.2077
1.3557e-06,7.2096
1.3558e-06,7.3059
1.3559e-06,7.301
1.356e-06,7.1955
1.3561e-06,7.297
1.3562e-06,7.3774
1.3563e-06,7.3561
1.3564e-06,7.2549
1.3565e-06,7.4286
1.3566e-06,7.3201
1.3567e-06,7.2729
1.3568e-06,7.2524
1.3569e-06,7.1843
1.357e-06,7.2487
1.3571e-06,7.2695
1.3572e-06,7.2401
1.3573e-06,7.2489
1.3574e-06,7.1799
1.3575e-06,7.1911
1.3576e-06,7.2201
1.3577e-06,7.2284
1.3578e-06,7.2048
1.3579e-06,7.2905
1.358e-06,7.1599
1.3581e-06,7.1099
1.3582e-06,7.2913
1.3583e-06,7.2606
1.3584e-06,7.1755
1.3585e-06,7.2622
1.3586e-06,7.0723
1.3587e-06,7.1291
1.3588e-06,7.3206
1.3589e-06,7.2629
1.359e-06,7.0841
1.3591e-06,7.221
1.3592e-06,7.1601
1.3593e-06,7.1419
1.3594e-06,7.2331
1.3595e-06,7.078
1.3596e-06,7.1124
1.3597e-06,7.05
1.3598e-06,7.0504
1.3599e-06,7.1846
1.36e-06,7.1736
1.3601e-06,7.0778
1.3602e-06,7.0609
1.3603e-06,7.0946
1.3604e-06,6.9943
1.3605e-06,7.0682
1.3606e-06,7.0623
1.3607e-06,7.0737
1.3608e-06,7.0822
1.3609e-06,6.983
1.361e-06,7.0802
1.3611e-06,7.1279
1.3612e-06,6.9783
1.3613e-06,6.9283
1.3614e-06,7.1163
1.3615e-06,6.9998
1.3616e-06,6.9825
1.3617e-06,6.9769
1.3618e-06,6.9553
1.3619e-06,7.0748
1.362e-06,6.9919
1.3621e-06,7.1592
1.3622e-06,6.9478
1.3623e-06,6.9524
1.3624e-06,6.9787
1.3625e-06,7.0523
1.3626e-06,6.9805
1.3627e-06,7.0913
1.3628e-06,7.0002
1.3629e-06,7.0249
1.363e-06,7.1288
1.3631e-06,7.0245
1.3632e-06,6.9547
1.3633e-06,7.0773
1.3634e-06,7.019
1.3635e-06,7.1205
1.3636e-06,7.0291
1.3637e-06,7.0619
1.3638e-06,7.0895
1.3639e-06,7.0553
1.364e-06,6.9611
1.3641e-06,7.03
1.3642e-06,7.042
1.3643e-06,7.0641
1.3644e-06,6.9639
1.3645e-06,6.9513
1.3646e-06,6.7355
1.3647e-06,6.8254
1.3648e-06,6.9024
1.3649e-06,6.923
1.365e-06,6.9833
1.3651e-06,6.9082
1.3652e-06,7.0513
1.3653e-06,6.966
1.3654e-06,6.8127
1.3655e-06,7.0343
1.3656e-06,6.7109
1.3657e-06,6.8059
1.3658e-06,6.7372
1.3659e-06,6.852
1.366e-06,6.8762
1.3661e-06,6.8895
1.3662e-06,6.9504
1.3663e-06,6.8102
1.3664e-06,6.9039
1.3665e-06,7.0077
1.3666e-06,6.9929
1.3667e-06,6.7103
1.3668e-06,6.8801
1.3669e-06,6.8339
1.367e-06,6.7454
1.3671e-06,6.772
1.3672e-06,6.8522
1.3673e-06,6.7174
1.3674e-06,6.8173
1.3675e-06,6.8099
1.3676e-06,6.8235
1.3677e-06,6.9215
1.3678e-06,6.7646
1.3679e-06,6.8709
1.368e-06,6.7804
1.3681e-06,6.8239
1.3682e-06,6.7756
1.3683e-06,6.8539
1.3684e-06,6.8201
1.3685e-06,6.844
1.3686e-06,6.7263
1.3687e-06,6.5518
1.3688e-06,6.6634
1.3689e-06,6.7395
1.369e-06,6.7983
1.3691e-06,6.8617
1.3692e-06,6.7321
1.3693e-06,6.8047
1.3694e-06,6.5966
1.3695e-06,6.7681
1.3696e-06,6.7499
1.3697e-06,6.7038
1.3698e-06,6.7079
1.3699e-06,6.7485
1.37e-06,6.798
1.3701e-06,6.6655
1.3702e-06,6.8105
1.3703e-06,6.7645
1.3704e-06,6.7083
1.3705e-06,6.7335
1.3706e-06,6.8042
1.3707e-06,6.7832
1.3708e-06,6.6002
1.3709e-06,6.7283
1.371e-06,6.7802
1.3711e-06,6.7308
1.3712e-06,6.6683
1.3713e-06,6.6668
1.3714e-06,6.5872
1.3715e-06,6.7162
1.3716e-06,6.605
1.3717e-06,6.6039
1.3718e-06,6.6005
1.3719e-06,6.7246
1.372e-06,6.5953
1.3721e-06,6.7142
1.3722e-06,6.5976
1.3723e-06,6.6201
1.3724e-06,6.4839
1.3725e-06,6.6785
1.3726e-06,6.5567
1.3727e-06,6.5395
1.3728e-06,6.573
1.3729e-06,6.5503
1.373e-06,6.5114
1.3731e-06,6.5599
1.3732e-06,6.5606
1.3733e-06,6.5017
1.3734e-06,6.6301
1.3735e-06,6.5289
1.3736e-06,6.5857
1.3737e-06,6.4928
1.3738e-06,6.5051
1.3739e-06,6.5809
1.374e-06,6.5391
1.3741e-06,6.5542
1.3742e-06,6.426
1.3743e-06,6.5121
1.3744e-06,6.5041
1.3745e-06,6.3293
1.3746e-06,6.4814
1.3747e-06,6.515
1.3748e-06,6.5575
1.3749e-06,6.5922
1.375e-06,6.5366
1.3751e-06,6.4417
1.3752e-06,6.4707
1.3753e-06,6.495
1.3754e-06,6.4941
1.3755e-06,6.4573
1.3756e-06,6.4272
1.3757e-06,6.5284
1.3758e-06,6.5368
1.3759e-06,6.3581
1.376e-06,6.3897
1.3761e-06,6.4309
1.3762e-06,6.4808
1.3763e-06,6.5001
1.3764e-06,6.4284
1.3765e-06,6.4731
1.3766e-06,6.5686
1.3767e-06,6.4621
1.3768e-06,6.325
1.3769e-06,6.4045
1.377e-06,6.3887
1.3771e-06,6.3467
1.3772e-06,6.5198
1.3773e-06,6.4153
1.3774e-06,6.3639
1.3775e-06,6.4022
1.3776e-06,6.3247
1.3777e-06,6.2764
1.3778e-06,6.375
1.3779e-06,6.4244
1.378e-06,6.1913
1.3781e-06,6.2646
1.3782e-06,6.3265
1.3783e-06,6.3942
1.3784e-06,6.2973
1.3785e-06,6.3173
1.3786e-06,6.3517
1.3787e-06,6.1579
1.3788e-06,6.3369
1.3789e-06,6.2273
1.379e-06,6.2062
1.3791e-06,6.286
1.3792e-06,6.386
1.3793e-06,6.3673
1.3794e-06,6.2884
1.3795e-06,6.2814
1.3796e-06,6.4339
1.3797e-06,6.3106
1.3798e-06,6.2356
1.3799e-06,6.2472
1.38e-06,6.2636
1.3801e-06,6.3308
1.3802e-06,6.261
1.3803e-06,6.3294
1.3804e-06,6.1511
1.3805e-06,6.2002
1.3806e-06,6.2968
1.3807e-06,6.2576
1.3808e-06,6.2363
1.3809e-06,6.2185
1.381e-06,6.2916
1.3811e-06,6.2591
1.3812e-06,6.1694
1.3813e-06,6.3096
1.3814e-06,6.3091
1.3815e-06,6.2575
1.3816e-06,6.169
1.3817e-06,6.1559
1.3818e-06,6.2134
1.3819e-06,6.1537
1.382e-06,6.0213
1.3821e-06,6.1319
1.3822e-06,6.1488
1.3823e-06,6.0908
1.3824e-06,6.0478
1.3825e-06,6.2602
1.3826e-06,6.1659
1.3827e-06,6.1046
1.3828e-06,6.085
1.3829e-06,5.9622
1.383e-06,6.1159
1.3831e-06,5.9405
1.3832e-06,5.9838
1.3833e-06,6.103
1.3834e-06,6.0645
1.3835e-06,6.0959
1.3836e-06,6.1632
1.3837e-06,6.228
1.3838e-06,6.0098
1.3839e-06,6.0607
1.384e-06,6.0615
1.3841e-06,5.9212
1.3842e-06,5.9918
1.3843e-06,6.0039
1.3844e-06,6.0086
1.3845e-06,6.0876
1.3846e-06,6.2141
1.3847e-06,6.0314
1.3848e-06,6.0088
1.3849e-06,5.9505
1.385e-06,6.0205
1.3851e-06,6.0359
1.3852e-06,6.0926
1.3853e-06,6.0728
1.3854e-06,6.1828
1.3855e-06,6.2208
1.3856e-06,6.1204
1.3857e-06,5.998
1.3858e-06,5.9751
1.3859e-06,6.0179
1.386e-06,5.9571
1.3861e-06,6.0505
1.3862e-06,6.0037
1.3863e-06,5.9151
1.3864e-06,6.0062
1.3865e-06,5.8843
1.3866e-06,5.9473
1.3867e-06,5.9882
1.3868e-06,5.8864
1.3869e-06,6.0115
1.387e-06,6.0254
1.3871e-06,5.6947
1.3872e-06,5.9041
1.3873e-06,5.9887
1.3874e-06,5.9357
1.3875e-06,6.0224
1.3876e-06,5.9092
1.3877e-06,5.9133
1.3878e-06,5.9079
1.3879e-06,5.9707
1.388e-06,5.8748
1.3881e-06,5.8971
1.3882e-06,5.8572
1.3883e-06,5.9597
1.3884e-06,5.9012
1.3885e-06,5.829
1.3886e-06,5.8557
1.3887e-06,5.9579
1.3888e-06,5.9829
1.3889e-06,5.7588
1.389e-06,5.8137
1.3891e-06,5.8793
1.3892e-06,5.9542
1.3893e-06,5.9702
1.3894e-06,5.9386
1.3895e-06,5.792
1.3896e-06,5.7515
1.3897e-06,5.8129
1.3898e-06,5.9098
1.3899e-06,5.7472
1.39e-06,5.767
1.3901e-06,5.7134
1.3902e-06,5.8344
1.3903e-06,5.7473
1.3904e-06,5.8727
1.3905e-06,5.779
1.3906e-06,5.7884
1.3907e-06,5.8076
1.3908e-06,5.822
1.3909e-06,5.6292
1.391e-06,5.7195
1.3911e-06,5.9259
1.3912e-06,5.7402
1.3913e-06,5.6316
1.3914e-06,5.7855
1.3915e-06,5.6282
1.3916e-06,5.9558
1.3917e-06,5.7582
1.3918e-06,5.6941
1.3919e-06,5.6232
1.392e-06,5.7047
1.3921e-06,5.6913
1.3922e-06,5.6692
1.3923e-06,5.6149
1.3924e-06,5.6793
1.3925e-06,5.6825
1.3926e-06,5.5977
1.3927e-06,5.6251
1.3928e-06,5.7631
1.3929e-06,5.6272
1.393e-06,5.4911
1.3931e-06,5.5797
1.3932e-06,5.6627
1.3933e-06,5.7414
1.3934e-06,5.6433
1.3935e-06,5.6054
1.3936e-06,5.5858
1.3937e-06,5.6541
1.3938e-06,5.569
1.3939e-06,5.5453
1.394e-06,5.6419
1.3941e-06,5.7509
1.3942e-06,5.6946
1.3943e-06,5.5311
1.3944e-06,5.5434
1.3945e-06,5.5749
1.3946e-06,5.5575
1.3947e-06,5.5369
1.3948e-06,5.6434
1.3949e-06,5.4603
1.395e-06,5.5921
1.3951e-06,5.5039
1.3952e-06,5.597
1.3953e-06,5.3665
1.3954e-06,5.4272
1.3955e-06,5.5178
1.3956e-06,5.4718
1.3957e-06,5.5372
1.3958e-06,5.5201
1.3959e-06,5.5683
1.396e-06,5.4838
1.3961e-06,5.5307
1.3962e-06,5.5023
1.3963e-06,5.3222
1.3964e-06,5.4064
1.3965e-06,5.2208
1.3966e-06,5.3929
1.3967e-06,5.5167
1.3968e-06,5.4694
1.3969e-06,5.3601
1.397e-06,5.4015
1.3971e-06,5.432
1.3972e-06,5.2533
1.3973e-06,5.3663
1.3974e-06,5.3655
1.3975e-06,5.4681
1.3976e-06,5.28
1.3977e-06,5.4936
1.3978e-06,5.2781
1.3979e-06,5.3633
1.398e-06,5.4523
1.3981e-06,5.3838
1.3982e-06,5.4321
1.3983e-06,5.3642
1.3984e-06,5.4906
1.3985e-06,5.3345
1.3986e-06,5.1928
1.3987e-06,5.251
1.3988e-06,5.4228
1.3989e-06,5.3645
1.399e-06,5.1927
1.3991e-06,5.1518
1.3992e-06,5.2009
1.3993e-06,5.3495
1.3994e-06,5.2319
1.3995e-06,5.4387
1.3996e-06,5.2291
1.3997e-06,5.4814
1.3998e-06,5.3618
1.3999e-06,5.3127
1.4e-06,5.3415
1.4001e-06,5.2004
1.4002e-06,5.293
1.4003e-06,5.1309
1.4004e-06,5.3404
1.4005e-06,5.1556
1.4006e-06,5.1364
1.4007e-06,5.3004
1.4008e-06,5.2143
1.4009e-06,5.3085
1.401e-06,5.3176
1.4011e-06,5.143
1.4012e-06,5.2107
1.4013e-06,5.3133
1.4014e-06,5.1735
1.4015e-06,5.1745
1.4016e-06,5.3448
1.4017e-06,5.1885
1.4018e-06,5.2906
1.4019e-06,5.2681
1.402e-06,5.2672
1.4021e-06,5.1279
1.4022e-06,5.1289
1.4023e-06,5.1726
1.4024e-06,5.069
1.4025e-06,5.2983
1.4026e-06,5.229
1.4027e-06,5.0915
1.4028e-06,5.1643
1.4029e-06,5.2111
1.403e-06,5.1007
1.4031e-06,5.1111
1.4032e-06,5.1808
1.4033e-06,5.1074
1.4034e-06,5.1759
1.4035e-06,5.0636
1.4036e-06,4.9517
1.4037e-06,5.0334
1.4038e-06,5.1624
1.4039e-06,5.1339
1.404e-06,5.0642
1.4041e-06,5.1199
1.4042e-06,5.0447
1.4043e-06,4.9635
1.4044e-06,5.1598
1.4045e-06,5.0434
1.4046e-06,4.9738
1.4047e-06,5.1806
1.4048e-06,4.9784
1.4049e-06,5.0083
1.405e-06,4.9808
1.4051e-06,4.9618
1.4052e-06,4.9093
1.4053e-06,4.9723
1.4054e-06,4.995
1.4055e-06,4.9776
1.4056e-06,4.9677
1.4057e-06,4.8681
1.4058e-06,5.2003
1.4059e-06,4.9964
1.406e-06,4.8931
1.4061e-06,4.9069
1.4062e-06,4.8676
1.4063e-06,4.8944
1.4064e-06,4.9421
1.4065e-06,4.902
1.4066e-06,5.0497
1.4067e-06,5.0135
1.4068e-06,5.1013
1.4069e-06,4.8688
1.407e-06,4.9642
1.4071e-06,5.0081
1.4072e-06,4.824
1.4073e-06,4.9422
1.4074e-06,4.8264
1.4075e-06,4.8195
1.4076e-06,4.9397
1.4077e-06,4.7979
1.4078e-06,4.7031
1.4079e-06,4.8537
1.408e-06,4.9539
1.4081e-06,4.779
1.4082e-06,4.8245
1.4083e-06,4.6967
1.4084e-06,4.8224
1.4085e-06,4.8715
1.4086e-06,4.99
1.4087e-06,4.7713
1.4088e-06,4.8534
1.4089e-06,4.9548
1.409e-06,4.8118
1.4091e-06,4.7801
1.4092e-06,4.8463
1.4093e-06,4.6855
1.4094e-06,4.742
1.4095e-06,4.7713
1.4096e-06,4.6874
1.4097e-06,4.8082
1.4098e-06,4.718
1.4099e-06,4.8265
1.41e-06,4.7515
1.4101e-06,4.6819
1.4102e-06,4.9339
1.4103e-06,4.6176
1.4104e-06,4.6583
1.4105e-06,4.7409
1.4106e-06,4.6965
1.4107e-06,4.7183
1.4108e-06,4.6805
1.4109e-06,4.806
1.411e-06,4.7231
1.4111e-06,4.4377
1.4112e-06,4.6427
1.4113e-06,4.622
1.4114e-06,4.709
1.4115e-06,4.6351
1.4116e-06,4.5869
1.4117e-06,4.6855
1.4118e-06,4.6499
1.4119e-06,4.7191
1.412e-06,4.5877
1.4121e-06,4.6579
1.4122e-06,4.5684
1.4123e-06,4.606
1.4124e-06,4.7603
1.4125e-06,4.5789
1.4126e-06,4.4837
1.4127e-06,4.4408
1.4128e-06,4.5132
1.4129e-06,4.4775
1.413e-06,4.3996
1.4131e-06,4.5079
1.4132e-06,4.5745
1.4133e-06,4.5773
1.4134e-06,4.521
1.4135e-06,4.4693
1.4136e-06,4.5574
1.4137e-06,4.4044
1.4138e-06,4.511
1.4139e-06,4.465
1.414e-06,4.3558
1.4141e-06,4.5843
1.4142e-06,4.2786
1.4143e-06,4.4609
1.4144e-06,4.3472
1.4145e-06,4.5648
1.4146e-06,4.4944
1.4147e-06,4.4233
1.4148e-06,4.3279
1.4149e-06,4.4714
1.415e-06,4.3329
1.4151e-06,4.4507
1.4152e-06,4.5079
1.4153e-06,4.3721
1.4154e-06,4.4543
1.4155e-06,4.5443
1.4156e-06,4.3392
1.4157e-06,4.4585
1.4158e-06,4.4972
1.4159e-06,4.4069
1.416e-06,4.5664
1.4161e-06,4.3999
1.4162e-06,4.3404
1.4163e-06,4.3899
1.4164e-06,4.2542
1.4165e-06,4.3842
1.4166e-06,4.2199
1.4167e-06,4.4015
1.4168e-06,4.2303
1.4169e-06,4.3863
1.417e-06,4.2448
1.4171e-06,4.3007
1.4172e-06,4.3479
1.4173e-06,4.2957
1.4174e-06,4.4002
1.4175e-06,4.4112
1.4176e-06,4.3195
1.4177e-06,4.1912
1.4178e-06,4.186
1.4179e-06,4.1305
1.418e-06,4.1391
1.4181e-06,4.2455
1.4182e-06,4.2484
1.4183e-06,4.2374
1.4184e-06,4.1436
1.4185e-06,4.1614
1.4186e-06,4.2668
1.4187e-06,4.0775
1.4188e-06,4.1843
1.4189e-06,4.1447
1.419e-06,4.2308
1.4191e-06,4.1446
1.4192e-06,3.9681
1.4193e-06,4.0259
1.4194e-06,4.1286
1.4195e-06,4.1291
1.4196e-06,4.0946
1.4197e-06,4.0784
1.4198e-06,4.2216
1.4199e-06,4.1598
1.42e-06,4.25
1.4201e-06,3.9225
1.4202e-06,4.1756
1.4203e-06,4.0884
1.4204e-06,4.0334
1.4205e-06,3.9392
1.4206e-06,4.0019
1.4207e-06,4.005
1.4208e-06,4.1362
1.4209e-06,3.8415
1.421e-06,4.1671
1.4211e-06,3.9123
1.4212e-06,4.1901
1.4213e-06,3.9954
1.4214e-06,3.9264
1.4215e-06,3.9321
1.4216e-06,4.1034
1.4217e-06,4.0794
1.4218e-06,4.1266
1.4219e-06,4.0998
1.422e-06,4.0535
1.4221e-06,3.8831
1.4222e-06,3.8687
1.4223e-06,3.9324
1.4224e-06,4.1032
1.4225e-06,3.9741
1.4226e-06,3.993
1.4227e-06,3.8951
1.4228e-06,4.0124
1.4229e-06,3.8874
1.423e-06,3.8544
1.4231e-06,3.8957
1.4232e-06,3.8586
1.4233e-06,3.9079
1.4234e-06,3.9759
1.4235e-06,3.8915
1.4236e-06,3.8823
1.4237e-06,3.8081
1.4238e-06,3.9613
1.4239e-06,3.982
1.424e-06,3.9056
1.4241e-06,3.8495
1.4242e-06,3.8743
1.4243e-06,3.8837
1.4244e-06,3.766
1.4245e-06,3.8735
1.4246e-06,3.9645
1.4247e-06,3.7573
1.4248e-06,3.7191
1.4249e-06,3.7014
1.425e-06,3.8102
1.4251e-06,3.8633
1.4252e-06,3.8517
1.4253e-06,3.7012
1.4254e-06,3.9844
1.4255e-06,3.781
1.4256e-06,3.7824
1.4257e-06,3.8656
1.4258e-06,3.8352
1.4259e-06,3.7654
1.426e-06,4.0025
1.4261e-06,3.6911
1.4262e-06,3.6448
1.4263e-06,3.5437
1.4264e-06,3.6837
1.4265e-06,3.6613
1.4266e-06,3.6015
1.4267e-06,3.7337
1.4268e-06,3.6824
1.4269e-06,3.6514
1.427e-06,3.7059
1.4271e-06,3.6726
1.4272e-06,3.6298
1.4273e-06,3.7633
1.4274e-06,3.6111
1.4275e-06,3.6391
1.4276e-06,3.8017
1.4277e-06,3.5724
1.4278e-06,3.4512
1.4279e-06,3.7041
1.428e-06,3.5885
1.4281e-06,3.6238
1.4282e-06,3.5346
1.4283e-06,3.4868
1.4284e-06,3.4724
1.4285e-06,3.5458
1.4286e-06,3.5461
1.4287e-06,3.5146
1.4288e-06,3.5341
1.4289e-06,3.5734
1.429e-06,3.6457
1.4291e-06,3.5018
1.4292e-06,3.524
1.4293e-06,3.3512
1.4294e-06,3.4577
1.4295e-06,3.5722
1.4296e-06,3.4865
1.4297e-06,3.5857
1.4298e-06,3.4988
1.4299e-06,3.3009
1.43e-06,3.6017
1.4301e-06,3.3862
1.4302e-06,3.4361
1.4303e-06,3.5241
1.4304e-06,3.6902
1.4305e-06,3.5965
1.4306e-06,3.5261
1.4307e-06,3.4507
1.4308e-06,3.431
1.4309e-06,3.3336
1.431e-06,3.2574
1.4311e-06,3.4573
1.4312e-06,3.26
1.4313e-06,3.3648
1.4314e-06,3.4923
1.4315e-06,3.5043
1.4316e-06,3.3495
1.4317e-06,3.5338
1.4318e-06,3.4031
1.4319e-06,3.257
1.432e-06,3.4276
1.4321e-06,3.1403
1.4322e-06,3.4
1.4323e-06,3.2482
1.4324e-06,3.3558
1.4325e-06,3.2438
1.4326e-06,3.2962
1.4327e-06,3.3349
1.4328e-06,3.4611
1.4329e-06,3.2071
1.433e-06,3.1673
1.4331e-06,3.2066
1.4332e-06,3.2155
1.4333e-06,3.3084
1.4334e-06,3.1827
1.4335e-06,3.1198
1.4336e-06,3.2842
1.4337e-06,3.0667
1.4338e-06,3.1092
1.4339e-06,3.2445
1.434e-06,3.139
1.4341e-06,3.0325
1.4342e-06,3.1794
1.4343e-06,3.1268
1.4344e-06,3.164
1.4345e-06,3.2947
1.4346e-06,3.1325
1.4347e-06,3.1673
1.4348e-06,2.988
1.4349e-06,3.1054
1.435e-06,3.3343
1.4351e-06,3.1419
1.4352e-06,3.1686
1.4353e-06,3.0593
1.4354e-06,3.0995
1.4355e-06,3.0053
1.4356e-06,2.9897
1.4357e-06,3.1332
1.4358e-06,3.0399
1.4359e-06,3.1015
1.436e-06,3.0475
1.4361e-06,2.9114
1.4362e-06,3.0166
1.4363e-06,2.9273
1.4364e-06,3.0445
1.4365e-06,3.1018
1.4366e-06,3.1393
1.4367e-06,2.9613
1.4368e-06,2.8657
1.4369e-06,3.2868
1.437e-06,2.926
1.4371e-06,2.8999
1.4372e-06,3.0051
1.4373e-06,2.9758
1.4374e-06,2.8723
1.4375e-06,2.8864
1.4376e-06,2.9389
1.4377e-06,2.8929
1.4378e-06,2.7843
1.4379e-06,2.9737
1.438e-06,2.8936
1.4381e-06,2.8516
1.4382e-06,2.9453
1.4383e-06,2.7632
1.4384e-06,2.8914
1.4385e-06,3.0106
1.4386e-06,2.9437
1.4387e-06,2.7286
1.4388e-06,2.8526
1.4389e-06,2.8288
1.439e-06,2.7958
1.4391e-06,2.7464
1.4392e-06,2.616
1.4393e-06,2.9279
1.4394e-06,2.8363
1.4395e-06,2.7706
1.4396e-06,2.6874
1.4397e-06,2.8169
1.4398e-06,2.7915
1.4399e-06,2.9213
1.44e-06,2.8351
1.4401e-06,2.7675
1.4402e-06,2.7614
1.4403e-06,2.7837
1.4404e-06,2.5786
1.4405e-06,2.666
1.4406e-06,2.6778
1.4407e-06,2.5768
1.4408e-06,2.8545
1.4409e-06,2.7416
1.441e-06,2.6962
1.4411e-06,2.8381
1.4412e-06,2.5401
1.4413e-06,2.5801
1.4414e-06,2.7896
1.4415e-06,2.6178
1.4416e-06,2.6835
1.4417e-06,2.6069
1.4418e-06,2.693
1.4419e-06,2.5463
1.442e-06,2.7475
1.4421e-06,2.631
1.4422e-06,2.4944
1.4423e-06,2.5403
1.4424e-06,2.599
1.4425e-06,2.6075
1.4426e-06,2.6182
1.4427e-06,2.6789
1.4428e-06,2.6239
1.4429e-06,2.5205
1.443e-06,2.6107
1.4431e-06,2.4764
1.4432e-06,2.5931
1.4433e-06,2.5271
1.4434e-06,2.5259
1.4435e-06,2.5228
1.4436e-06,2.4196
1.4437e-06,2.4943
1.4438e-06,2.4195
1.4439e-06,2.4572
1.444e-06,2.3172
1.4441e-06,2.4747
1.4442e-06,2.5015
1.4443e-06,2.4761
1.4444e-06,2.3317
1.4445e-06,2.5639
1.4446e-06,2.5082
1.4447e-06,2.4824
1.4448e-06,2.5452
1.4449e-06,2.6991
1.445e-06,2.485
1.4451e-06,2.3583
1.4452e-06,2.3229
1.4453e-06,2.3479
1.4454e-06,2.4858
1.4455e-06,2.3552
1.4456e-06,2.2693
1.4457e-06,2.3685
1.4458e-06,2.2964
1.4459e-06,2.4633
1.446e-06,2.2201
1.4461e-06,2.3918
1.4462e-06,2.2334
1.4463e-06,2.3323
1.4464e-06,2.1702
1.4465e-06,2.3353
1.4466e-06,2.2
1.4467e-06,2.2582
1.4468e-06,2.3089
1.4469e-06,2.1081
1.447e-06,2.2104
1.4471e-06,2.2917
1.4472e-06,2.3177
1.4473e-06,2.1999
1.4474e-06,2.1884
1.4475e-06,2.2284
1.4476e-06,2.1154
1.4477e-06,2.094
1.4478e-06,2.1542
1.4479e-06,2.2561
1.448e-06,2.1001
1.4481e-06,2.146
1.4482e-06,2.2301
1.4483e-06,2.1729
1.4484e-06,2.1071
1.4485e-06,2.1158
1.4486e-06,2.1993
1.4487e-06,2.2041
1.4488e-06,2.14
1.4489e-06,2.0092
1.449e-06,1.9708
1.4491e-06,1.9916
1.4492e-06,2.1123
1.4493e-06,2.052
1.4494e-06,2.1398
1.4495e-06,2.007
1.4496e-06,2.0763
1.4497e-06,1.9331
1.4498e-06,2.0297
1.4499e-06,2.0542
1.45e-06,2.1692
1.4501e-06,1.9793
1.4502e-06,2.0096
1.4503e-06,1.9406
1.4504e-06,1.8215
1.4505e-06,1.9549
1.4506e-06,1.7873
1.4507e-06,1.9442
1.4508e-06,1.956
1.4509e-06,1.8288
1.451e-06,1.9255
1.4511e-06,2.0146
1.4512e-06,1.9393
1.4513e-06,1.9061
1.4514e-06,1.7822
1.4515e-06,1.9609
1.4516e-06,1.7214
1.4517e-06,1.8115
1.4518e-06,1.8277
1.4519e-06,1.8265
1.452e-06,1.8098
1.4521e-06,1.8912
1.4522e-06,1.6742
1.4523e-06,1.6971
1.4524e-06,1.8324
1.4525e-06,1.7598
1.4526e-06,1.87
1.4527e-06,1.9145
1.4528e-06,1.7994
1.4529e-06,1.7513
1.453e-06,1.9114
1.4531e-06,1.7603
1.4532e-06,1.7108
1.4533e-06,1.7853
1.4534e-06,1.7059
1.4535e-06,1.7872
1.4536e-06,1.7172
1.4537e-06,1.5395
1.4538e-06,1.8016
1.4539e-06,1.7477
1.454e-06,1.6218
1.4541e-06,1.7428
1.4542e-06,1.4654
1.4543e-06,1.6602
1.4544e-06,1.4576
1.4545e-06,1.7134
1.4546e-06,1.5948
1.4547e-06,1.8649
1.4548e-06,1.5462
1.4549e-06,1.6606
1.455e-06,1.509
1.4551e-06,1.5698
1.4552e-06,1.3999
1.4553e-06,1.5394
1.4554e-06,1.5969
1.4555e-06,1.7049
1.4556e-06,1.7085
1.4557e-06,1.5041
1.4558e-06,1.5842
1.4559e-06,1.3596
1.456e-06,1.4359
1.4561e-06,1.4819
1.4562e-06,1.5409
1.4563e-06,1.4114
1.4564e-06,1.3835
1.4565e-06,1.5371
1.4566e-06,1.3843
1.4567e-06,1.4247
1.4568e-06,1.3736
1.4569e-06,1.4342
1.457e-06,1.2448
1.4571e-06,1.2671
1.4572e-06,1.4537
1.4573e-06,1.2303
1.4574e-06,1.1954
1.4575e-06,1.4075
1.4576e-06,1.3148
1.4577e-06,1.2588
1.4578e-06,1.4946
1.4579e-06,1.3413
1.458e-06,1.4243
1.4581e-06,1.358
1.4582e-06,1.1596
1.4583e-06,1.2246
1.4584e-06,1.1697
1.4585e-06,1.2764
1.4586e-06,1.3428
1.4587e-06,1.3786
1.4588e-06,1.2279
1.4589e-06,1.2178
1.459e-06,1.1103
1.4591e-06,1.3052
1.4592e-06,1.256
1.4593e-06,1.2896
1.4594e-06,1.1901
1.4595e-06,1.252
1.4596e-06,1.352
1.4597e-06,1.3062
1.4598e-06,1.1823
1.4599e-06,1.2138
1.46e-06,1.174
1.4601e-06,1.0691
1.4602e-06,1.1838
1.4603e-06,1.1968
1.4604e-06,0.94791
1.4605e-06,0.96565
1.4606e-06,1.1666
1.4607e-06,0.99022
1.4608e-06,1.0939
1.4609e-06,1.0437
1.461e-06,1.2668
1.4611e-06,1.0334
1.4612e-06,0.97907
1.4613e-06,1.0496
1.4614e-06,0.94356
1.4615e-06,1.1444
1.4616e-06,1.0262
1.4617e-06,1.0595
1.4618e-06,0.91642
1.4619e-06,1.0003
1.462e-06,0.97698
1.4621e-06,1.0572
1.4622e-06,0.9133
1.4623e-06,0.94233
1.4624e-06,1.0914
1.4625e-06,1.0913
1.4626e-06,0.89963
1.4627e-06,0.9123
1.4628e-06,0.92122
1.4629e-06,0.8304
1.463e-06,0.83469
1.4631e-06,0.90811
1.4632e-06,0.79393
1.4633e-06,0.93006
1.4634e-06,0.85942
1.4635e-06,0.80434
1.4636e-06,0.81262
1.4637e-06,0.69336
1.4638e-06,0.83492
1.4639e-06,0.91132
1.464e-06,0.96594
1.4641e-06,0.86907
1.4642e-06,0.8128
1.4643e-06,0.83188
1.4644e-06,0.76992
1.4645e-06,0.67086
1.4646e-06,0.73118
1.4647e-06,0.82261
1.4648e-06,0.65097
1.4649e-06,0.63446
1.465e-06,0.62058
1.4651e-06,0.63976
1.4652e-06,0.78871
1.4653e-06,0.68351
1.4654e-06,0.77755
1.4655e-06,0.56901
1.4656e-06,0.60399
1.4657e-06,0.4789
1.4658e-06,0.69207
1.4659e-06,0.49301
1.466e-06,0.60913
1.4661e-06,0.76652
1.4662e-06,0.56385
1.4663e-06,0.49271
1.4664e-06,0.5847
1.4665e-06,0.47712
1.4666e-06,0.49255
1.4667e-06,0.4094
1.4668e-06,0.59185
1.4669e-06,0.50702
1.467e-06,0.60137
1.4671e-06,0.71317
1.4672e-06,0.66488
1.4673e-06,0.45891
1.4674e-06,0.45831
1.4675e-06,0.45885
1.4676e-06,0.37345
1.4677e-06,0.40316
1.4678e-06,0.60907
1.4679e-06,0.44066
1.468e-06,0.42051
1.4681e-06,0.44664
1.4682e-06,0.52066
1.4683e-06,0.39843
1.4684e-06,0.28802
1.4685e-06,0.3835
1.4686e-06,0.35243
1.4687e-06,0.18989
1.4688e-06,0.2737
1.4689e-06,0.4902
1.469e-06,0.29567
1.4691e-06,0.25877
1.4692e-06,0.2703
1.4693e-06,0.43128
1.4694e-06,0.2569
1.4695e-06,0.26936
1.4696e-06,0.16609
1.4697e-06,0.1459
1.4698e-06,0.35501
1.4699e-06,0.10102
1.47e-06,0.072226
1.4701e-06,0.13346
1.4702e-06,0.10025
1.4703e-06,0.25475
1.4704e-06,0.06833
1.4705e-06,0.1413
1.4706e-06,0.20541
1.4707e-06,0.16776
1.4708e-06,0.056351
1.4709e-06,0.13193
1.471e-06,0.16937
1.4711e-06,0.08954
1.4712e-06,0.067588
1.4713e-06,0.1197
1.4714e-06,0.10873
1.4715e-06,0.33851
1.4716e-06,0.065978
1.4717e-06,0.13631
1.4718e-06,0.19573
1.4719e-06,-0.05749
1.472e-06,0.14971
1.4721e-06,-0.09506
1.4722e-06,-0.016926
1.4723e-06,-0.24898
1.4724e-06,-0.18135
1.4725e-06,0.045179
1.4726e-06,-0.075222
1.4727e-06,0.17991
1.4728e-06,-0.056523
1.4729e-06,-0.22939
1.473e-06,-0.14264
1.4731e-06,-0.10029
1.4732e-06,0.0044033
1.4733e-06,-0.2687
1.4734e-06,-0.17277
1.4735e-06,-0.11766
1.4736e-06,-0.20873
1.4737e-06,-0.18902
1.4738e-06,-0.24558
1.4739e-06,-0.032593
1.474e-06,-0.21003
1.4741e-06,-0.17601
1.4742e-06,-0.094876
1.4743e-06,-0.38759
1.4744e-06,-0.10616
1.4745e-06,-0.27768
1.4746e-06,-0.33932
1.4747e-06,-0.27213
1.4748e-06,-0.25302
1.4749e-06,-0.46663
1.475e-06,-0.28953
1.4751e-06,-0.14452
1.4752e-06,-0.22855
1.4753e-06,-0.25846
1.4754e-06,-0.3865
1.4755e-06,-0.34791
1.4756e-06,-0.29942
1.4757e-06,-0.27384
1.4758e-06,-0.45552
1.4759e-06,-0.2513
1.476e-06,-0.40897
1.4761e-06,-0.54941
1.4762e-06,-0.40366
1.4763e-06,-0.33439
1.4764e-06,-0.40914
1.4765e-06,-0.45212
1.4766e-06,-0.3395
1.4767e-06,-0.46653
1.4768e-06,-0.64287
1.4769e-06,-0.42569
1.477e-06,-0.43288
1.4771e-06,-0.62238
1.4772e-06,-0.5155
1.4773e-06,-0.51846
1.4774e-06,-0.55994
1.4775e-06,-0.59442
1.4776e-06,-0.57028
1.4777e-06,-0.53165
1.4778e-06,-0.55637
1.4779e-06,-0.60258
1.478e-06,-0.40067
1.4781e-06,-0.6309
1.4782e-06,-0.48538
1.4783e-06,-0.59476
1.4784e-06,-0.48163
1.4785e-06,-0.57
1.4786e-06,-0.62097
1.4787e-06,-0.78351
1.4788e-06,-0.64768
1.4789e-06,-0.92601
1.479e-06,-0.78203
1.4791e-06,-0.57389
1.4792e-06,-0.80416
1.4793e-06,-0.88543
1.4794e-06,-0.77976
1.4795e-06,-0.73874
1.4796e-06,-0.84219
1.4797e-06,-0.83543
1.4798e-06,-0.7886
1.4799e-06,-0.75503
1.48e-06,-0.89814
1.4801e-06,-0.75554
1.4802e-06,-0.80958
1.4803e-06,-0.91453
1.4804e-06,-0.92526
1.4805e-06,-0.79755
1.4806e-06,-0.85452
1.4807e-06,-0.87155
1.4808e-06,-0.84895
1.4809e-06,-0.95021
1.481e-06,-0.9951
1.4811e-06,-1.018
1.4812e-06,-1.1287
1.4813e-06,-0.9209
1.4814e-06,-0.91672
1.4815e-06,-0.8828
1.4816e-06,-1.1336
1.4817e-06,-1.0667
1.4818e-06,-1.0293
1.4819e-06,-0.82995
1.482e-06,-1.0352
1.4821e-06,-0.95096
1.4822e-06,-1.1135
1.4823e-06,-1.0226
1.4824e-06,-1.1288
1.4825e-06,-1.0527
1.4826e-06,-1.0588
1.4827e-06,-1.0371
1.4828e-06,-1.0345
1.4829e-06,-1.1223
1.483e-06,-1.3157
1.4831e-06,-1.3059
1.4832e-06,-1.2773
1.4833e-06,-1.4168
1.4834e-06,-1.0923
1.4835e-06,-1.1878
1.4836e-06,-1.1326
1.4837e-06,-1.119
1.4838e-06,-1.245
1.4839e-06,-1.2146
1.484e-06,-1.3261
1.4841e-06,-1.4407
1.4842e-06,-1.4002
1.4843e-06,-1.4642
1.4844e-06,-1.348
1.4845e-06,-1.1864
1.4846e-06,-1.3386
1.4847e-06,-1.3342
1.4848e-06,-1.399
1.4849e-06,-1.4082
1.485e-06,-1.43
1.4851e-06,-1.4328
1.4852e-06,-1.552
1.4853e-06,-1.2697
1.4854e-06,-1.3927
1.4855e-06,-1.3852
1.4856e-06,-1.3871
1.4857e-06,-1.1918
1.4858e-06,-1.5062
1.4859e-06,-1.5906
1.486e-06,-1.4614
1.4861e-06,-1.5598
1.4862e-06,-1.5647
1.4863e-06,-1.4502
1.4864e-06,-1.649
1.4865e-06,-1.5076
1.4866e-06,-1.5309
1.4867e-06,-1.7535
1.4868e-06,-1.73
1.4869e-06,-1.6155
1.487e-06,-1.6976
1.4871e-06,-1.6244
1.4872e-06,-1.6111
1.4873e-06,-1.6578
1.4874e-06,-1.6161
1.4875e-06,-1.8638
1.4876e-06,-1.8208
1.4877e-06,-1.9196
1.4878e-06,-1.9528
1.4879e-06,-1.8277
1.488e-06,-1.9237
1.4881e-06,-1.7222
1.4882e-06,-1.6766
1.4883e-06,-1.7437
1.4884e-06,-1.7608
1.4885e-06,-1.7611
1.4886e-06,-1.8236
1.4887e-06,-1.9505
1.4888e-06,-1.7833
1.4889e-06,-1.7916
1.489e-06,-2.0754
1.4891e-06,-1.756
1.4892e-06,-1.973
1.4893e-06,-2.0051
1.4894e-06,-1.9396
1.4895e-06,-1.8371
1.4896e-06,-1.9388
1.4897e-06,-1.7869
1.4898e-06,-2.0804
1.4899e-06,-1.9254
1.49e-06,-2.0439
1.4901e-06,-1.979
1.4902e-06,-2.0205
1.4903e-06,-2.1331
1.4904e-06,-1.9734
1.4905e-06,-1.8882
1.4906e-06,-2.0341
1.4907e-06,-2.113
1.4908e-06,-2.1576
1.4909e-06,-2.0851
1.491e-06,-2.1069
1.4911e-06,-2.0289
1.4912e-06,-2.1517
1.4913e-06,-2.2023
1.4914e-06,-2.1545
1.4915e-06,-2.2179
1.4916e-06,-2.1403
1.4917e-06,-2.0511
1.4918e-06,-2.1577
1.4919e-06,-2.2569
1.492e-06,-2.221
1.4921e-06,-2.2137
1.4922e-06,-2.1745
1.4923e-06,-2.1947
1.4924e-06,-2.2401
1.4925e-06,-2.2219
1.4926e-06,-2.4209
1.4927e-06,-2.3766
1.4928e-06,-2.3895
1.4929e-06,-2.3077
1.493e-06,-2.4198
1.4931e-06,-2.3558
1.4932e-06,-2.2279
1.4933e-06,-2.3223
1.4934e-06,-2.4498
1.4935e-06,-2.426
1.4936e-06,-2.5058
1.4937e-06,-2.3996
1.4938e-06,-2.5249
1.4939e-06,-2.4886
1.494e-06,-2.4479
1.4941e-06,-2.343
1.4942e-06,-2.51
1.4943e-06,-2.5218
1.4944e-06,-2.4211
1.4945e-06,-2.5936
1.4946e-06,-2.5152
1.4947e-06,-2.5831
1.4948e-06,-2.5146
1.4949e-06,-2.6785
1.495e-06,-2.7059
1.4951e-06,-2.6616
1.4952e-06,-2.4984
1.4953e-06,-2.5068
1.4954e-06,-2.7964
1.4955e-06,-2.6676
1.4956e-06,-2.7724
1.4957e-06,-2.6965
1.4958e-06,-2.7095
1.4959e-06,-2.728
1.496e-06,-2.8793
1.4961e-06,-2.6569
1.4962e-06,-2.8663
1.4963e-06,-2.6953
1.4964e-06,-2.6283
1.4965e-06,-2.9594
1.4966e-06,-2.8503
1.4967e-06,-2.8834
1.4968e-06,-2.746
1.4969e-06,-2.7526
1.497e-06,-3.006
1.4971e-06,-2.8048
1.4972e-06,-2.8431
1.4973e-06,-2.8831
1.4974e-06,-2.7783
1.4975e-06,-3.0924
1.4976e-06,-2.9432
1.4977e-06,-2.8652
1.4978e-06,-2.9505
1.4979e-06,-3.0642
1.498e-06,-3.1727
1.4981e-06,-2.8874
1.4982e-06,-3.1776
1.4983e-06,-3.0118
1.4984e-06,-3.1675
1.4985e-06,-3.1077
1.4986e-06,-3.1458
1.4987e-06,-3.1186
1.4988e-06,-3.1573
1.4989e-06,-3.0207
1.499e-06,-3.1797
1.4991e-06,-3.1466
1.4992e-06,-3.1913
1.4993e-06,-3.3328
1.4994e-06,-3.3193
1.4995e-06,-3.219
1.4996e-06,-3.4529
1.4997e-06,-3.0527
1.4998e-06,-3.1558
1.4999e-06,-3.1867
1.5e-06,-3.3218
1.5001e-06,-3.2325
1.5002e-06,-3.3229
1.5003e-06,-3.4101
1.5004e-06,-3.431
1.5005e-06,-3.4317
1.5006e-06,-3.2991
1.5007e-06,-3.4353
1.5008e-06,-3.4418
1.5009e-06,-3.16
1.501e-06,-3.3562
1.5011e-06,-3.4469
1.5012e-06,-3.4669
1.5013e-06,-3.4933
1.5014e-06,-3.4942
1.5015e-06,-3.5719
1.5016e-06,-3.5825
1.5017e-06,-3.6411
1.5018e-06,-3.7409
1.5019e-06,-3.5622
1.502e-06,-3.653
1.5021e-06,-3.572
1.5022e-06,-3.7392
1.5023e-06,-3.6676
1.5024e-06,-3.6861
1.5025e-06,-3.5969
1.5026e-06,-3.8664
1.5027e-06,-3.5209
1.5028e-06,-3.7161
1.5029e-06,-3.6423
1.503e-06,-3.6422
1.5031e-06,-3.6711
1.5032e-06,-3.7667
1.5033e-06,-3.7493
1.5034e-06,-3.6493
1.5035e-06,-3.6043
1.5036e-06,-3.8407
1.5037e-06,-3.7888
1.5038e-06,-3.9665
1.5039e-06,-4.0229
1.504e-06,-3.8639
1.5041e-06,-3.9944
1.5042e-06,-3.712
1.5043e-06,-3.9518
1.5044e-06,-4.0268
1.5045e-06,-4.0883
1.5046e-06,-3.8636
1.5047e-06,-3.9487
1.5048e-06,-4.0959
1.5049e-06,-3.9059
1.505e-06,-4.0557
1.5051e-06,-4.0322
1.5052e-06,-3.9665
1.5053e-06,-4.0505
1.5054e-06,-4.067
1.5055e-06,-4.4103
1.5056e-06,-4.0721
1.5057e-06,-4.2395
1.5058e-06,-4.2137
1.5059e-06,-4.1154
1.506e-06,-4.0997
1.5061e-06,-4.2644
1.5062e-06,-4.1393
1.5063e-06,-4.2461
1.5064e-06,-4.3359
1.5065e-06,-4.3093
1.5066e-06,-4.3169
1.5067e-06,-4.2009
1.5068e-06,-4.464
1.5069e-06,-4.3202
1.507e-06,-4.3514
1.5071e-06,-4.2173
1.5072e-06,-4.3765
1.5073e-06,-4.25
1.5074e-06,-4.4468
1.5075e-06,-4.5453
1.5076e-06,-4.5125
1.5077e-06,-4.498
1.5078e-06,-4.3723
1.5079e-06,-4.4294
1.508e-06,-4.4313
1.5081e-06,-4.5276
1.5082e-06,-4.5054
1.5083e-06,-4.5883
1.5084e-06,-4.461
1.5085e-06,-4.4557
1.5086e-06,-4.5919
1.5087e-06,-4.3763
1.5088e-06,-4.5444
1.5089e-06,-4.7893
1.509e-06,-4.761
1.5091e-06,-4.7365
1.5092e-06,-4.8025
1.5093e-06,-4.6812
1.5094e-06,-4.8555
1.5095e-06,-4.5909
1.5096e-06,-4.6595
1.5097e-06,-4.7072
1.5098e-06,-4.9437
1.5099e-06,-4.943
1.51e-06,-4.8068
1.5101e-06,-4.8571
1.5102e-06,-4.9027
1.5103e-06,-4.8375
1.5104e-06,-4.7982
1.5105e-06,-4.9787
1.5106e-06,-5.0721
1.5107e-06,-4.9475
1.5108e-06,-5.0653
1.5109e-06,-5.0539
1.511e-06,-5.0644
1.5111e-06,-5.0722
1.5112e-06,-4.9573
1.5113e-06,-5.1368
1.5114e-06,-5.056
1.5115e-06,-5.0782
1.5116e-06,-5.227
1.5117e-06,-5.3189
1.5118e-06,-5.173
1.5119e-06,-5.1991
1.512e-06,-5.229
1.5121e-06,-5.2616
1.5122e-06,-5.2532
1.5123e-06,-5.0332
1.5124e-06,-5.2489
1.5125e-06,-5.2954
1.5126e-06,-5.2918
1.5127e-06,-5.1608
1.5128e-06,-5.1526
1.5129e-06,-5.4952
1.513e-06,-5.31
1.5131e-06,-5.1907
1.5132e-06,-5.4518
1.5133e-06,-5.2747
1.5134e-06,-5.4289
1.5135e-06,-5.4724
1.5136e-06,-5.4101
1.5137e-06,-5.5403
1.5138e-06,-5.507
1.5139e-06,-5.4319
1.514e-06,-5.5955
1.5141e-06,-5.7009
1.5142e-06,-5.5867
1.5143e-06,-5.4695
1.5144e-06,-5.661
1.5145e-06,-5.633
1.5146e-06,-5.8214
1.5147e-06,-5.6704
1.5148e-06,-5.4978
1.5149e-06,-5.6426
1.515e-06,-5.7146
1.5151e-06,-5.8699
1.5152e-06,-5.6913
1.5153e-06,-5.7258
1.5154e-06,-5.8296
1.5155e-06,-5.7725
1.5156e-06,-5.7703
1.5157e-06,-5.7596
1.5158e-06,-5.8002
1.5159e-06,-5.956
1.516e-06,-5.7943
1.5161e-06,-5.7681
1.5162e-06,-5.8214
1.5163e-06,-6.0075
1.5164e-06,-5.8806
1.5165e-06,-6.0649
1.5166e-06,-5.9495
1.5167e-06,-6.0873
1.5168e-06,-6.1015
1.5169e-06,-6.1087
1.517e-06,-6.0408
1.5171e-06,-5.9676
1.5172e-06,-6.2822
1.5173e-06,-5.9932
1.5174e-06,-6.095
1.5175e-06,-6.1812
1.5176e-06,-6.1079
1.5177e-06,-6.0967
1.5178e-06,-6.0996
1.5179e-06,-6.0307
1.518e-06,-6.4131
1.5181e-06,-6.2865
1.5182e-06,-6.4154
1.5183e-06,-6.3286
1.5184e-06,-6.2746
1.5185e-06,-6.4654
1.5186e-06,-6.5609
1.5187e-06,-6.3103
1.5188e-06,-6.4969
1.5189e-06,-6.4797
1.519e-06,-6.4321
1.5191e-06,-6.4343
1.5192e-06,-6.441
1.5193e-06,-6.6603
1.5194e-06,-6.6024
1.5195e-06,-6.3828
1.5196e-06,-6.5768
1.5197e-06,-6.7293
1.5198e-06,-6.4573
1.5199e-06,-6.4955
1.52e-06,-6.5277
1.5201e-06,-6.83
1.5202e-06,-6.4864
1.5203e-06,-6.6946
1.5204e-06,-6.6962
1.5205e-06,-6.4814
1.5206e-06,-6.6804
1.5207e-06,-6.6713
1.5208e-06,-6.7785
1.5209e-06,-6.7122
1.521e-06,-6.882
1.5211e-06,-6.6787
1.5212e-06,-6.7233
1.5213e-06,-6.9058
1.5214e-06,-7.001
1.5215e-06,-6.728
1.5216e-06,-6.9417
1.5217e-06,-6.837
1.5218e-06,-6.9171
1.5219e-06,-6.8186
1.522e-06,-6.958
1.5221e-06,-6.9947
1.5222e-06,-7.0135
1.5223e-06,-7.0026
1.5224e-06,-7.2727
1.5225e-06,-6.9479
1.5226e-06,-7.1971
1.5227e-06,-7.2687
1.5228e-06,-7.3451
1.5229e-06,-7.2485
1.523e-06,-7.0987
1.5231e-06,-7.268
1.5232e-06,-7.3017
1.5233e-06,-7.4036
1.5234e-06,-7.5251
1.5235e-06,-7.361
1.5236e-06,-7.2178
1.5237e-06,-7.4001
1.5238e-06,-7.2578
1.5239e-06,-7.4036
1.524e-06,-7.3322
1.5241e-06,-7.487
1.5242e-06,-7.5781
1.5243e-06,-7.5781
1.5244e-06,-7.5853
1.5245e-06,-7.4455
1.5246e-06,-7.6882
1.5247e-06,-7.472
1.5248e-06,-7.5697
1.5249e-06,-7.4835
1.525e-06,-7.5235
1.5251e-06,-7.4486
1.5252e-06,-7.7401
1.5253e-06,-7.6535
1.5254e-06,-7.7571
1.5255e-06,-7.7201
1.5256e-06,-7.7274
1.5257e-06,-7.7696
1.5258e-06,-7.798
1.5259e-06,-7.9333
1.526e-06,-7.8571
1.5261e-06,-7.7741
1.5262e-06,-7.8851
1.5263e-06,-7.8876
1.5264e-06,-8.0072
1.5265e-06,-7.9897
1.5266e-06,-8.041
1.5267e-06,-8.0146
1.5268e-06,-7.9986
1.5269e-06,-8.1692
1.527e-06,-7.9091
1.5271e-06,-8.0266
1.5272e-06,-8.1631
1.5273e-06,-8.2289
1.5274e-06,-8.0778
1.5275e-06,-7.9715
1.5276e-06,-8.3959
1.5277e-06,-8.043
1.5278e-06,-8.1968
1.5279e-06,-8.1518
1.528e-06,-8.3547
1.5281e-06,-8.3205
1.5282e-06,-8.4209
1.5283e-06,-8.2966
1.5284e-06,-8.3651
1.5285e-06,-8.3935
1.5286e-06,-8.3562
1.5287e-06,-8.4947
1.5288e-06,-8.3596
1.5289e-06,-8.5519
1.529e-06,-8.719
1.5291e-06,-8.3489
1.5292e-06,-8.6106
1.5293e-06,-8.642
1.5294e-06,-8.6652
1.5295e-06,-8.7099
1.5296e-06,-8.5337
1.5297e-06,-8.5485
1.5298e-06,-8.6041
1.5299e-06,-8.8667
1.53e-06,-8.5331
1.5301e-06,-8.9061
1.5302e-06,-8.878
1.5303e-06,-8.5842
1.5304e-06,-9.0047
1.5305e-06,-8.8281
1.5306e-06,-8.851
1.5307e-06,-8.9684
1.5308e-06,-8.9545
1.5309e-06,-9.1036
1.531e-06,-8.8731
1.5311e-06,-9.0496
1.5312e-06,-8.8554
1.5313e-06,-9.2683
1.5314e-06,-9.209
1.5315e-06,-9.226
1.5316e-06,-9.2147
1.5317e-06,-9.4276
1.5318e-06,-9.2074
1.5319e-06,-9.383
1.532e-06,-9.2211
1.5321e-06,-9.1586
1.5322e-06,-9.4124
1.5323e-06,-9.2899
1.5324e-06,-9.3892
1.5325e-06,-9.3336
1.5326e-06,-9.2393
1.5327e-06,-9.496
1.5328e-06,-9.2984
1.5329e-06,-9.5342
1.533e-06,-9.5228
1.5331e-06,-9.6372
1.5332e-06,-9.3715
1.5333e-06,-9.6081
1.5334e-06,-9.7771
1.5335e-06,-9.6298
1.5336e-06,-9.7669
1.5337e-06,-9.7176
1.5338e-06,-9.7371
1.5339e-06,-9.7879
1.534e-06,-9.752
1.5341e-06,-9.6641
1.5342e-06,-9.8027
1.5343e-06,-9.9776
1.5344e-06,-9.9808
1.5345e-06,-9.7764
1.5346e-06,-10.134
1.5347e-06,-9.8982
1.5348e-06,-9.824
1.5349e-06,-10.114
1.535e-06,-9.8972
1.5351e-06,-9.9687
1.5352e-06,-10.041
1.5353e-06,-10.009
1.5354e-06,-10.105
1.5355e-06,-10.166
1.5356e-06,-9.8439
1.5357e-06,-10.207
1.5358e-06,-10.154
1.5359e-06,-10.055
1.536e-06,-10.237
1.5361e-06,-10.049
1.5362e-06,-10.377
1.5363e-06,-10.446
1.5364e-06,-10.413
1.5365e-06,-10.244
1.5366e-06,-10.353
1.5367e-06,-10.431
1.5368e-06,-10.336
1.5369e-06,-10.549
1.537e-06,-10.403
1.5371e-06,-10.549
1.5372e-06,-10.466
1.5373e-06,-10.547
1.5374e-06,-10.527
1.5375e-06,-10.604
1.5376e-06,-10.671
1.5377e-06,-10.824
1.5378e-06,-10.707
1.5379e-06,-10.918
1.538e-06,-10.905
1.5381e-06,-10.67
1.5382e-06,-10.884
1.5383e-06,-10.877
1.5384e-06,-10.877
1.5385e-06,-10.799
1.5386e-06,-10.846
1.5387e-06,-11.025
1.5388e-06,-10.865
1.5389e-06,-11.158
1.539e-06,-11.103
1.5391e-06,-11.033
1.5392e-06,-11.299
1.5393e-06,-11.011
1.5394e-06,-11.016
1.5395e-06,-11.339
1.5396e-06,-11.311
1.5397e-06,-11.064
1.5398e-06,-11.059
1.5399e-06,-11.238
1.54e-06,-11.289
1.5401e-06,-11.445
1.5402e-06,-11.385
1.5403e-06,-11.356
1.5404e-06,-11.501
1.5405e-06,-11.386
1.5406e-06,-11.373
1.5407e-06,-11.606
1.5408e-06,-11.562
1.5409e-06,-11.581
1.541e-06,-11.677
1.5411e-06,-11.576
1.5412e-06,-11.725
1.5413e-06,-11.647
1.5414e-06,-11.677
1.5415e-06,-11.712
1.5416e-06,-11.934
1.5417e-06,-11.93
1.5418e-06,-11.836
1.5419e-06,-11.823
1.542e-06,-11.788
1.5421e-06,-11.997
1.5422e-06,-11.856
1.5423e-06,-11.894
1.5424e-06,-11.985
1.5425e-06,-12.092
1.5426e-06,-12.053
1.5427e-06,-12.177
1.5428e-06,-12.147
1.5429e-06,-12.275
1.543e-06,-12.158
1.5431e-06,-12.032
1.5432e-06,-12.291
1.5433e-06,-12.198
1.5434e-06,-12.43
1.5435e-06,-12.282
1.5436e-06,-12.534
1.5437e-06,-12.299
1.5438e-06,-12.401
1.5439e-06,-12.261
1.544e-06,-12.416
1.5441e-06,-12.433
1.5442e-06,-12.59
1.5443e-06,-12.489
1.5444e-06,-12.537
1.5445e-06,-12.678
1.5446e-06,-12.63
1.5447e-06,-12.584
1.5448e-06,-12.68
1.5449e-06,-12.753
1.545e-06,-12.781
1.5451e-06,-12.459
1.5452e-06,-12.709
1.5453e-06,-12.761
1.5454e-06,-13.021
1.5455e-06,-13.031
1.5456e-06,-12.882
1.5457e-06,-13.007
1.5458e-06,-13.093
1.5459e-06,-13.115
1.546e-06,-12.948
1.5461e-06,-13.152
1.5462e-06,-12.904
1.5463e-06,-13.052
1.5464e-06,-13.214
1.5465e-06,-13.047
1.5466e-06,-13.177
1.5467e-06,-13.264
1.5468e-06,-13.385
1.5469e-06,-13.139
1.547e-06,-13.374
1.5471e-06,-13.307
1.5472e-06,-13.439
1.5473e-06,-13.542
1.5474e-06,-13.2
1.5475e-06,-13.492
1.5476e-06,-13.535
1.5477e-06,-13.524
1.5478e-06,-13.54
1.5479e-06,-13.75
1.548e-06,-13.517
1.5481e-06,-13.707
1.5482e-06,-13.568
1.5483e-06,-13.778
1.5484e-06,-13.704
1.5485e-06,-13.58
1.5486e-06,-13.848
1.5487e-06,-13.766
1.5488e-06,-13.899
1.5489e-06,-13.879
1.549e-06,-13.665
1.5491e-06,-14.007
1.5492e-06,-13.852
1.5493e-06,-14.043
1.5494e-06,-14.042
1.5495e-06,-13.938
1.5496e-06,-14.049
1.5497e-06,-13.794
1.5498e-06,-14.145
1.5499e-06,-14.181
1.55e-06,-14.133
1.5501e-06,-14.291
1.5502e-06,-14.13
1.5503e-06,-14.118
1.5504e-06,-14.285
1.5505e-06,-14.083
1.5506e-06,-14.117
1.5507e-06,-14.08
1.5508e-06,-14.382
1.5509e-06,-14.307
1.551e-06,-14.333
1.5511e-06,-14.248
1.5512e-06,-14.589
1.5513e-06,-14.385
1.5514e-06,-14.174
1.5515e-06,-14.612
1.5516e-06,-14.565
1.5517e-06,-14.519
1.5518e-06,-14.292
1.5519e-06,-14.559
1.552e-06,-14.572
1.5521e-06,-14.463
1.5522e-06,-14.683
1.5523e-06,-14.688
1.5524e-06,-14.77
1.5525e-06,-14.992
1.5526e-06,-14.641
1.5527e-06,-14.767
1.5528e-06,-14.842
1.5529e-06,-14.729
1.553e-06,-14.904
1.5531e-06,-14.901
1.5532e-06,-14.858
1.5533e-06,-14.899
1.5534e-06,-14.691
1.5535e-06,-14.889
1.5536e-06,-15.1
1.5537e-06,-14.745
1.5538e-06,-14.804
1.5539e-06,-15.216
1.554e-06,-14.994
1.5541e-06,-15.008
1.5542e-06,-15.177
1.5543e-06,-15.046
1.5544e-06,-15.181
1.5545e-06,-15.16
1.5546e-06,-15.291
1.5547e-06,-15.223
1.5548e-06,-15.023
1.5549e-06,-15.196
1.555e-06,-15.061
1.5551e-06,-15.484
1.5552e-06,-15.359
1.5553e-06,-15.358
1.5554e-06,-15.364
1.5555e-06,-15.213
1.5556e-06,-15.762
1.5557e-06,-15.494
1.5558e-06,-15.345
1.5559e-06,-15.43
1.556e-06,-15.509
1.5561e-06,-15.376
1.5562e-06,-15.586
1.5563e-06,-15.691
1.5564e-06,-15.231
1.5565e-06,-15.497
1.5566e-06,-15.443
1.5567e-06,-15.605
1.5568e-06,-15.742
1.5569e-06,-15.343
1.557e-06,-15.419
1.5571e-06,-15.543
1.5572e-06,-15.613
1.5573e-06,-15.673
1.5574e-06,-15.627
1.5575e-06,-15.655
1.5576e-06,-15.803
1.5577e-06,-15.472
1.5578e-06,-15.604
1.5579e-06,-15.836
1.558e-06,-15.439
1.5581e-06,-15.713
1.5582e-06,-15.729
1.5583e-06,-15.841
1.5584e-06,-15.926
1.5585e-06,-15.72
1.5586e-06,-15.86
1.5587e-06,-15.984
1.5588e-06,-15.811
1.5589e-06,-15.898
1.559e-06,-16.026
1.5591e-06,-15.804
1.5592e-06,-15.762
1.5593e-06,-15.912
1.5594e-06,-15.915
1.5595e-06,-15.775
1.5596e-06,-15.758
1.5597e-06,-15.609
1.5598e-06,-15.911
1.5599e-06,-15.734
1.56e-06,-15.595
1.5601e-06,-15.714
1.5602e-06,-15.919
1.5603e-06,-15.74
1.5604e-06,-15.82
1.5605e-06,-15.578
1.5606e-06,-15.834
1.5607e-06,-15.798
1.5608e-06,-15.882
1.5609e-06,-15.687
1.561e-06,-16.165
1.5611e-06,-15.955
1.5612e-06,-15.76
1.5613e-06,-15.983
1.5614e-06,-16.054
1.5615e-06,-15.78
1.5616e-06,-16.03
1.5617e-06,-15.835
1.5618e-06,-15.888
1.5619e-06,-15.871
1.562e-06,-15.866
1.5621e-06,-15.9
1.5622e-06,-15.829
1.5623e-06,-16.066
1.5624e-06,-15.76
1.5625e-06,-15.91
1.5626e-06,-15.862
1.5627e-06,-16.051
1.5628e-06,-15.776
1.5629e-06,-15.89
1.563e-06,-16.089
1.5631e-06,-15.563
1.5632e-06,-15.995
1.5633e-06,-15.904
1.5634e-06,-15.661
1.5635e-06,-15.909
1.5636e-06,-15.616
1.5637e-06,-15.619
1.5638e-06,-15.762
1.5639e-06,-15.656
1.564e-06,-15.868
1.5641e-06,-15.659
1.5642e-06,-15.825
1.5643e-06,-15.913
1.5644e-06,-15.824
1.5645e-06,-15.8
1.5646e-06,-15.898
1.5647e-06,-15.805
1.5648e-06,-15.791
1.5649e-06,-15.712
1.565e-06,-15.663
1.5651e-06,-15.609
1.5652e-06,-15.442
1.5653e-06,-15.765
1.5654e-06,-15.637
1.5655e-06,-15.465
1.5656e-06,-15.766
1.5657e-06,-15.764
1.5658e-06,-15.67
1.5659e-06,-15.781
1.566e-06,-15.753
1.5661e-06,-15.392
1.5662e-06,-15.583
1.5663e-06,-15.508
1.5664e-06,-15.321
1.5665e-06,-15.46
1.5666e-06,-15.249
1.5667e-06,-15.2
1.5668e-06,-15.31
1.5669e-06,-15.326
1.567e-06,-15.466
1.5671e-06,-15.427
1.5672e-06,-15.406
1.5673e-06,-15.411
1.5674e-06,-15.133
1.5675e-06,-15.349
1.5676e-06,-15.172
1.5677e-06,-15.306
1.5678e-06,-15.439
1.5679e-06,-15.253
1.568e-06,-15.167
1.5681e-06,-15.295
1.5682e-06,-15.096
1.5683e-06,-15.199
1.5684e-06,-15.155
1.5685e-06,-15.01
1.5686e-06,-15.214
1.5687e-06,-15.09
1.5688e-06,-15.089
1.5689e-06,-15.022
1.569e-06,-15.093
1.5691e-06,-14.993
1.5692e-06,-15.107
1.5693e-06,-14.859
1.5694e-06,-14.819
1.5695e-06,-15.26
1.5696e-06,-14.904
1.5697e-06,-14.969
1.5698e-06,-14.676
1.5699e-06,-14.843
1.57e-06,-14.817
1.5701e-06,-14.991
1.5702e-06,-14.476
1.5703e-06,-14.867
1.5704e-06,-14.617
1.5705e-06,-14.855
1.5706e-06,-14.726
1.5707e-06,-14.663
1.5708e-06,-14.629
1.5709e-06,-14.55
1.571e-06,-14.338
1.5711e-06,-14.611
1.5712e-06,-14.562
1.5713e-06,-14.571
1.5714e-06,-14.506
1.5715e-06,-14.512
1.5716e-06,-14.425
1.5717e-06,-14.473
1.5718e-06,-14.443
1.5719e-06,-14.348
1.572e-06,-14.303
1.5721e-06,-14.371
1.5722e-06,-14.321
1.5723e-06,-14.057
1.5724e-06,-14.36
1.5725e-06,-14.097
1.5726e-06,-14.164
1.5727e-06,-14.028
1.5728e-06,-14.482
1.5729e-06,-14.178
1.573e-06,-14.237
1.5731e-06,-14.202
1.5732e-06,-14.077
1.5733e-06,-14.329
1.5734e-06,-14.233
1.5735e-06,-14.006
1.5736e-06,-14.022
1.5737e-06,-13.974
1.5738e-06,-14.06
1.5739e-06,-13.934
1.574e-06,-13.957
1.5741e-06,-13.732
1.5742e-06,-13.876
1.5743e-06,-13.811
1.5744e-06,-13.861
1.5745e-06,-13.643
1.5746e-06,-13.674
1.5747e-06,-13.628
1.5748e-06,-13.755
1.5749e-06,-13.638
1.575e-06,-13.497
1.5751e-06,-13.73
1.5752e-06,-13.673
1.5753e-06,-13.617
1.5754e-06,-13.513
1.5755e-06,-13.526
1.5756e-06,-13.381
1.5757e-06,-13.491
1.5758e-06,-13.359
1.5759e-06,-13.185
1.576e-06,-13.37
1.5761e-06,-13.538
1.5762e-06,-13.008
1.5763e-06,-13.284
1.5764e-06,-13.253
1.5765e-06,-13.097
1.5766e-06,-13.358
1.5767e-06,-13.504
1.5768e-06,-13.269
1.5769e-06,-13.314
1.577e-06,-13.17
1.5771e-06,-13.096
1.5772e-06,-13.221
1.5773e-06,-13.082
1.5774e-06,-13.032
1.5775e-06,-12.98
1.5776e-06,-12.851
1.5777e-06,-12.987
1.5778e-06,-12.844
1.5779e-06,-12.813
1.578e-06,-12.827
1.5781e-06,-12.868
1.5782e-06,-12.803
1.5783e-06,-12.609
1.5784e-06,-12.809
1.5785e-06,-12.634
1.5786e-06,-12.745
1.5787e-06,-12.646
1.5788e-06,-12.513
1.5789e-06,-12.555
1.579e-06,-12.488
1.5791e-06,-12.305
1.5792e-06,-12.548
1.5793e-06,-12.509
1.5794e-06,-12.469
1.5795e-06,-12.377
1.5796e-06,-12.378
1.5797e-06,-12.395
1.5798e-06,-12.34
1.5799e-06,-12.495
1.58e-06,-12.399
1.5801e-06,-12.107
1.5802e-06,-12.349
1.5803e-06,-12.12
1.5804e-06,-12.146
1.5805e-06,-12.176
1.5806e-06,-12.157
1.5807e-06,-12.244
1.5808e-06,-12.323
1.5809e-06,-12.187
1.581e-06,-12.385
1.5811e-06,-12.025
1.5812e-06,-12.26
1.5813e-06,-11.877
1.5814e-06,-12.275
1.5815e-06,-12.058
1.5816e-06,-11.909
1.5817e-06,-11.714
1.5818e-06,-11.881
1.5819e-06,-12.107
1.582e-06,-11.943
1.5821e-06,-11.652
1.5822e-06,-11.949
1.5823e-06,-11.851
1.5824e-06,-11.712
1.5825e-06,-11.969
1.5826e-06,-11.85
1.5827e-06,-11.721
1.5828e-06,-11.549
1.5829e-06,-11.521
1.583e-06,-11.587
1.5831e-06,-11.498
1.5832e-06,-11.357
1.5833e-06,-11.548
1.5834e-06,-11.67
1.5835e-06,-11.393
1.5836e-06,-11.482
1.5837e-06,-11.38
1.5838e-06,-11.312
1.5839e-06,-11.38
1.584e-06,-11.562
1.5841e-06,-11.488
1.5842e-06,-11.223
1.5843e-06,-11.321
1.5844e-06,-11.289
1.5845e-06,-11.165
1.5846e-06,-11.32
1.5847e-06,-11.076
1.5848e-06,-11.105
1.5849e-06,-11.261
1.585e-06,-11.292
1.5851e-06,-11.149
1.5852e-06,-11.045
1.5853e-06,-11.067
1.5854e-06,-11.039
1.5855e-06,-10.902
1.5856e-06,-11.018
1.5857e-06,-10.916
1.5858e-06,-10.99
1.5859e-06,-10.872
1.586e-06,-10.906
1.5861e-06,-10.704
1.5862e-06,-10.808
1.5863e-06,-10.967
1.5864e-06,-10.669
1.5865e-06,-10.979
1.5866e-06,-10.656
1.5867e-06,-10.837
1.5868e-06,-10.781
1.5869e-06,-10.727
1.587e-06,-10.684
1.5871e-06,-10.794
1.5872e-06,-10.469
1.5873e-06,-10.418
1.5874e-06,-10.571
1.5875e-06,-10.673
1.5876e-06,-10.723
1.5877e-06,-10.592
1.5878e-06,-10.534
1.5879e-06,-10.584
1.588e-06,-10.322
1.5881e-06,-10.5
1.5882e-06,-10.566
1.5883e-06,-10.187
1.5884e-06,-10.184
1.5885e-06,-10.319
1.5886e-06,-10.243
1.5887e-06,-10.206
1.5888e-06,-10.217
1.5889e-06,-10.283
1.589e-06,-10.512
1.5891e-06,-10.333
1.5892e-06,-10.371
1.5893e-06,-9.9817
1.5894e-06,-10.055
1.5895e-06,-10.119
1.5896e-06,-10.218
1.5897e-06,-10.258
1.5898e-06,-9.9174
1.5899e-06,-9.9117
1.59e-06,-9.9563
1.5901e-06,-9.9777
1.5902e-06,-9.8285
1.5903e-06,-9.9426
1.5904e-06,-9.847
1.5905e-06,-10.001
1.5906e-06,-9.8078
1.5907e-06,-9.6904
1.5908e-06,-9.7173
1.5909e-06,-9.9039
1.591e-06,-9.8406
1.5911e-06,-9.8775
1.5912e-06,-9.8491
1.5913e-06,-9.6847
1.5914e-06,-9.8714
1.5915e-06,-9.779
1.5916e-06,-9.8436
1.5917e-06,-9.8059
1.5918e-06,-9.6064
1.5919e-06,-9.6877
1.592e-06,-9.3321
1.5921e-06,-9.7213
1.5922e-06,-9.6109
1.5923e-06,-9.4539
1.5924e-06,-9.4484
1.5925e-06,-9.371
1.5926e-06,-9.4786
1.5927e-06,-9.3883
1.5928e-06,-9.3449
1.5929e-06,-9.6156
1.593e-06,-9.6307
1.5931e-06,-9.2166
1.5932e-06,-9.3115
1.5933e-06,-9.2439
1.5934e-06,-9.4383
1.5935e-06,-9.2407
1.5936e-06,-9.3276
1.5937e-06,-9.3221
1.5938e-06,-9.0933
1.5939e-06,-9.271
1.594e-06,-9.2503
1.5941e-06,-9.0584
1.5942e-06,-9.5456
1.5943e-06,-9.1161
1.5944e-06,-9.1856
1.5945e-06,-9.0128
1.5946e-06,-9.2012
1.5947e-06,-8.9714
1.5948e-06,-9.0424
1.5949e-06,-8.9731
1.595e-06,-9.0891
1.5951e-06,-9.024
1.5952e-06,-9.0904
1.5953e-06,-9.0201
1.5954e-06,-8.743
1.5955e-06,-8.8248
1.5956e-06,-8.9574
1.5957e-06,-8.8817
1.5958e-06,-9.0313
1.5959e-06,-8.7055
1.596e-06,-8.7672
1.5961e-06,-8.8309
1.5962e-06,-8.7036
1.5963e-06,-8.6452
1.5964e-06,-8.9143
1.5965e-06,-8.6761
1.5966e-06,-8.7764
1.5967e-06,-8.7793
1.5968e-06,-8.5762
1.5969e-06,-8.698
1.597e-06,-8.3753
1.5971e-06,-8.5862
1.5972e-06,-8.6385
1.5973e-06,-8.5865
1.5974e-06,-8.3269
1.5975e-06,-8.4715
1.5976e-06,-8.6857
1.5977e-06,-8.6553
1.5978e-06,-8.6298
1.5979e-06,-8.5487
1.598e-06,-8.5733
1.5981e-06,-8.6126
1.5982e-06,-8.6787
1.5983e-06,-8.252
1.5984e-06,-8.4527
1.5985e-06,-8.2358
1.5986e-06,-8.4884
1.5987e-06,-8.3113
1.5988e-06,-8.4488
1.5989e-06,-8.2786
1.599e-06,-8.2749
1.5991e-06,-8.1904
1.5992e-06,-8.3103
1.5993e-06,-8.1096
1.5994e-06,-8.2967
1.5995e-06,-8.0086
1.5996e-06,-8.2918
1.5997e-06,-7.9267
1.5998e-06,-8.1832
1.5999e-06,-8.3593
1.6e-06,-8.1807
1.6001e-06,-8.173
1.6002e-06,-8.3896
1.6003e-06,-8.279
1.6004e-06,-8.2181
1.6005e-06,-7.9725
1.6006e-06,-8.1547
1.6007e-06,-7.9686
1.6008e-06,-8.0516
1.6009e-06,-8.0138
1.601e-06,-7.8809
1.6011e-06,-8.1985
1.6012e-06,-7.8513
1.6013e-06,-7.9142
1.6014e-06,-8.0017
1.6015e-06,-7.7445
1.6016e-06,-7.7235
1.6017e-06,-7.8346
1.6018e-06,-7.9107
1.6019e-06,-7.8215
1.602e-06,-7.7321
1.6021e-06,-7.9404
1.6022e-06,-7.7265
1.6023e-06,-7.6939
1.6024e-06,-7.8295
1.6025e-06,-7.5973
1.6026e-06,-7.7052
1.6027e-06,-7.7285
1.6028e-06,-7.7427
1.6029e-06,-7.5463
1.603e-06,-7.7321
1.6031e-06,-7.8013
1.6032e-06,-7.5595
1.6033e-06,-7.4823
1.6034e-06,-7.7315
1.6035e-06,-7.5663
1.6036e-06,-7.5845
1.6037e-06,-7.1601
1.6038e-06,-7.5667
1.6039e-06,-7.685
1.604e-06,-7.336
1.6041e-06,-7.3873
1.6042e-06,-7.346
1.6043e-06,-7.3555
1.6044e-06,-7.5407
1.6045e-06,-7.4734
1.6046e-06,-7.3224
1.6047e-06,-7.462
1.6048e-06,-7.3661
1.6049e-06,-7.4613
1.605e-06,-7.166
1.6051e-06,-7.2412
1.6052e-06,-7.0904
1.6053e-06,-7.2495
1.6054e-06,-7.2244
1.6055e-06,-7.0678
1.6056e-06,-7.1366
1.6057e-06,-7.1774
1.6058e-06,-7.4042
1.6059e-06,-7.3126
1.606e-06,-7.0948
1.6061e-06,-7.1062
1.6062e-06,-7.1963
1.6063e-06,-7.0758
1.6064e-06,-7.192
1.6065e-06,-7.2286
1.6066e-06,-6.952
1.6067e-06,-6.68
1.6068e-06,-6.9281
1.6069e-06,-7.0146
1.607e-06,-6.9527
1.6071e-06,-7.1116
1.6072e-06,-6.8264
1.6073e-06,-6.9076
1.6074e-06,-7.0572
1.6075e-06,-6.915
1.6076e-06,-6.8004
1.6077e-06,-6.8776
1.6078e-06,-6.7919
1.6079e-06,-6.8614
1.608e-06,-6.7583
1.6081e-06,-6.6324
1.6082e-06,-6.8525
1.6083e-06,-6.8549
1.6084e-06,-6.8408
1.6085e-06,-6.576
1.6086e-06,-6.6626
1.6087e-06,-6.8161
1.6088e-06,-6.9248
1.6089e-06,-6.8541
1.609e-06,-6.7206
1.6091e-06,-6.491
1.6092e-06,-6.5753
1.6093e-06,-6.5193
1.6094e-06,-6.5667
1.6095e-06,-6.78
1.6096e-06,-6.6953
1.6097e-06,-6.4989
1.6098e-06,-6.6535
1.6099e-06,-6.5772
1.61e-06,-6.577
1.6101e-06,-6.6051
1.6102e-06,-6.3244
1.6103e-06,-6.3166
1.6104e-06,-6.6679
1.6105e-06,-6.5141
1.6106e-06,-6.3444
1.6107e-06,-6.6137
1.6108e-06,-6.394
1.6109e-06,-6.2855
1.611e-06,-6.3717
1.6111e-06,-6.6191
1.6112e-06,-6.3258
1.6113e-06,-6.4619
1.6114e-06,-6.5047
1.6115e-06,-6.5275
1.6116e-06,-6.4022
1.6117e-06,-6.4628
1.6118e-06,-6.3769
1.6119e-06,-6.2237
1.612e-06,-6.2354
1.6121e-06,-6.0508
1.6122e-06,-6.2622
1.6123e-06,-6.4234
1.6124e-06,-6.1138
1.6125e-06,-6.0327
1.6126e-06,-6.1192
1.6127e-06,-6.2159
1.6128e-06,-6.5254
1.6129e-06,-6.4508
1.613e-06,-6.2215
1.6131e-06,-6.0635
1.6132e-06,-6.0353
1.6133e-06,-5.9799
1.6134e-06,-6.0005
1.6135e-06,-6.0938
1.6136e-06,-5.8832
1.6137e-06,-6.2173
1.6138e-06,-6.1508
1.6139e-06,-6.1916
1.614e-06,-6.0583
1.6141e-06,-5.9481
1.6142e-06,-5.967
1.6143e-06,-5.9547
1.6144e-06,-5.9633
1.6145e-06,-5.9579
1.6146e-06,-5.9364
1.6147e-06,-5.8077
1.6148e-06,-5.8036
1.6149e-06,-5.9653
1.615e-06,-6.1648
1.6151e-06,-5.7514
1.6152e-06,-5.673
1.6153e-06,-5.8851
1.6154e-06,-5.8178
1.6155e-06,-6.0055
1.6156e-06,-5.7322
1.6157e-06,-5.6843
1.6158e-06,-5.9313
1.6159e-06,-5.8651
1.616e-06,-5.8855
1.6161e-06,-5.9117
1.6162e-06,-5.8603
1.6163e-06,-5.6461
1.6164e-06,-5.7649
1.6165e-06,-5.63
1.6166e-06,-5.5025
1.6167e-06,-5.6577
1.6168e-06,-5.6565
1.6169e-06,-5.6888
1.617e-06,-5.3809
1.6171e-06,-5.7878
1.6172e-06,-5.6524
1.6173e-06,-5.5005
1.6174e-06,-5.692
1.6175e-06,-5.7251
1.6176e-06,-5.4109
1.6177e-06,-5.63
1.6178e-06,-5.6859
1.6179e-06,-5.5007
1.618e-06,-5.3874
1.6181e-06,-5.4052
1.6182e-06,-5.4654
1.6183e-06,-5.4867
1.6184e-06,-5.4844
1.6185e-06,-5.3818
1.6186e-06,-5.3714
1.6187e-06,-5.4866
1.6188e-06,-5.2441
1.6189e-06,-5.3957
1.619e-06,-5.3634
1.6191e-06,-5.323
1.6192e-06,-5.2045
1.6193e-06,-5.2313
1.6194e-06,-5.3471
1.6195e-06,-5.403
1.6196e-06,-5.2852
1.6197e-06,-5.2468
1.6198e-06,-5.213
1.6199e-06,-5.2413
1.62e-06,-5.4362
1.6201e-06,-5.2708
1.6202e-06,-5.3847
1.6203e-06,-5.3638
1.6204e-06,-5.0314
1.6205e-06,-5.3646
1.6206e-06,-5.4138
1.6207e-06,-5.417
1.6208e-06,-5.0631
1.6209e-06,-5.1183
1.621e-06,-5.1843
1.6211e-06,-5.0979
1.6212e-06,-5.2617
1.6213e-06,-5.2354
1.6214e-06,-4.9872
1.6215e-06,-5.3256
1.6216e-06,-5.1115
1.6217e-06,-5.0967
1.6218e-06,-5.0013
1.6219e-06,-5.1983
1.622e-06,-5.1596
1.6221e-06,-4.9586
1.6222e-06,-4.8512
1.6223e-06,-5.183
1.6224e-06,-5.0555
1.6225e-06,-4.9897
1.6226e-06,-4.9118
1.6227e-06,-5.1152
1.6228e-06,-5.0351
1.6229e-06,-5.0518
1.623e-06,-4.8052
1.6231e-06,-4.7757
1.6232e-06,-4.9631
1.6233e-06,-4.8069
1.6234e-06,-4.912
1.6235e-06,-4.7211
1.6236e-06,-4.7595
1.6237e-06,-5.0597
1.6238e-06,-4.8997
1.6239e-06,-4.7774
1.624e-06,-5.0736
1.6241e-06,-4.9565
1.6242e-06,-4.9777
1.6243e-06,-4.5643
1.6244e-06,-4.5272
1.6245e-06,-4.8086
1.6246e-06,-4.9326
1.6247e-06,-4.8047
1.6248e-06,-4.8278
1.6249e-06,-4.8376
1.625e-06,-4.863
1.6251e-06,-4.7804
1.6252e-06,-4.9295
1.6253e-06,-4.4904
1.6254e-06,-4.5256
1.6255e-06,-4.7582
1.6256e-06,-4.4426
1.6257e-06,-4.4682
1.6258e-06,-4.6066
1.6259e-06,-4.7523
1.626e-06,-4.7286
1.6261e-06,-4.6757
1.6262e-06,-4.4895
1.6263e-06,-4.5054
1.6264e-06,-4.498
1.6265e-06,-4.6159
1.6266e-06,-4.3876
1.6267e-06,-4.5657
1.6268e-06,-4.2805
1.6269e-06,-4.6897
1.627e-06,-4.2878
1.6271e-06,-4.2837
1.6272e-06,-4.4731
1.6273e-06,-4.2398
1.6274e-06,-4.2945
1.6275e-06,-4.7067
1.6276e-06,-4.5003
1.6277e-06,-4.4311
1.6278e-06,-4.6908
1.6279e-06,-4.0565
1.628e-06,-4.299
1.6281e-06,-4.4584
1.6282e-06,-4.0713
1.6283e-06,-4.452
1.6284e-06,-4.324
1.6285e-06,-4.4819
1.6286e-06,-4.5915
1.6287e-06,-4.2031
1.6288e-06,-4.4799
1.6289e-06,-4.1796
1.629e-06,-4.3338
1.6291e-06,-4.4767
1.6292e-06,-4.3442
1.6293e-06,-4.3549
1.6294e-06,-4.2326
1.6295e-06,-4.152
1.6296e-06,-4.3287
1.6297e-06,-4.4842
1.6298e-06,-4.1595
1.6299e-06,-4.4274
1.63e-06,-4.1207
1.6301e-06,-4.0884
1.6302e-06,-4.1392
1.6303e-06,-4.2591
1.6304e-06,-4.3438
1.6305e-06,-4.3866
1.6306e-06,-4.3442
1.6307e-06,-4.1326
1.6308e-06,-4.3905
1.6309e-06,-4.0496
1.631e-06,-4.2585
1.6311e-06,-3.9323
1.6312e-06,-3.8956
1.6313e-06,-4.1376
1.6314e-06,-4.0674
1.6315e-06,-3.9714
1.6316e-06,-4.1262
1.6317e-06,-3.972
1.6318e-06,-3.971
1.6319e-06,-3.8569
1.632e-06,-4.069
1.6321e-06,-3.9693
1.6322e-06,-4.0872
1.6323e-06,-3.7938
1.6324e-06,-4.162
1.6325e-06,-3.9594
1.6326e-06,-4.0498
1.6327e-06,-3.7366
1.6328e-06,-3.9515
1.6329e-06,-3.8393
1.633e-06,-3.9021
1.6331e-06,-4.1145
1.6332e-06,-3.9111
1.6333e-06,-3.8799
1.6334e-06,-3.8874
1.6335e-06,-3.9555
1.6336e-06,-3.5317
1.6337e-06,-3.6786
1.6338e-06,-3.6147
1.6339e-06,-3.8253
1.634e-06,-3.8923
1.6341e-06,-3.6704
1.6342e-06,-3.9563
1.6343e-06,-3.9389
1.6344e-06,-3.6331
1.6345e-06,-3.6363
1.6346e-06,-3.5348
1.6347e-06,-3.6387
1.6348e-06,-3.5893
1.6349e-06,-3.5781
1.635e-06,-3.7141
1.6351e-06,-3.7001
1.6352e-06,-3.7126
1.6353e-06,-3.6828
1.6354e-06,-3.7203
1.6355e-06,-3.7266
1.6356e-06,-3.4994
1.6357e-06,-3.8566
1.6358e-06,-3.624
1.6359e-06,-3.7905
1.636e-06,-3.6456
1.6361e-06,-3.8383
1.6362e-06,-3.5491
1.6363e-06,-3.7492
1.6364e-06,-3.4652
1.6365e-06,-3.5668
1.6366e-06,-3.6049
1.6367e-06,-3.4999
1.6368e-06,-3.498
1.6369e-06,-3.6756
1.637e-06,-3.6134
1.6371e-06,-3.3943
1.6372e-06,-3.4851
1.6373e-06,-3.565
1.6374e-06,-3.3671
1.6375e-06,-3.7706
1.6376e-06,-3.392
1.6377e-06,-3.4154
1.6378e-06,-3.4258
1.6379e-06,-3.3663
1.638e-06,-3.362
1.6381e-06,-3.4584
1.6382e-06,-3.5867
1.6383e-06,-3.3618
1.6384e-06,-3.2613
1.6385e-06,-3.2404
1.6386e-06,-3.1461
1.6387e-06,-3.4149
1.6388e-06,-3.1746
1.6389e-06,-3.5273
1.639e-06,-3.4802
1.6391e-06,-3.4276
1.6392e-06,-3.2003
1.6393e-06,-3.3624
1.6394e-06,-3.2081
1.6395e-06,-3.231
1.6396e-06,-3.1745
1.6397e-06,-3.1495
1.6398e-06,-3.2704
1.6399e-06,-2.9861
1.64e-06,-3.2174
1.6401e-06,-3.078
1.6402e-06,-3.0199
1.6403e-06,-2.8258
1.6404e-06,-2.9857
1.6405e-06,-3.1747
1.6406e-06,-3.1223
1.6407e-06,-3.1017
1.6408e-06,-3.3331
1.6409e-06,-3.1799
1.641e-06,-2.9922
1.6411e-06,-3.1462
1.6412e-06,-2.9068
1.6413e-06,-3.0545
1.6414e-06,-3.0505
1.6415e-06,-2.9933
1.6416e-06,-3.1722
1.6417e-06,-2.9237
1.6418e-06,-3.091
1.6419e-06,-2.9741
1.642e-06,-3.2567
1.6421e-06,-3.2956
1.6422e-06,-3.0868
1.6423e-06,-3.0996
1.6424e-06,-2.98
1.6425e-06,-2.6768
1.6426e-06,-3.0625
1.6427e-06,-3.0652
1.6428e-06,-3.0123
1.6429e-06,-2.8908
1.643e-06,-3.0974
1.6431e-06,-2.9481
1.6432e-06,-3.2585
1.6433e-06,-3.0205
1.6434e-06,-2.8645
1.6435e-06,-3.0197
1.6436e-06,-3.0084
1.6437e-06,-2.8974
1.6438e-06,-3.0111
1.6439e-06,-2.9886
1.644e-06,-2.7427
1.6441e-06,-2.8685
1.6442e-06,-2.8844
1.6443e-06,-3.0139
1.6444e-06,-2.8826
1.6445e-06,-2.8071
1.6446e-06,-2.6087
1.6447e-06,-2.814
1.6448e-06,-2.8718
1.6449e-06,-3.0686
1.645e-06,-2.8825
1.6451e-06,-2.7073
1.6452e-06,-2.9752
1.6453e-06,-2.7736
1.6454e-06,-2.8768
1.6455e-06,-2.816
1.6456e-06,-2.8966
1.6457e-06,-2.9204
1.6458e-06,-2.6003
1.6459e-06,-2.8603
1.646e-06,-2.7746
1.6461e-06,-2.8516
1.6462e-06,-2.6947
1.6463e-06,-3.1122
1.6464e-06,-2.8559
1.6465e-06,-2.745
1.6466e-06,-2.797
1.6467e-06,-2.6748
1.6468e-06,-2.918
1.6469e-06,-2.8626
1.647e-06,-2.5886
1.6471e-06,-2.5974
1.6472e-06,-2.6867
1.6473e-06,-2.4421
1.6474e-06,-2.6837
1.6475e-06,-2.6748
1.6476e-06,-2.5528
1.6477e-06,-2.6101
1.6478e-06,-2.5791
1.6479e-06,-2.594
1.648e-06,-2.5846
1.6481e-06,-2.7962
1.6482e-06,-2.5311
1.6483e-06,-2.6613
1.6484e-06,-2.5446
1.6485e-06,-2.5752
1.6486e-06,-2.6102
1.6487e-06,-2.5226
1.6488e-06,-2.6265
1.6489e-06,-2.1499
1.649e-06,-2.4481
1.6491e-06,-2.4211
1.6492e-06,-2.3874
1.6493e-06,-2.4202
1.6494e-06,-2.3126
1.6495e-06,-2.3704
1.6496e-06,-2.4698
1.6497e-06,-2.5143
1.6498e-06,-2.5354
1.6499e-06,-2.2139
1.65e-06,-2.2747
