1.35e-06,8.0963
1.3501e-06,8.1872
1.3502e-06,8.2061
1.3503e-06,8.1094
1.3504e-06,7.9691
1.3505e-06,7.9983
1.3506e-06,8.1034
1.3507e-06,8.0671
1.3508e-06,8.2137
1.3509e-06,7.9368
1.351e-06,8.2642
1.3511e-06,8.0614
1.3512e-06,8.1422
1.3513e-06,8.0562
1.3514e-06,8.2064
1.3515e-06,8.0394
1.3516e-06,8.0376
1.3517e-06,7.9785
1.3518e-06,8.064
1.3519e-06,8.0091
1.352e-06,8.0574
1.3521e-06,8.0367
1.3522e-06,8.0861
1.3523e-06,8.1262
1.3524e-06,7.9691
1.3525e-06,8.029
1.3526e-06,7.8446
1.3527e-06,8.0173
1.3528e-06,7.9051
1.3529e-06,8.1006
1.353e-06,8.0733
1.3531e-06,7.98
1.3532e-06,7.856
1.3533e-06,7.9094
1.3534e-06,7.8455
1.3535e-06,7.9218
1.3536e-06,8.0162
1.3537e-06,7.8604
1.3538e-06,7.921
1.3539e-06,7.876
1.354e-06,7.9587
1.3541e-06,7.9869
1.3542e-06,7.7806
1.3543e-06,8.0001
1.3544e-06,7.8974
1.3545e-06,7.8074
1.3546e-06,7.7683
1.3547e-06,7.8337
1.3548e-06,7.95
1.3549e-06,7.8001
1.355e-06,7.7954
1.3551e-06,7.8389
1.3552e-06,7.8155
1.3553e-06,7.8528
1.3554e-06,7.7013
1.3555e-06,7.9077
1.3556e-06,7.7961
1.3557e-06,7.7748
1.3558e-06,7.8417
1.3559e-06,7.8793
1.356e-06,7.7807
1.3561e-06,7.9056
1.3562e-06,7.8843
1.3563e-06,7.9386
1.3564e-06,7.7699
1.3565e-06,7.9451
1.3566e-06,7.8237
1.3567e-06,7.8388
1.3568e-06,7.8704
1.3569e-06,7.7277
1.357e-06,7.9035
1.3571e-06,7.84
1.3572e-06,7.8059
1.3573e-06,7.7179
1.3574e-06,7.7265
1.3575e-06,7.89
1.3576e-06,7.7843
1.3577e-06,7.7586
1.3578e-06,7.6971
1.3579e-06,7.9083
1.358e-06,7.7122
1.3581e-06,7.7259
1.3582e-06,7.7829
1.3583e-06,7.8235
1.3584e-06,7.6898
1.3585e-06,7.7154
1.3586e-06,7.6072
1.3587e-06,7.6499
1.3588e-06,7.7406
1.3589e-06,7.7898
1.359e-06,7.6387
1.3591e-06,7.7816
1.3592e-06,7.7174
1.3593e-06,7.6432
1.3594e-06,7.6565
1.3595e-06,7.5667
1.3596e-06,7.6153
1.3597e-06,7.6681
1.3598e-06,7.6177
1.3599e-06,7.6581
1.36e-06,7.7246
1.3601e-06,7.5545
1.3602e-06,7.6228
1.3603e-06,7.6084
1.3604e-06,7.6336
1.3605e-06,7.6053
1.3606e-06,7.6264
1.3607e-06,7.6458
1.3608e-06,7.6709
1.3609e-06,7.5816
1.361e-06,7.5824
1.3611e-06,7.6454
1.3612e-06,7.5074
1.3613e-06,7.6479
1.3614e-06,7.5714
1.3615e-06,7.5554
1.3616e-06,7.655
1.3617e-06,7.5695
1.3618e-06,7.5333
1.3619e-06,7.6028
1.362e-06,7.5219
1.3621e-06,7.5379
1.3622e-06,7.5336
1.3623e-06,7.5563
1.3624e-06,7.565
1.3625e-06,7.5403
1.3626e-06,7.4434
1.3627e-06,7.6146
1.3628e-06,7.5788
1.3629e-06,7.5362
1.363e-06,7.5531
1.3631e-06,7.5241
1.3632e-06,7.5473
1.3633e-06,7.6248
1.3634e-06,7.5763
1.3635e-06,7.6728
1.3636e-06,7.5975
1.3637e-06,7.6499
1.3638e-06,7.557
1.3639e-06,7.5106
1.364e-06,7.4919
1.3641e-06,7.5564
1.3642e-06,7.6454
1.3643e-06,7.6513
1.3644e-06,7.4589
1.3645e-06,7.4754
1.3646e-06,7.3674
1.3647e-06,7.4951
1.3648e-06,7.3941
1.3649e-06,7.4416
1.365e-06,7.4859
1.3651e-06,7.4652
1.3652e-06,7.5444
1.3653e-06,7.3854
1.3654e-06,7.4678
1.3655e-06,7.5373
1.3656e-06,7.3567
1.3657e-06,7.3815
1.3658e-06,7.3062
1.3659e-06,7.3866
1.366e-06,7.4522
1.3661e-06,7.4012
1.3662e-06,7.4881
1.3663e-06,7.455
1.3664e-06,7.4923
1.3665e-06,7.5129
1.3666e-06,7.4218
1.3667e-06,7.2831
1.3668e-06,7.3385
1.3669e-06,7.368
1.367e-06,7.3617
1.3671e-06,7.2933
1.3672e-06,7.3611
1.3673e-06,7.3219
1.3674e-06,7.3018
1.3675e-06,7.2631
1.3676e-06,7.4566
1.3677e-06,7.3693
1.3678e-06,7.3004
1.3679e-06,7.3599
1.368e-06,7.3382
1.3681e-06,7.4693
1.3682e-06,7.3009
1.3683e-06,7.4684
1.3684e-06,7.3517
1.3685e-06,7.2685
1.3686e-06,7.2322
1.3687e-06,7.283
1.3688e-06,7.2011
1.3689e-06,7.3135
1.369e-06,7.2593
1.3691e-06,7.2834
1.3692e-06,7.3081
1.3693e-06,7.2367
1.3694e-06,7.2848
1.3695e-06,7.3214
1.3696e-06,7.3211
1.3697e-06,7.1645
1.3698e-06,7.2881
1.3699e-06,7.1953
1.37e-06,7.3433
1.3701e-06,7.2573
1.3702e-06,7.4543
1.3703e-06,7.371
1.3704e-06,7.1848
1.3705e-06,7.2849
1.3706e-06,7.3186
1.3707e-06,7.2184
1.3708e-06,7.1906
1.3709e-06,7.1039
1.371e-06,7.2495
1.3711e-06,7.2636
1.3712e-06,7.1093
1.3713e-06,7.2819
1.3714e-06,7.1188
1.3715e-06,7.1897
1.3716e-06,7.1617
1.3717e-06,7.0883
1.3718e-06,7.162
1.3719e-06,7.2485
1.372e-06,7.1287
1.3721e-06,7.1171
1.3722e-06,7.115
1.3723e-06,7.2527
1.3724e-06,7.0286
1.3725e-06,7.0933
1.3726e-06,7.0574
1.3727e-06,6.9969
1.3728e-06,7.0865
1.3729e-06,7.0698
1.373e-06,7.1239
1.3731e-06,7.0975
1.3732e-06,7.0808
1.3733e-06,7.1071
1.3734e-06,7.2021
1.3735e-06,7.0922
1.3736e-06,7.0237
1.3737e-06,7.0645
1.3738e-06,7.012
1.3739e-06,7.0478
1.374e-06,7.121
1.3741e-06,7.0736
1.3742e-06,6.9794
1.3743e-06,7.0691
1.3744e-06,7.0303
1.3745e-06,6.9399
1.3746e-06,7.1291
1.3747e-06,7.0679
1.3748e-06,7.0441
1.3749e-06,7.0328
1.375e-06,7.0175
1.3751e-06,7.1143
1.3752e-06,7.0509
1.3753e-06,7.1407
1.3754e-06,6.9982
1.3755e-06,7.0124
1.3756e-06,6.8976
1.3757e-06,7.0218
1.3758e-06,7.01
1.3759e-06,6.9354
1.376e-06,6.9088
1.3761e-06,6.9572
1.3762e-06,6.9117
1.3763e-06,7.0587
1.3764e-06,6.9307
1.3765e-06,6.9409
1.3766e-06,7.0403
1.3767e-06,6.9113
1.3768e-06,6.8931
1.3769e-06,7.0579
1.377e-06,6.8744
1.3771e-06,6.871
1.3772e-06,6.8562
1.3773e-06,7.0136
1.3774e-06,6.8848
1.3775e-06,6.8847
1.3776e-06,6.7385
1.3777e-06,6.8305
1.3778e-06,6.7721
1.3779e-06,6.9335
1.378e-06,6.8262
1.3781e-06,6.9065
1.3782e-06,6.7499
1.3783e-06,6.913
1.3784e-06,6.7745
1.3785e-06,6.8453
1.3786e-06,6.7459
1.3787e-06,6.8052
1.3788e-06,6.9015
1.3789e-06,6.8566
1.379e-06,6.7524
1.3791e-06,6.7993
1.3792e-06,6.8833
1.3793e-06,6.8779
1.3794e-06,6.8277
1.3795e-06,6.7638
1.3796e-06,6.9184
1.3797e-06,6.8224
1.3798e-06,6.7207
1.3799e-06,6.729
1.38e-06,6.6775
1.3801e-06,6.7574
1.3802e-06,6.7719
1.3803e-06,6.812
1.3804e-06,6.8686
1.3805e-06,6.6238
1.3806e-06,6.7811
1.3807e-06,6.6808
1.3808e-06,6.7368
1.3809e-06,6.6636
1.381e-06,6.6792
1.3811e-06,6.7692
1.3812e-06,6.7793
1.3813e-06,6.7037
1.3814e-06,6.6564
1.3815e-06,6.719
1.3816e-06,6.6555
1.3817e-06,6.6743
1.3818e-06,6.7039
1.3819e-06,6.7672
1.382e-06,6.6421
1.3821e-06,6.704
1.3822e-06,6.5328
1.3823e-06,6.6351
1.3824e-06,6.5623
1.3825e-06,6.6158
1.3826e-06,6.7037
1.3827e-06,6.6994
1.3828e-06,6.5819
1.3829e-06,6.671
1.383e-06,6.7132
1.3831e-06,6.6177
1.3832e-06,6.6433
1.3833e-06,6.5702
1.3834e-06,6.4057
1.3835e-06,6.6124
1.3836e-06,6.7045
1.3837e-06,6.5385
1.3838e-06,6.6212
1.3839e-06,6.4534
1.384e-06,6.5449
1.3841e-06,6.3763
1.3842e-06,6.5489
1.3843e-06,6.5436
1.3844e-06,6.4212
1.3845e-06,6.5701
1.3846e-06,6.553
1.3847e-06,6.5805
1.3848e-06,6.4627
1.3849e-06,6.5737
1.385e-06,6.544
1.3851e-06,6.4832
1.3852e-06,6.5674
1.3853e-06,6.5262
1.3854e-06,6.6407
1.3855e-06,6.6275
1.3856e-06,6.5778
1.3857e-06,6.389
1.3858e-06,6.3937
1.3859e-06,6.4422
1.386e-06,6.5057
1.3861e-06,6.5054
1.3862e-06,6.536
1.3863e-06,6.4397
1.3864e-06,6.4387
1.3865e-06,6.378
1.3866e-06,6.3817
1.3867e-06,6.466
1.3868e-06,6.3219
1.3869e-06,6.4477
1.387e-06,6.4104
1.3871e-06,6.3631
1.3872e-06,6.5158
1.3873e-06,6.5362
1.3874e-06,6.4449
1.3875e-06,6.4584
1.3876e-06,6.5864
1.3877e-06,6.3437
1.3878e-06,6.3625
1.3879e-06,6.4445
1.388e-06,6.4248
1.3881e-06,6.3077
1.3882e-06,6.4472
1.3883e-06,6.4468
1.3884e-06,6.4323
1.3885e-06,6.3076
1.3886e-06,6.274
1.3887e-06,6.4029
1.3888e-06,6.505
1.3889e-06,6.3882
1.389e-06,6.3192
1.3891e-06,6.2751
1.3892e-06,6.4533
1.3893e-06,6.4338
1.3894e-06,6.2961
1.3895e-06,6.3251
1.3896e-06,6.2585
1.3897e-06,6.2678
1.3898e-06,6.174
1.3899e-06,6.179
1.39e-06,6.2968
1.3901e-06,6.1739
1.3902e-06,6.2468
1.3903e-06,6.148
1.3904e-06,6.3887
1.3905e-06,6.3059
1.3906e-06,6.2648
1.3907e-06,6.266
1.3908e-06,6.3343
1.3909e-06,6.2821
1.391e-06,6.1275
1.3911e-06,6.2635
1.3912e-06,6.1974
1.3913e-06,6.1945
1.3914e-06,6.1112
1.3915e-06,6.0451
1.3916e-06,6.3017
1.3917e-06,6.0844
1.3918e-06,6.233
1.3919e-06,6.0243
1.392e-06,6.2296
1.3921e-06,6.2089
1.3922e-06,6.1711
1.3923e-06,6.0778
1.3924e-06,6.1319
1.3925e-06,6.095
1.3926e-06,6.1248
1.3927e-06,6.1433
1.3928e-06,6.1707
1.3929e-06,6.2304
1.393e-06,6.0033
1.3931e-06,6.1368
1.3932e-06,6.2362
1.3933e-06,6.2427
1.3934e-06,6.1419
1.3935e-06,6.0769
1.3936e-06,6.0378
1.3937e-06,6.109
1.3938e-06,6.0596
1.3939e-06,6.0816
1.394e-06,6.0041
1.3941e-06,5.9567
1.3942e-06,6.1022
1.3943e-06,6.0023
1.3944e-06,6.0709
1.3945e-06,6.0089
1.3946e-06,6.0136
1.3947e-06,6.0806
1.3948e-06,5.9074
1.3949e-06,5.9727
1.395e-06,6.0407
1.3951e-06,5.9112
1.3952e-06,5.8723
1.3953e-06,5.9278
1.3954e-06,5.9453
1.3955e-06,5.9892
1.3956e-06,5.9915
1.3957e-06,5.9885
1.3958e-06,6.081
1.3959e-06,6.0097
1.396e-06,5.9941
1.3961e-06,6.0444
1.3962e-06,5.9079
1.3963e-06,5.8773
1.3964e-06,5.7671
1.3965e-06,5.8117
1.3966e-06,5.881
1.3967e-06,5.8026
1.3968e-06,5.9524
1.3969e-06,5.9783
1.397e-06,5.8798
1.3971e-06,5.75
1.3972e-06,5.7901
1.3973e-06,5.8744
1.3974e-06,5.8462
1.3975e-06,5.8152
1.3976e-06,5.8702
1.3977e-06,5.8861
1.3978e-06,5.7407
1.3979e-06,5.7991
1.398e-06,5.9441
1.3981e-06,5.8614
1.3982e-06,5.8877
1.3983e-06,5.8041
1.3984e-06,5.9021
1.3985e-06,5.7546
1.3986e-06,5.7494
1.3987e-06,5.7628
1.3988e-06,5.8499
1.3989e-06,5.7026
1.399e-06,5.802
1.3991e-06,5.605
1.3992e-06,5.785
1.3993e-06,5.8155
1.3994e-06,5.755
1.3995e-06,5.8249
1.3996e-06,5.7166
1.3997e-06,5.9254
1.3998e-06,5.6948
1.3999e-06,5.6224
1.4e-06,5.6612
1.4001e-06,5.6778
1.4002e-06,5.7004
1.4003e-06,5.5717
1.4004e-06,5.565
1.4005e-06,5.5612
1.4006e-06,5.6115
1.4007e-06,5.6586
1.4008e-06,5.7233
1.4009e-06,5.6737
1.401e-06,5.6242
1.4011e-06,5.4828
1.4012e-06,5.7218
1.4013e-06,5.692
1.4014e-06,5.6444
1.4015e-06,5.6052
1.4016e-06,5.72
1.4017e-06,5.631
1.4018e-06,5.5234
1.4019e-06,5.795
1.402e-06,5.5125
1.4021e-06,5.5011
1.4022e-06,5.5812
1.4023e-06,5.5434
1.4024e-06,5.4794
1.4025e-06,5.4916
1.4026e-06,5.6186
1.4027e-06,5.4155
1.4028e-06,5.4087
1.4029e-06,5.6269
1.403e-06,5.5206
1.4031e-06,5.5336
1.4032e-06,5.5907
1.4033e-06,5.4975
1.4034e-06,5.5426
1.4035e-06,5.3678
1.4036e-06,5.4227
1.4037e-06,5.3364
1.4038e-06,5.5346
1.4039e-06,5.4897
1.404e-06,5.5267
1.4041e-06,5.5787
1.4042e-06,5.5274
1.4043e-06,5.3503
1.4044e-06,5.5401
1.4045e-06,5.4778
1.4046e-06,5.3682
1.4047e-06,5.4755
1.4048e-06,5.4389
1.4049e-06,5.4063
1.405e-06,5.3673
1.4051e-06,5.3222
1.4052e-06,5.3598
1.4053e-06,5.2424
1.4054e-06,5.3909
1.4055e-06,5.4417
1.4056e-06,5.377
1.4057e-06,5.3052
1.4058e-06,5.3621
1.4059e-06,5.3794
1.406e-06,5.2795
1.4061e-06,5.2427
1.4062e-06,5.2202
1.4063e-06,5.4261
1.4064e-06,5.2678
1.4065e-06,5.3361
1.4066e-06,5.3943
1.4067e-06,5.3625
1.4068e-06,5.4346
1.4069e-06,5.2048
1.407e-06,5.3673
1.4071e-06,5.3021
1.4072e-06,5.2059
1.4073e-06,5.3209
1.4074e-06,5.3255
1.4075e-06,5.2818
1.4076e-06,5.3347
1.4077e-06,5.2095
1.4078e-06,5.1912
1.4079e-06,5.2801
1.408e-06,5.2995
1.4081e-06,5.0934
1.4082e-06,5.2125
1.4083e-06,5.1626
1.4084e-06,5.136
1.4085e-06,5.2655
1.4086e-06,5.3156
1.4087e-06,5.176
1.4088e-06,5.2273
1.4089e-06,5.2084
1.409e-06,5.1122
1.4091e-06,5.0985
1.4092e-06,5.2281
1.4093e-06,4.9824
1.4094e-06,5.1575
1.4095e-06,5.0859
1.4096e-06,5.1942
1.4097e-06,5.1901
1.4098e-06,5.0953
1.4099e-06,5.1134
1.41e-06,5.0274
1.4101e-06,5.0498
1.4102e-06,5.233
1.4103e-06,5.0795
1.4104e-06,5.0825
1.4105e-06,5.1605
1.4106e-06,5.1284
1.4107e-06,4.9944
1.4108e-06,5.1573
1.4109e-06,5.0622
1.411e-06,5.1182
1.4111e-06,4.8611
1.4112e-06,5.0326
1.4113e-06,4.9631
1.4114e-06,5.1429
1.4115e-06,5.0727
1.4116e-06,4.9452
1.4117e-06,4.8215
1.4118e-06,4.9979
1.4119e-06,4.9135
1.412e-06,4.8704
1.4121e-06,4.9423
1.4122e-06,4.8135
1.4123e-06,4.8809
1.4124e-06,5.0143
1.4125e-06,4.7853
1.4126e-06,4.8871
1.4127e-06,4.8162
1.4128e-06,4.9415
1.4129e-06,4.7943
1.413e-06,4.8117
1.4131e-06,4.8222
1.4132e-06,4.8207
1.4133e-06,4.8376
1.4134e-06,4.8962
1.4135e-06,4.7841
1.4136e-06,4.8913
1.4137e-06,4.7405
1.4138e-06,4.7734
1.4139e-06,4.8628
1.414e-06,4.7596
1.4141e-06,4.8173
1.4142e-06,4.7826
1.4143e-06,4.7517
1.4144e-06,4.6961
1.4145e-06,4.8244
1.4146e-06,4.8327
1.4147e-06,4.8338
1.4148e-06,4.6944
1.4149e-06,4.8959
1.415e-06,4.681
1.4151e-06,4.7514
1.4152e-06,4.7943
1.4153e-06,4.6951
1.4154e-06,4.6022
1.4155e-06,4.7563
1.4156e-06,4.5901
1.4157e-06,4.7069
1.4158e-06,4.8153
1.4159e-06,4.6643
1.416e-06,4.9171
1.4161e-06,4.6424
1.4162e-06,4.696
1.4163e-06,4.7906
1.4164e-06,4.5053
1.4165e-06,4.754
1.4166e-06,4.5014
1.4167e-06,4.6548
1.4168e-06,4.5947
1.4169e-06,4.5985
1.417e-06,4.6124
1.4171e-06,4.6596
1.4172e-06,4.7128
1.4173e-06,4.5931
1.4174e-06,4.603
1.4175e-06,4.5916
1.4176e-06,4.6231
1.4177e-06,4.6299
1.4178e-06,4.5063
1.4179e-06,4.4318
1.418e-06,4.384
1.4181e-06,4.6194
1.4182e-06,4.6143
1.4183e-06,4.4535
1.4184e-06,4.5023
1.4185e-06,4.432
1.4186e-06,4.528
1.4187e-06,4.5313
1.4188e-06,4.539
1.4189e-06,4.4935
1.419e-06,4.5088
1.4191e-06,4.4471
1.4192e-06,4.3825
1.4193e-06,4.4975
1.4194e-06,4.4858
1.4195e-06,4.4233
1.4196e-06,4.3911
1.4197e-06,4.3637
1.4198e-06,4.3789
1.4199e-06,4.416
1.42e-06,4.3536
1.4201e-06,4.294
1.4202e-06,4.457
1.4203e-06,4.3915
1.4204e-06,4.2578
1.4205e-06,4.3122
1.4206e-06,4.366
1.4207e-06,4.4125
1.4208e-06,4.3726
1.4209e-06,4.2102
1.421e-06,4.455
1.4211e-06,4.3364
1.4212e-06,4.3754
1.4213e-06,4.2587
1.4214e-06,4.2045
1.4215e-06,4.1354
1.4216e-06,4.2819
1.4217e-06,4.3505
1.4218e-06,4.3595
1.4219e-06,4.2577
1.422e-06,4.3076
1.4221e-06,4.2251
1.4222e-06,4.0951
1.4223e-06,4.3048
1.4224e-06,4.2502
1.4225e-06,4.2603
1.4226e-06,4.236
1.4227e-06,4.1181
1.4228e-06,4.2366
1.4229e-06,4.1288
1.423e-06,4.0422
1.4231e-06,4.153
1.4232e-06,4.1977
1.4233e-06,4.1638
1.4234e-06,4.0892
1.4235e-06,4.1367
1.4236e-06,4.241
1.4237e-06,4.0284
1.4238e-06,4.1368
1.4239e-06,4.2486
1.424e-06,4.0707
1.4241e-06,4.0444
1.4242e-06,4.1328
1.4243e-06,4.139
1.4244e-06,4.1713
1.4245e-06,4.1526
1.4246e-06,4.0818
1.4247e-06,4.0316
1.4248e-06,4.0375
1.4249e-06,4.0492
1.425e-06,4.0002
1.4251e-06,4.0822
1.4252e-06,3.9046
1.4253e-06,4.0995
1.4254e-06,4.1074
1.4255e-06,4.0142
1.4256e-06,4.0221
1.4257e-06,4.0236
1.4258e-06,4.0686
1.4259e-06,3.9213
1.426e-06,4.1062
1.4261e-06,3.9871
1.4262e-06,3.9118
1.4263e-06,3.9408
1.4264e-06,3.9186
1.4265e-06,3.957
1.4266e-06,3.7885
1.4267e-06,3.934
1.4268e-06,3.9589
1.4269e-06,3.8945
1.427e-06,3.8796
1.4271e-06,4.0215
1.4272e-06,3.7392
1.4273e-06,3.835
1.4274e-06,3.8879
1.4275e-06,3.8201
1.4276e-06,3.9504
1.4277e-06,3.8068
1.4278e-06,3.7593
1.4279e-06,3.7795
1.428e-06,3.8411
1.4281e-06,3.7615
1.4282e-06,3.7577
1.4283e-06,3.7471
1.4284e-06,3.8117
1.4285e-06,3.7095
1.4286e-06,3.9079
1.4287e-06,3.7325
1.4288e-06,3.7641
1.4289e-06,3.8018
1.429e-06,3.6902
1.4291e-06,3.685
1.4292e-06,3.7573
1.4293e-06,3.6684
1.4294e-06,3.6581
1.4295e-06,3.8443
1.4296e-06,3.6211
1.4297e-06,3.7711
1.4298e-06,3.6457
1.4299e-06,3.6121
1.43e-06,3.651
1.4301e-06,3.7002
1.4302e-06,3.737
1.4303e-06,3.7061
1.4304e-06,3.728
1.4305e-06,3.6262
1.4306e-06,3.6648
1.4307e-06,3.6024
1.4308e-06,3.756
1.4309e-06,3.5769
1.431e-06,3.439
1.4311e-06,3.6455
1.4312e-06,3.4934
1.4313e-06,3.5274
1.4314e-06,3.6399
1.4315e-06,3.6329
1.4316e-06,3.5527
1.4317e-06,3.5765
1.4318e-06,3.6596
1.4319e-06,3.4914
1.432e-06,3.551
1.4321e-06,3.4331
1.4322e-06,3.4819
1.4323e-06,3.4815
1.4324e-06,3.5722
1.4325e-06,3.4256
1.4326e-06,3.4587
1.4327e-06,3.652
1.4328e-06,3.5374
1.4329e-06,3.5615
1.433e-06,3.2855
1.4331e-06,3.4533
1.4332e-06,3.5357
1.4333e-06,3.4827
1.4334e-06,3.265
1.4335e-06,3.3192
1.4336e-06,3.3481
1.4337e-06,3.3777
1.4338e-06,3.3708
1.4339e-06,3.3626
1.434e-06,3.391
1.4341e-06,3.3973
1.4342e-06,3.3223
1.4343e-06,3.1841
1.4344e-06,3.2755
1.4345e-06,3.4254
1.4346e-06,3.3627
1.4347e-06,3.4005
1.4348e-06,3.2838
1.4349e-06,3.4507
1.435e-06,3.4279
1.4351e-06,3.1895
1.4352e-06,3.2897
1.4353e-06,3.2709
1.4354e-06,3.1168
1.4355e-06,3.0917
1.4356e-06,3.0762
1.4357e-06,3.2825
1.4358e-06,3.2826
1.4359e-06,3.067
1.436e-06,3.1964
1.4361e-06,3.0136
1.4362e-06,3.3013
1.4363e-06,3.0431
1.4364e-06,3.1014
1.4365e-06,3.1398
1.4366e-06,3.1094
1.4367e-06,3.0572
1.4368e-06,3.0195
1.4369e-06,3.1722
1.437e-06,3.1762
1.4371e-06,3.0987
1.4372e-06,3.031
1.4373e-06,2.9798
1.4374e-06,3.0338
1.4375e-06,3.0633
1.4376e-06,3.1848
1.4377e-06,3.0784
1.4378e-06,3.0107
1.4379e-06,2.9821
1.438e-06,2.963
1.4381e-06,3.073
1.4382e-06,3.0832
1.4383e-06,2.8613
1.4384e-06,3.0056
1.4385e-06,2.9721
1.4386e-06,3.1294
1.4387e-06,2.8696
1.4388e-06,2.8704
1.4389e-06,2.7992
1.439e-06,2.9551
1.4391e-06,2.9171
1.4392e-06,2.819
1.4393e-06,2.9096
1.4394e-06,2.9793
1.4395e-06,2.9212
1.4396e-06,2.7965
1.4397e-06,2.9392
1.4398e-06,2.9009
1.4399e-06,2.8551
1.44e-06,2.8177
1.4401e-06,3.0042
1.4402e-06,2.8056
1.4403e-06,2.8654
1.4404e-06,2.8038
1.4405e-06,2.8479
1.4406e-06,2.8407
1.4407e-06,2.7305
1.4408e-06,2.8686
1.4409e-06,2.7243
1.441e-06,2.7655
1.4411e-06,2.8844
1.4412e-06,2.7033
1.4413e-06,2.6656
1.4414e-06,2.7503
1.4415e-06,2.7344
1.4416e-06,2.6809
1.4417e-06,2.6086
1.4418e-06,2.7854
1.4419e-06,2.6331
1.442e-06,2.8375
1.4421e-06,2.719
1.4422e-06,2.5354
1.4423e-06,2.4078
1.4424e-06,2.812
1.4425e-06,2.554
1.4426e-06,2.5347
1.4427e-06,2.6884
1.4428e-06,2.6661
1.4429e-06,2.6838
1.443e-06,2.6826
1.4431e-06,2.4847
1.4432e-06,2.5705
1.4433e-06,2.3203
1.4434e-06,2.5672
1.4435e-06,2.6339
1.4436e-06,2.4969
1.4437e-06,2.6549
1.4438e-06,2.5706
1.4439e-06,2.4687
1.444e-06,2.3557
1.4441e-06,2.5254
1.4442e-06,2.5289
1.4443e-06,2.4881
1.4444e-06,2.5032
1.4445e-06,2.4762
1.4446e-06,2.5381
1.4447e-06,2.4929
1.4448e-06,2.7101
1.4449e-06,2.6647
1.445e-06,2.4711
1.4451e-06,2.3516
1.4452e-06,2.3214
1.4453e-06,2.2891
1.4454e-06,2.4179
1.4455e-06,2.3302
1.4456e-06,2.2722
1.4457e-06,2.3831
1.4458e-06,2.144
1.4459e-06,2.4325
1.446e-06,2.3324
1.4461e-06,2.3342
1.4462e-06,2.2575
1.4463e-06,2.1998
1.4464e-06,2.2205
1.4465e-06,2.2675
1.4466e-06,2.3133
1.4467e-06,2.3192
1.4468e-06,2.1966
1.4469e-06,2.1604
1.447e-06,2.2753
1.4471e-06,2.3507
1.4472e-06,2.2217
1.4473e-06,2.1126
1.4474e-06,2.13
1.4475e-06,2.3061
1.4476e-06,2.0981
1.4477e-06,2.0414
1.4478e-06,2.0138
1.4479e-06,2.1333
1.448e-06,2.1392
1.4481e-06,2.058
1.4482e-06,1.9667
1.4483e-06,2.0421
1.4484e-06,2.1163
1.4485e-06,2.0852
1.4486e-06,2.1574
1.4487e-06,2.0992
1.4488e-06,2.13
1.4489e-06,1.9306
1.449e-06,2.0152
1.4491e-06,1.869
1.4492e-06,1.9223
1.4493e-06,2.0963
1.4494e-06,2.0853
1.4495e-06,1.9562
1.4496e-06,2.0037
1.4497e-06,1.9199
1.4498e-06,1.8247
1.4499e-06,1.9455
1.45e-06,2.0545
1.4501e-06,2.0569
1.4502e-06,1.9373
1.4503e-06,1.8456
1.4504e-06,1.8444
1.4505e-06,1.9882
1.4506e-06,1.8238
1.4507e-06,1.9176
1.4508e-06,1.9072
1.4509e-06,1.8572
1.451e-06,1.9409
1.4511e-06,1.839
1.4512e-06,1.773
1.4513e-06,1.7976
1.4514e-06,1.771
1.4515e-06,1.7417
1.4516e-06,1.6684
1.4517e-06,1.696
1.4518e-06,1.8859
1.4519e-06,1.8186
1.452e-06,1.5593
1.4521e-06,1.8511
1.4522e-06,1.6
1.4523e-06,1.7117
1.4524e-06,1.8365
1.4525e-06,1.8045
1.4526e-06,1.6314
1.4527e-06,1.8079
1.4528e-06,1.7384
1.4529e-06,1.6594
1.453e-06,1.8137
1.4531e-06,1.6649
1.4532e-06,1.5719
1.4533e-06,1.6537
1.4534e-06,1.6846
1.4535e-06,1.5241
1.4536e-06,1.6436
1.4537e-06,1.3597
1.4538e-06,1.592
1.4539e-06,1.4543
1.454e-06,1.6293
1.4541e-06,1.59
1.4542e-06,1.4671
1.4543e-06,1.6116
1.4544e-06,1.3601
1.4545e-06,1.5151
1.4546e-06,1.671
1.4547e-06,1.6169
1.4548e-06,1.5198
1.4549e-06,1.5005
1.455e-06,1.4898
1.4551e-06,1.469
1.4552e-06,1.3249
1.4553e-06,1.2462
1.4554e-06,1.4827
1.4555e-06,1.4609
1.4556e-06,1.4496
1.4557e-06,1.4
1.4558e-06,1.3589
1.4559e-06,1.3962
1.456e-06,1.3747
1.4561e-06,1.4389
1.4562e-06,1.3834
1.4563e-06,1.265
1.4564e-06,1.3253
1.4565e-06,1.3387
1.4566e-06,1.2398
1.4567e-06,1.397
1.4568e-06,1.2136
1.4569e-06,1.257
1.457e-06,1.2038
1.4571e-06,1.1409
1.4572e-06,1.1911
1.4573e-06,1.1155
1.4574e-06,1.0228
1.4575e-06,1.2049
1.4576e-06,1.207
1.4577e-06,1.1167
1.4578e-06,1.3175
1.4579e-06,1.3014
1.458e-06,1.1783
1.4581e-06,1.0765
1.4582e-06,0.94198
1.4583e-06,1.0622
1.4584e-06,1.1139
1.4585e-06,1.0303
1.4586e-06,0.99049
1.4587e-06,1.1406
1.4588e-06,1.0044
1.4589e-06,1.0426
1.459e-06,0.95635
1.4591e-06,1.0897
1.4592e-06,1.0236
1.4593e-06,1.0298
1.4594e-06,0.96537
1.4595e-06,1.0632
1.4596e-06,1.117
1.4597e-06,0.92143
1.4598e-06,0.9807
1.4599e-06,1.0619
1.46e-06,1.0251
1.4601e-06,1.0856
1.4602e-06,0.95674
1.4603e-06,0.98087
1.4604e-06,0.91651
1.4605e-06,0.81382
1.4606e-06,0.87523
1.4607e-06,0.88648
1.4608e-06,0.99976
1.4609e-06,0.87671
1.461e-06,0.84481
1.4611e-06,0.83485
1.4612e-06,0.6997
1.4613e-06,0.86744
1.4614e-06,0.75231
1.4615e-06,0.91246
1.4616e-06,0.71164
1.4617e-06,0.86168
1.4618e-06,0.70856
1.4619e-06,0.61762
1.462e-06,0.83095
1.4621e-06,0.66421
1.4622e-06,0.64892
1.4623e-06,0.69296
1.4624e-06,0.8018
1.4625e-06,0.78038
1.4626e-06,0.73345
1.4627e-06,0.74475
1.4628e-06,0.81853
1.4629e-06,0.59578
1.463e-06,0.63775
1.4631e-06,0.60723
1.4632e-06,0.53664
1.4633e-06,0.48615
1.4634e-06,0.57075
1.4635e-06,0.36894
1.4636e-06,0.48294
1.4637e-06,0.49149
1.4638e-06,0.51479
1.4639e-06,0.59639
1.464e-06,0.64797
1.4641e-06,0.46358
1.4642e-06,0.58843
1.4643e-06,0.38224
1.4644e-06,0.42688
1.4645e-06,0.30246
1.4646e-06,0.43944
1.4647e-06,0.61353
1.4648e-06,0.30539
1.4649e-06,0.44991
1.465e-06,0.25936
1.4651e-06,0.40145
1.4652e-06,0.35092
1.4653e-06,0.45096
1.4654e-06,0.33047
1.4655e-06,0.23515
1.4656e-06,0.33412
1.4657e-06,0.2006
1.4658e-06,0.41473
1.4659e-06,0.34395
1.466e-06,0.39702
1.4661e-06,0.28366
1.4662e-06,0.28239
1.4663e-06,0.17963
1.4664e-06,0.35191
1.4665e-06,0.13905
1.4666e-06,0.16336
1.4667e-06,0.18058
1.4668e-06,0.32768
1.4669e-06,0.16699
1.467e-06,0.12125
1.4671e-06,0.16218
1.4672e-06,0.1484
1.4673e-06,0.22749
1.4674e-06,0.25046
1.4675e-06,0.074547
1.4676e-06,0.058828
1.4677e-06,0.040228
1.4678e-06,0.074754
1.4679e-06,0.002359
1.468e-06,-0.019985
1.4681e-06,-0.067003
1.4682e-06,0.16621
1.4683e-06,-0.041151
1.4684e-06,-0.037396
1.4685e-06,0.10744
1.4686e-06,-0.071094
1.4687e-06,-0.21265
1.4688e-06,-0.13267
1.4689e-06,0.029519
1.469e-06,-0.059355
1.4691e-06,-0.18057
1.4692e-06,-0.13909
1.4693e-06,-0.093874
1.4694e-06,-0.23161
1.4695e-06,-0.08733
1.4696e-06,-0.10338
1.4697e-06,-0.086353
1.4698e-06,-0.05167
1.4699e-06,-0.20487
1.47e-06,-0.2142
1.4701e-06,-0.24321
1.4702e-06,-0.23506
1.4703e-06,-0.11541
1.4704e-06,-0.32269
1.4705e-06,-0.28446
1.4706e-06,-0.11863
1.4707e-06,-0.22288
1.4708e-06,-0.36317
1.4709e-06,-0.38902
1.471e-06,-0.30398
1.4711e-06,-0.4447
1.4712e-06,-0.29382
1.4713e-06,-0.35264
1.4714e-06,-0.46422
1.4715e-06,-0.2653
1.4716e-06,-0.40864
1.4717e-06,-0.40213
1.4718e-06,-0.3479
1.4719e-06,-0.3716
1.472e-06,-0.18244
1.4721e-06,-0.47686
1.4722e-06,-0.41896
1.4723e-06,-0.5539
1.4724e-06,-0.44359
1.4725e-06,-0.46646
1.4726e-06,-0.56265
1.4727e-06,-0.36751
1.4728e-06,-0.52118
1.4729e-06,-0.68188
1.473e-06,-0.62653
1.4731e-06,-0.56562
1.4732e-06,-0.46581
1.4733e-06,-0.64952
1.4734e-06,-0.7318
1.4735e-06,-0.47972
1.4736e-06,-0.70856
1.4737e-06,-0.54725
1.4738e-06,-0.59131
1.4739e-06,-0.38657
1.474e-06,-0.47765
1.4741e-06,-0.52549
1.4742e-06,-0.67405
1.4743e-06,-0.86579
1.4744e-06,-0.66371
1.4745e-06,-0.88682
1.4746e-06,-0.83553
1.4747e-06,-0.84846
1.4748e-06,-0.74789
1.4749e-06,-0.82396
1.475e-06,-0.78649
1.4751e-06,-0.86405
1.4752e-06,-0.83833
1.4753e-06,-0.81323
1.4754e-06,-0.91076
1.4755e-06,-0.89335
1.4756e-06,-0.93452
1.4757e-06,-0.76868
1.4758e-06,-0.77741
1.4759e-06,-0.92129
1.476e-06,-0.88621
1.4761e-06,-1.0363
1.4762e-06,-1.0482
1.4763e-06,-0.9599
1.4764e-06,-0.92121
1.4765e-06,-1.0498
1.4766e-06,-0.96898
1.4767e-06,-1.0765
1.4768e-06,-1.0333
1.4769e-06,-1.0356
1.477e-06,-1.0138
1.4771e-06,-1.2483
1.4772e-06,-1.142
1.4773e-06,-1.2359
1.4774e-06,-1.1605
1.4775e-06,-1.1766
1.4776e-06,-1.1159
1.4777e-06,-1.1463
1.4778e-06,-1.2367
1.4779e-06,-1.2499
1.478e-06,-1.119
1.4781e-06,-1.2306
1.4782e-06,-1.1546
1.4783e-06,-1.1896
1.4784e-06,-1.2066
1.4785e-06,-1.2374
1.4786e-06,-1.1872
1.4787e-06,-1.3425
1.4788e-06,-1.2851
1.4789e-06,-1.4665
1.479e-06,-1.2624
1.4791e-06,-1.3217
1.4792e-06,-1.4993
1.4793e-06,-1.4578
1.4794e-06,-1.4206
1.4795e-06,-1.4523
1.4796e-06,-1.5123
1.4797e-06,-1.4153
1.4798e-06,-1.3875
1.4799e-06,-1.5142
1.48e-06,-1.4039
1.4801e-06,-1.4591
1.4802e-06,-1.3942
1.4803e-06,-1.537
1.4804e-06,-1.7068
1.4805e-06,-1.3702
1.4806e-06,-1.5112
1.4807e-06,-1.4724
1.4808e-06,-1.5279
1.4809e-06,-1.5769
1.481e-06,-1.7364
1.4811e-06,-1.6721
1.4812e-06,-1.744
1.4813e-06,-1.6085
1.4814e-06,-1.5373
1.4815e-06,-1.5817
1.4816e-06,-1.6286
1.4817e-06,-1.7322
1.4818e-06,-1.5802
1.4819e-06,-1.6017
1.482e-06,-1.7732
1.4821e-06,-1.6787
1.4822e-06,-1.917
1.4823e-06,-1.6322
1.4824e-06,-1.8328
1.4825e-06,-1.8171
1.4826e-06,-1.72
1.4827e-06,-1.687
1.4828e-06,-1.6724
1.4829e-06,-1.8243
1.483e-06,-1.9043
1.4831e-06,-1.9295
1.4832e-06,-2.079
1.4833e-06,-2.0919
1.4834e-06,-1.9068
1.4835e-06,-1.8761
1.4836e-06,-1.7563
1.4837e-06,-1.8715
1.4838e-06,-1.9573
1.4839e-06,-1.885
1.484e-06,-1.9842
1.4841e-06,-2.1002
1.4842e-06,-2.1421
1.4843e-06,-2.1406
1.4844e-06,-1.9191
1.4845e-06,-2.0462
1.4846e-06,-2.1605
1.4847e-06,-2.0056
1.4848e-06,-2.0088
1.4849e-06,-2.2128
1.485e-06,-2.2028
1.4851e-06,-2.2393
1.4852e-06,-2.2022
1.4853e-06,-2.2264
1.4854e-06,-2.2272
1.4855e-06,-2.1797
1.4856e-06,-2.2642
1.4857e-06,-2.1357
1.4858e-06,-2.4214
1.4859e-06,-2.222
1.486e-06,-2.1856
1.4861e-06,-2.2187
1.4862e-06,-2.3894
1.4863e-06,-2.1874
1.4864e-06,-2.5952
1.4865e-06,-2.424
1.4866e-06,-2.3795
1.4867e-06,-2.4611
1.4868e-06,-2.424
1.4869e-06,-2.4583
1.487e-06,-2.3581
1.4871e-06,-2.4169
1.4872e-06,-2.2481
1.4873e-06,-2.4792
1.4874e-06,-2.4993
1.4875e-06,-2.5592
1.4876e-06,-2.5999
1.4877e-06,-2.621
1.4878e-06,-2.8181
1.4879e-06,-2.5726
1.488e-06,-2.7088
1.4881e-06,-2.558
1.4882e-06,-2.5989
1.4883e-06,-2.6125
1.4884e-06,-2.6892
1.4885e-06,-2.539
1.4886e-06,-2.7186
1.4887e-06,-2.6277
1.4888e-06,-2.6459
1.4889e-06,-2.6258
1.489e-06,-2.8117
1.4891e-06,-2.863
1.4892e-06,-2.721
1.4893e-06,-2.779
1.4894e-06,-2.8675
1.4895e-06,-2.7522
1.4896e-06,-2.7543
1.4897e-06,-2.7374
1.4898e-06,-2.9186
1.4899e-06,-2.829
1.49e-06,-2.9685
1.4901e-06,-2.7887
1.4902e-06,-2.9387
1.4903e-06,-2.8485
1.4904e-06,-2.827
1.4905e-06,-2.7261
1.4906e-06,-2.9684
1.4907e-06,-3.0311
1.4908e-06,-3.0247
1.4909e-06,-2.9076
1.491e-06,-3.0431
1.4911e-06,-2.9477
1.4912e-06,-2.9281
1.4913e-06,-3.0322
1.4914e-06,-3.0712
1.4915e-06,-3.0949
1.4916e-06,-3.1297
1.4917e-06,-3.0041
1.4918e-06,-3.099
1.4919e-06,-3.2182
1.492e-06,-3.2162
1.4921e-06,-3.0718
1.4922e-06,-3.2844
1.4923e-06,-3.2306
1.4924e-06,-3.1764
1.4925e-06,-3.2021
1.4926e-06,-3.2574
1.4927e-06,-3.2613
1.4928e-06,-3.4102
1.4929e-06,-3.1921
1.493e-06,-3.3792
1.4931e-06,-3.179
1.4932e-06,-3.2307
1.4933e-06,-3.3123
1.4934e-06,-3.3542
1.4935e-06,-3.3764
1.4936e-06,-3.3144
1.4937e-06,-3.4306
1.4938e-06,-3.5536
1.4939e-06,-3.5132
1.494e-06,-3.5084
1.4941e-06,-3.4938
1.4942e-06,-3.541
1.4943e-06,-3.5342
1.4944e-06,-3.5465
1.4945e-06,-3.6801
1.4946e-06,-3.4902
1.4947e-06,-3.5407
1.4948e-06,-3.5337
1.4949e-06,-3.5763
1.495e-06,-3.7297
1.4951e-06,-3.7399
1.4952e-06,-3.5441
1.4953e-06,-3.5002
1.4954e-06,-3.6931
1.4955e-06,-3.5822
1.4956e-06,-3.6117
1.4957e-06,-3.6628
1.4958e-06,-3.6743
1.4959e-06,-3.8232
1.496e-06,-3.707
1.4961e-06,-3.8746
1.4962e-06,-3.9278
1.4963e-06,-3.6993
1.4964e-06,-3.8432
1.4965e-06,-4.0287
1.4966e-06,-3.8947
1.4967e-06,-3.9702
1.4968e-06,-3.7715
1.4969e-06,-3.8907
1.497e-06,-3.9493
1.4971e-06,-3.875
1.4972e-06,-3.9219
1.4973e-06,-4.0098
1.4974e-06,-3.8653
1.4975e-06,-3.8767
1.4976e-06,-4.0227
1.4977e-06,-3.9087
1.4978e-06,-4.0375
1.4979e-06,-4.1693
1.498e-06,-4.1199
1.4981e-06,-3.912
1.4982e-06,-3.9381
1.4983e-06,-3.9112
1.4984e-06,-4.1388
1.4985e-06,-4.0909
1.4986e-06,-4.1838
1.4987e-06,-4.1496
1.4988e-06,-4.195
1.4989e-06,-4.202
1.499e-06,-4.2605
1.4991e-06,-4.2323
1.4992e-06,-4.2201
1.4993e-06,-4.3397
1.4994e-06,-4.3826
1.4995e-06,-4.3626
1.4996e-06,-4.4938
1.4997e-06,-4.1617
1.4998e-06,-4.3704
1.4999e-06,-4.4444
1.5e-06,-4.441
1.5001e-06,-4.3233
1.5002e-06,-4.4123
1.5003e-06,-4.3195
1.5004e-06,-4.4958
1.5005e-06,-4.5104
1.5006e-06,-4.4243
1.5007e-06,-4.545
1.5008e-06,-4.488
1.5009e-06,-4.313
1.501e-06,-4.5452
1.5011e-06,-4.4563
1.5012e-06,-4.6369
1.5013e-06,-4.341
1.5014e-06,-4.5107
1.5015e-06,-4.5476
1.5016e-06,-4.6119
1.5017e-06,-4.6933
1.5018e-06,-4.7873
1.5019e-06,-4.5757
1.502e-06,-4.8914
1.5021e-06,-4.6977
1.5022e-06,-4.9457
1.5023e-06,-4.7729
1.5024e-06,-4.6116
1.5025e-06,-4.7565
1.5026e-06,-4.8967
1.5027e-06,-4.7188
1.5028e-06,-4.9508
1.5029e-06,-4.8402
1.503e-06,-4.8316
1.5031e-06,-4.7058
1.5032e-06,-4.703
1.5033e-06,-5.022
1.5034e-06,-4.7711
1.5035e-06,-4.7207
1.5036e-06,-5.1008
1.5037e-06,-4.9378
1.5038e-06,-5.0776
1.5039e-06,-5.1726
1.504e-06,-5.1512
1.5041e-06,-5.0977
1.5042e-06,-4.9359
1.5043e-06,-5.0684
1.5044e-06,-5.0811
1.5045e-06,-4.9819
1.5046e-06,-5.1321
1.5047e-06,-5.0827
1.5048e-06,-5.1357
1.5049e-06,-4.9108
1.505e-06,-5.1283
1.5051e-06,-5.249
1.5052e-06,-5.1249
1.5053e-06,-5.1231
1.5054e-06,-5.2815
1.5055e-06,-5.4237
1.5056e-06,-5.243
1.5057e-06,-5.34
1.5058e-06,-5.2564
1.5059e-06,-5.2106
1.506e-06,-5.4395
1.5061e-06,-5.4517
1.5062e-06,-5.3886
1.5063e-06,-5.4319
1.5064e-06,-5.4193
1.5065e-06,-5.2957
1.5066e-06,-5.4354
1.5067e-06,-5.3979
1.5068e-06,-5.6625
1.5069e-06,-5.5933
1.507e-06,-5.5026
1.5071e-06,-5.4651
1.5072e-06,-5.6154
1.5073e-06,-5.5017
1.5074e-06,-5.6488
1.5075e-06,-5.6883
1.5076e-06,-5.5814
1.5077e-06,-5.9267
1.5078e-06,-5.6503
1.5079e-06,-5.5709
1.508e-06,-5.5092
1.5081e-06,-5.7193
1.5082e-06,-5.62
1.5083e-06,-5.8437
1.5084e-06,-5.7738
1.5085e-06,-5.6347
1.5086e-06,-5.7509
1.5087e-06,-5.6751
1.5088e-06,-5.6545
1.5089e-06,-6.0114
1.509e-06,-5.8515
1.5091e-06,-5.8115
1.5092e-06,-5.8135
1.5093e-06,-5.8636
1.5094e-06,-5.9627
1.5095e-06,-5.9043
1.5096e-06,-6.0023
1.5097e-06,-5.9503
1.5098e-06,-5.9877
1.5099e-06,-6.0982
1.51e-06,-6.0981
1.5101e-06,-5.992
1.5102e-06,-5.8709
1.5103e-06,-6.0775
1.5104e-06,-6.1747
1.5105e-06,-6.1456
1.5106e-06,-6.1899
1.5107e-06,-6.0727
1.5108e-06,-6.1946
1.5109e-06,-6.1897
1.511e-06,-6.2409
1.5111e-06,-6.169
1.5112e-06,-6.0819
1.5113e-06,-6.3473
1.5114e-06,-6.1589
1.5115e-06,-6.194
1.5116e-06,-6.2645
1.5117e-06,-6.3158
1.5118e-06,-6.2386
1.5119e-06,-6.4731
1.512e-06,-6.2465
1.5121e-06,-6.4175
1.5122e-06,-6.4514
1.5123e-06,-6.2684
1.5124e-06,-6.5218
1.5125e-06,-6.3939
1.5126e-06,-6.4324
1.5127e-06,-6.2358
1.5128e-06,-6.2575
1.5129e-06,-6.4755
1.513e-06,-6.2573
1.5131e-06,-6.3154
1.5132e-06,-6.6044
1.5133e-06,-6.1668
1.5134e-06,-6.4022
1.5135e-06,-6.59
1.5136e-06,-6.4925
1.5137e-06,-6.6307
1.5138e-06,-6.7603
1.5139e-06,-6.6307
1.514e-06,-6.665
1.5141e-06,-6.7342
1.5142e-06,-6.7675
1.5143e-06,-6.6722
1.5144e-06,-6.6342
1.5145e-06,-6.8244
1.5146e-06,-6.8235
1.5147e-06,-6.6689
1.5148e-06,-6.4796
1.5149e-06,-6.756
1.515e-06,-6.8385
1.5151e-06,-6.8725
1.5152e-06,-6.9495
1.5153e-06,-6.8687
1.5154e-06,-6.8332
1.5155e-06,-6.8346
1.5156e-06,-6.9206
1.5157e-06,-6.7733
1.5158e-06,-6.919
1.5159e-06,-6.8919
1.516e-06,-6.8329
1.5161e-06,-6.929
1.5162e-06,-6.8117
1.5163e-06,-7.0815
1.5164e-06,-6.9943
1.5165e-06,-7.0291
1.5166e-06,-6.9929
1.5167e-06,-7.2417
1.5168e-06,-7.0003
1.5169e-06,-7.1077
1.517e-06,-7.1636
1.5171e-06,-7.0627
1.5172e-06,-7.3408
1.5173e-06,-6.9876
1.5174e-06,-6.9567
1.5175e-06,-7.0949
1.5176e-06,-7.0332
1.5177e-06,-7.0112
1.5178e-06,-7.049
1.5179e-06,-7.1015
1.518e-06,-7.3716
1.5181e-06,-7.2632
1.5182e-06,-7.1808
1.5183e-06,-7.1707
1.5184e-06,-7.2388
1.5185e-06,-7.3225
1.5186e-06,-7.3675
1.5187e-06,-7.2411
1.5188e-06,-7.4516
1.5189e-06,-7.3974
1.519e-06,-7.4138
1.5191e-06,-7.3758
1.5192e-06,-7.3118
1.5193e-06,-7.4453
1.5194e-06,-7.4213
1.5195e-06,-7.3587
1.5196e-06,-7.5247
1.5197e-06,-7.4241
1.5198e-06,-7.2024
1.5199e-06,-7.2569
1.52e-06,-7.5705
1.5201e-06,-7.5576
1.5202e-06,-7.4012
1.5203e-06,-7.5061
1.5204e-06,-7.4857
1.5205e-06,-7.3659
1.5206e-06,-7.3127
1.5207e-06,-7.4157
1.5208e-06,-7.5939
1.5209e-06,-7.3642
1.521e-06,-7.5854
1.5211e-06,-7.6011
1.5212e-06,-7.6369
1.5213e-06,-7.8271
1.5214e-06,-7.7755
1.5215e-06,-7.6108
1.5216e-06,-7.7187
1.5217e-06,-7.591
1.5218e-06,-7.5932
1.5219e-06,-7.6689
1.522e-06,-7.7333
1.5221e-06,-7.969
1.5222e-06,-7.7071
1.5223e-06,-7.6082
1.5224e-06,-7.8006
1.5225e-06,-7.5388
1.5226e-06,-7.7904
1.5227e-06,-7.9371
1.5228e-06,-7.9134
1.5229e-06,-7.8827
1.523e-06,-7.6617
1.5231e-06,-7.8592
1.5232e-06,-7.9369
1.5233e-06,-7.8521
1.5234e-06,-8.0032
1.5235e-06,-7.9071
1.5236e-06,-7.7017
1.5237e-06,-8.0072
1.5238e-06,-7.8189
1.5239e-06,-8.0245
1.524e-06,-7.8794
1.5241e-06,-7.8883
1.5242e-06,-8.0286
1.5243e-06,-8.0336
1.5244e-06,-8.0459
1.5245e-06,-7.9551
1.5246e-06,-8.0337
1.5247e-06,-8.1436
1.5248e-06,-8.0008
1.5249e-06,-7.9774
1.525e-06,-7.8979
1.5251e-06,-8.0919
1.5252e-06,-8.3527
1.5253e-06,-8.0505
1.5254e-06,-8.1471
1.5255e-06,-8.0872
1.5256e-06,-7.9276
1.5257e-06,-8.0649
1.5258e-06,-7.9573
1.5259e-06,-8.3015
1.526e-06,-8.1326
1.5261e-06,-8.1399
1.5262e-06,-8.2541
1.5263e-06,-8.1354
1.5264e-06,-8.2577
1.5265e-06,-8.2566
1.5266e-06,-8.2597
1.5267e-06,-8.3618
1.5268e-06,-8.1577
1.5269e-06,-8.2551
1.527e-06,-8.1385
1.5271e-06,-8.301
1.5272e-06,-8.2053
1.5273e-06,-8.3874
1.5274e-06,-8.2323
1.5275e-06,-8.2431
1.5276e-06,-8.3531
1.5277e-06,-8.2282
1.5278e-06,-8.4127
1.5279e-06,-8.1057
1.528e-06,-8.3034
1.5281e-06,-8.4173
1.5282e-06,-8.3597
1.5283e-06,-8.1251
1.5284e-06,-8.2523
1.5285e-06,-8.308
1.5286e-06,-8.3939
1.5287e-06,-8.3853
1.5288e-06,-8.3695
1.5289e-06,-8.4063
1.529e-06,-8.4257
1.5291e-06,-8.359
1.5292e-06,-8.3853
1.5293e-06,-8.489
1.5294e-06,-8.5352
1.5295e-06,-8.1641
1.5296e-06,-8.464
1.5297e-06,-8.2578
1.5298e-06,-8.4088
1.5299e-06,-8.4514
1.53e-06,-8.2719
1.5301e-06,-8.5284
1.5302e-06,-8.6189
1.5303e-06,-8.3201
1.5304e-06,-8.5403
1.5305e-06,-8.608
1.5306e-06,-8.5315
1.5307e-06,-8.4243
1.5308e-06,-8.5514
1.5309e-06,-8.5454
1.531e-06,-8.4341
1.5311e-06,-8.3814
1.5312e-06,-8.4988
1.5313e-06,-8.7978
1.5314e-06,-8.6948
1.5315e-06,-8.5025
1.5316e-06,-8.5512
1.5317e-06,-8.5901
1.5318e-06,-8.2732
1.5319e-06,-8.4323
1.532e-06,-8.6668
1.5321e-06,-8.4506
1.5322e-06,-8.5642
1.5323e-06,-8.39
1.5324e-06,-8.6757
1.5325e-06,-8.6642
1.5326e-06,-8.3195
1.5327e-06,-8.5792
1.5328e-06,-8.5061
1.5329e-06,-8.6278
1.533e-06,-8.6052
1.5331e-06,-8.6727
1.5332e-06,-8.393
1.5333e-06,-8.5953
1.5334e-06,-8.6826
1.5335e-06,-8.7258
1.5336e-06,-8.4538
1.5337e-06,-8.6625
1.5338e-06,-8.5673
1.5339e-06,-8.4222
1.534e-06,-8.5516
1.5341e-06,-8.5762
1.5342e-06,-8.5665
1.5343e-06,-8.6811
1.5344e-06,-8.6836
1.5345e-06,-8.5162
1.5346e-06,-8.6974
1.5347e-06,-8.6704
1.5348e-06,-8.6388
1.5349e-06,-8.5795
1.535e-06,-8.5606
1.5351e-06,-8.3857
1.5352e-06,-8.5984
1.5353e-06,-8.4155
1.5354e-06,-8.6119
1.5355e-06,-8.6088
1.5356e-06,-8.3997
1.5357e-06,-8.4968
1.5358e-06,-8.6157
1.5359e-06,-8.4331
1.536e-06,-8.6077
1.5361e-06,-8.4747
1.5362e-06,-8.736
1.5363e-06,-8.7982
1.5364e-06,-8.538
1.5365e-06,-8.4746
1.5366e-06,-8.5346
1.5367e-06,-8.7167
1.5368e-06,-8.4681
1.5369e-06,-8.6728
1.537e-06,-8.5005
1.5371e-06,-8.4679
1.5372e-06,-8.6561
1.5373e-06,-8.4476
1.5374e-06,-8.5536
1.5375e-06,-8.4949
1.5376e-06,-8.6658
1.5377e-06,-8.701
1.5378e-06,-8.4647
1.5379e-06,-8.5448
1.538e-06,-8.5916
1.5381e-06,-8.4851
1.5382e-06,-8.4908
1.5383e-06,-8.5312
1.5384e-06,-8.5266
1.5385e-06,-8.651
1.5386e-06,-8.4566
1.5387e-06,-8.6147
1.5388e-06,-8.2428
1.5389e-06,-8.7137
1.539e-06,-8.745
1.5391e-06,-8.6138
1.5392e-06,-8.6772
1.5393e-06,-8.3919
1.5394e-06,-8.3095
1.5395e-06,-8.5422
1.5396e-06,-8.5602
1.5397e-06,-8.2354
1.5398e-06,-8.4092
1.5399e-06,-8.3708
1.54e-06,-8.3304
1.5401e-06,-8.4275
1.5402e-06,-8.4019
1.5403e-06,-8.3849
1.5404e-06,-8.3661
1.5405e-06,-8.4442
1.5406e-06,-8.3059
1.5407e-06,-8.4668
1.5408e-06,-8.3967
1.5409e-06,-8.5018
1.541e-06,-8.4144
1.5411e-06,-8.4581
1.5412e-06,-8.4415
1.5413e-06,-8.3115
1.5414e-06,-8.4396
1.5415e-06,-8.4084
1.5416e-06,-8.5395
1.5417e-06,-8.4667
1.5418e-06,-8.3728
1.5419e-06,-8.1721
1.542e-06,-8.2583
1.5421e-06,-8.4157
1.5422e-06,-8.4099
1.5423e-06,-8.3683
1.5424e-06,-8.2998
1.5425e-06,-8.2537
1.5426e-06,-8.3245
1.5427e-06,-8.2466
1.5428e-06,-8.3272
1.5429e-06,-8.4294
1.543e-06,-8.087
1.5431e-06,-8.2085
1.5432e-06,-8.2899
1.5433e-06,-8.4203
1.5434e-06,-8.2891
1.5435e-06,-8.2784
1.5436e-06,-8.3861
1.5437e-06,-8.1512
1.5438e-06,-8.4054
1.5439e-06,-8.2313
1.544e-06,-8.2796
1.5441e-06,-8.1689
1.5442e-06,-8.1606
1.5443e-06,-8.1738
1.5444e-06,-8.2544
1.5445e-06,-8.1878
1.5446e-06,-8.1371
1.5447e-06,-8.0513
1.5448e-06,-8.3377
1.5449e-06,-8.1003
1.545e-06,-8.1439
1.5451e-06,-7.8792
1.5452e-06,-8.0013
1.5453e-06,-8.1199
1.5454e-06,-8.2043
1.5455e-06,-8.2049
1.5456e-06,-8.0364
1.5457e-06,-8.0607
1.5458e-06,-7.9585
1.5459e-06,-8.1351
1.546e-06,-7.8799
1.5461e-06,-8.0966
1.5462e-06,-7.9351
1.5463e-06,-8.0245
1.5464e-06,-8.048
1.5465e-06,-7.9992
1.5466e-06,-7.9083
1.5467e-06,-7.9913
1.5468e-06,-8.0657
1.5469e-06,-7.7865
1.547e-06,-7.6908
1.5471e-06,-7.8307
1.5472e-06,-8.0415
1.5473e-06,-8.0075
1.5474e-06,-7.8871
1.5475e-06,-7.981
1.5476e-06,-7.8915
1.5477e-06,-7.999
1.5478e-06,-7.7627
1.5479e-06,-8.0091
1.548e-06,-7.7042
1.5481e-06,-7.9684
1.5482e-06,-7.8066
1.5483e-06,-7.9021
1.5484e-06,-7.5734
1.5485e-06,-7.6793
1.5486e-06,-7.8365
1.5487e-06,-7.8148
1.5488e-06,-7.7666
1.5489e-06,-7.938
1.549e-06,-7.6678
1.5491e-06,-7.7571
1.5492e-06,-7.6386
1.5493e-06,-7.8321
1.5494e-06,-7.9016
1.5495e-06,-7.6607
1.5496e-06,-7.8439
1.5497e-06,-7.5623
1.5498e-06,-7.7461
1.5499e-06,-7.642
1.55e-06,-7.6122
1.5501e-06,-7.5562
1.5502e-06,-7.4695
1.5503e-06,-7.6
1.5504e-06,-7.6433
1.5505e-06,-7.4027
1.5506e-06,-7.4881
1.5507e-06,-7.3648
1.5508e-06,-7.8608
1.5509e-06,-7.4961
1.551e-06,-7.5561
1.5511e-06,-7.4413
1.5512e-06,-7.4945
1.5513e-06,-7.3232
1.5514e-06,-7.3393
1.5515e-06,-7.3831
1.5516e-06,-7.3815
1.5517e-06,-7.6092
1.5518e-06,-7.2483
1.5519e-06,-7.2769
1.552e-06,-7.2597
1.5521e-06,-7.2272
1.5522e-06,-7.3775
1.5523e-06,-7.2467
1.5524e-06,-7.4799
1.5525e-06,-7.2893
1.5526e-06,-7.1859
1.5527e-06,-7.3704
1.5528e-06,-7.2799
1.5529e-06,-7.2279
1.553e-06,-7.3986
1.5531e-06,-7.339
1.5532e-06,-7.1202
1.5533e-06,-7.1451
1.5534e-06,-7.1599
1.5535e-06,-7.0563
1.5536e-06,-7.3314
1.5537e-06,-7.1785
1.5538e-06,-7.0209
1.5539e-06,-7.385
1.554e-06,-7.2139
1.5541e-06,-7.1894
1.5542e-06,-7.2522
1.5543e-06,-7.0189
1.5544e-06,-6.9905
1.5545e-06,-7.1836
1.5546e-06,-6.951
1.5547e-06,-7.0372
1.5548e-06,-7.0446
1.5549e-06,-7.2241
1.555e-06,-6.8517
1.5551e-06,-7.2088
1.5552e-06,-7.003
1.5553e-06,-6.935
1.5554e-06,-6.9625
1.5555e-06,-6.9328
1.5556e-06,-7.0052
1.5557e-06,-6.9765
1.5558e-06,-6.7092
1.5559e-06,-6.9798
1.556e-06,-6.6624
1.5561e-06,-6.8525
1.5562e-06,-6.7848
1.5563e-06,-6.8165
1.5564e-06,-6.6724
1.5565e-06,-6.8002
1.5566e-06,-6.6821
1.5567e-06,-6.5674
1.5568e-06,-6.7774
1.5569e-06,-6.7493
1.557e-06,-6.6702
1.5571e-06,-6.671
1.5572e-06,-6.6053
1.5573e-06,-6.5834
1.5574e-06,-6.6052
1.5575e-06,-6.7377
1.5576e-06,-6.6959
1.5577e-06,-6.6104
1.5578e-06,-6.6435
1.5579e-06,-6.6929
1.558e-06,-6.4434
1.5581e-06,-6.5151
1.5582e-06,-6.6715
1.5583e-06,-6.5664
1.5584e-06,-6.6093
1.5585e-06,-6.5162
1.5586e-06,-6.4196
1.5587e-06,-6.432
1.5588e-06,-6.3743
1.5589e-06,-6.5779
1.559e-06,-6.662
1.5591e-06,-6.301
1.5592e-06,-6.373
1.5593e-06,-6.369
1.5594e-06,-6.4049
1.5595e-06,-6.3483
1.5596e-06,-6.158
1.5597e-06,-6.1826
1.5598e-06,-6.2017
1.5599e-06,-6.1393
1.56e-06,-6.0757
1.5601e-06,-6.2659
1.5602e-06,-6.4454
1.5603e-06,-6.228
1.5604e-06,-6.3309
1.5605e-06,-6.0827
1.5606e-06,-6.3651
1.5607e-06,-6.1855
1.5608e-06,-6.2601
1.5609e-06,-6.3393
1.561e-06,-6.2892
1.5611e-06,-6.0594
1.5612e-06,-6.0474
1.5613e-06,-6.1414
1.5614e-06,-5.9523
1.5615e-06,-6.161
1.5616e-06,-6.1496
1.5617e-06,-6.052
1.5618e-06,-6.0416
1.5619e-06,-5.9534
1.562e-06,-6.1346
1.5621e-06,-5.972
1.5622e-06,-5.9643
1.5623e-06,-6.0182
1.5624e-06,-5.9529
1.5625e-06,-5.8818
1.5626e-06,-6.0697
1.5627e-06,-5.9628
1.5628e-06,-5.7507
1.5629e-06,-5.9284
1.563e-06,-5.915
1.5631e-06,-5.821
1.5632e-06,-6.08
1.5633e-06,-5.8574
1.5634e-06,-5.8742
1.5635e-06,-5.9549
1.5636e-06,-5.805
1.5637e-06,-5.7499
1.5638e-06,-5.7431
1.5639e-06,-5.8899
1.564e-06,-5.4579
1.5641e-06,-5.6824
1.5642e-06,-5.7358
1.5643e-06,-5.7931
1.5644e-06,-5.8174
1.5645e-06,-5.8535
1.5646e-06,-5.6444
1.5647e-06,-5.7376
1.5648e-06,-5.6254
1.5649e-06,-5.5915
1.565e-06,-5.6153
1.5651e-06,-5.6771
1.5652e-06,-5.613
1.5653e-06,-5.7478
1.5654e-06,-5.7107
1.5655e-06,-5.6044
1.5656e-06,-5.5728
1.5657e-06,-5.5293
1.5658e-06,-5.4569
1.5659e-06,-5.7077
1.566e-06,-5.4795
1.5661e-06,-5.3047
1.5662e-06,-5.5054
1.5663e-06,-5.3834
1.5664e-06,-5.3364
1.5665e-06,-5.5611
1.5666e-06,-5.4267
1.5667e-06,-5.1866
1.5668e-06,-5.2937
1.5669e-06,-5.4403
1.567e-06,-5.6076
1.5671e-06,-5.2199
1.5672e-06,-5.3036
1.5673e-06,-5.2565
1.5674e-06,-5.2241
1.5675e-06,-5.269
1.5676e-06,-5.245
1.5677e-06,-5.3585
1.5678e-06,-5.3886
1.5679e-06,-5.2212
1.568e-06,-5.267
1.5681e-06,-5.1121
1.5682e-06,-5.2912
1.5683e-06,-5.2996
1.5684e-06,-5.126
1.5685e-06,-5.2109
1.5686e-06,-5.2995
1.5687e-06,-5.1522
1.5688e-06,-5.0565
1.5689e-06,-5.1982
1.569e-06,-5.131
1.5691e-06,-5.3165
1.5692e-06,-4.9896
1.5693e-06,-4.8036
1.5694e-06,-5.0273
1.5695e-06,-5.152
1.5696e-06,-4.9401
1.5697e-06,-5.077
1.5698e-06,-4.9544
1.5699e-06,-5.1109
1.57e-06,-4.9223
1.5701e-06,-5.0259
1.5702e-06,-4.7757
1.5703e-06,-5.1328
1.5704e-06,-4.8405
1.5705e-06,-5.0188
1.5706e-06,-4.7499
1.5707e-06,-4.7942
1.5708e-06,-4.6432
1.5709e-06,-4.6115
1.571e-06,-4.8293
1.5711e-06,-5.0592
1.5712e-06,-4.8106
1.5713e-06,-4.8383
1.5714e-06,-4.936
1.5715e-06,-5.0016
1.5716e-06,-4.6999
1.5717e-06,-4.8921
1.5718e-06,-4.8087
1.5719e-06,-4.9061
1.572e-06,-4.8038
1.5721e-06,-4.8203
1.5722e-06,-4.5589
1.5723e-06,-4.4487
1.5724e-06,-4.7317
1.5725e-06,-4.4467
1.5726e-06,-4.5546
1.5727e-06,-4.6345
1.5728e-06,-4.854
1.5729e-06,-4.6259
1.573e-06,-4.7013
1.5731e-06,-4.8053
1.5732e-06,-4.6195
1.5733e-06,-4.6373
1.5734e-06,-4.5442
1.5735e-06,-4.5413
1.5736e-06,-4.4885
1.5737e-06,-4.4314
1.5738e-06,-4.3991
1.5739e-06,-4.7555
1.574e-06,-4.5107
1.5741e-06,-4.4575
1.5742e-06,-4.5437
1.5743e-06,-4.2976
1.5744e-06,-4.3844
1.5745e-06,-4.4743
1.5746e-06,-4.3866
1.5747e-06,-4.4148
1.5748e-06,-4.4153
1.5749e-06,-4.3991
1.575e-06,-4.1954
1.5751e-06,-4.2403
1.5752e-06,-4.1521
1.5753e-06,-4.4747
1.5754e-06,-4.4305
1.5755e-06,-4.2689
1.5756e-06,-4.3201
1.5757e-06,-4.2444
1.5758e-06,-4.2731
1.5759e-06,-4.0465
1.576e-06,-4.1155
1.5761e-06,-4.2429
1.5762e-06,-4.2279
1.5763e-06,-4.1088
1.5764e-06,-4.0966
1.5765e-06,-4.1298
1.5766e-06,-4.046
1.5767e-06,-4.3967
1.5768e-06,-4.1243
1.5769e-06,-4.0921
1.577e-06,-3.9878
1.5771e-06,-3.9606
1.5772e-06,-4.1111
1.5773e-06,-3.9715
1.5774e-06,-4.0883
1.5775e-06,-3.9987
1.5776e-06,-4.1374
1.5777e-06,-3.994
1.5778e-06,-3.9593
1.5779e-06,-3.9331
1.578e-06,-3.8467
1.5781e-06,-4.0002
1.5782e-06,-3.9746
1.5783e-06,-3.731
1.5784e-06,-3.811
1.5785e-06,-3.7866
1.5786e-06,-3.8978
1.5787e-06,-3.9294
1.5788e-06,-3.9172
1.5789e-06,-3.8559
1.579e-06,-3.8893
1.5791e-06,-3.5233
1.5792e-06,-3.936
1.5793e-06,-3.7586
1.5794e-06,-3.7591
1.5795e-06,-3.7572
1.5796e-06,-3.7379
1.5797e-06,-3.6944
1.5798e-06,-3.8428
1.5799e-06,-3.7689
1.58e-06,-3.5558
1.5801e-06,-3.5076
1.5802e-06,-3.5598
1.5803e-06,-3.755
1.5804e-06,-3.5209
1.5805e-06,-3.6747
1.5806e-06,-3.9088
1.5807e-06,-3.8186
1.5808e-06,-3.6588
1.5809e-06,-3.6629
1.581e-06,-3.6042
1.5811e-06,-3.6933
1.5812e-06,-3.7857
1.5813e-06,-3.7251
1.5814e-06,-3.9021
1.5815e-06,-3.6289
1.5816e-06,-3.4976
1.5817e-06,-3.3138
1.5818e-06,-3.2427
1.5819e-06,-3.6589
1.582e-06,-3.5097
1.5821e-06,-3.3536
1.5822e-06,-3.5114
1.5823e-06,-3.705
1.5824e-06,-3.4417
1.5825e-06,-3.6919
1.5826e-06,-3.485
1.5827e-06,-3.4106
1.5828e-06,-3.242
1.5829e-06,-3.3118
1.583e-06,-3.335
1.5831e-06,-3.3857
1.5832e-06,-3.3519
1.5833e-06,-3.4533
1.5834e-06,-3.6269
1.5835e-06,-3.3946
1.5836e-06,-3.1135
1.5837e-06,-3.3075
1.5838e-06,-3.1538
1.5839e-06,-3.2374
1.584e-06,-3.463
1.5841e-06,-3.2828
1.5842e-06,-3.0729
1.5843e-06,-3.2805
1.5844e-06,-3.2375
1.5845e-06,-3.2585
1.5846e-06,-3.3464
1.5847e-06,-3.1753
1.5848e-06,-3.2628
1.5849e-06,-3.1455
1.585e-06,-3.2883
1.5851e-06,-3.1207
1.5852e-06,-3.1116
1.5853e-06,-3.0777
1.5854e-06,-2.9329
1.5855e-06,-3.0294
1.5856e-06,-3.0423
1.5857e-06,-3.073
1.5858e-06,-3.1306
1.5859e-06,-3.1261
1.586e-06,-2.9778
1.5861e-06,-3.009
1.5862e-06,-2.9216
1.5863e-06,-3.0786
1.5864e-06,-2.9658
1.5865e-06,-3.0923
1.5866e-06,-2.9715
1.5867e-06,-3.0726
1.5868e-06,-2.9551
1.5869e-06,-3.0837
1.587e-06,-2.942
1.5871e-06,-3.2938
1.5872e-06,-2.9146
1.5873e-06,-2.7147
1.5874e-06,-2.8996
1.5875e-06,-2.9207
1.5876e-06,-3.0145
1.5877e-06,-2.7072
1.5878e-06,-2.8345
1.5879e-06,-2.909
1.588e-06,-2.4627
1.5881e-06,-2.8615
1.5882e-06,-2.8642
1.5883e-06,-2.8768
1.5884e-06,-2.7525
1.5885e-06,-2.8403
1.5886e-06,-2.7523
1.5887e-06,-2.8522
1.5888e-06,-2.8539
1.5889e-06,-2.8221
1.589e-06,-2.721
1.5891e-06,-2.7491
1.5892e-06,-2.839
1.5893e-06,-2.5904
1.5894e-06,-2.5959
1.5895e-06,-2.673
1.5896e-06,-2.7908
1.5897e-06,-2.5158
1.5898e-06,-2.3779
1.5899e-06,-2.4132
1.59e-06,-2.4261
1.5901e-06,-2.7582
1.5902e-06,-2.6143
1.5903e-06,-2.5806
1.5904e-06,-2.5834
1.5905e-06,-2.6848
1.5906e-06,-2.4801
1.5907e-06,-2.4114
1.5908e-06,-2.5705
1.5909e-06,-2.5383
1.591e-06,-2.6696
1.5911e-06,-2.4172
1.5912e-06,-2.7118
1.5913e-06,-2.357
1.5914e-06,-2.4921
1.5915e-06,-2.4969
1.5916e-06,-2.3712
1.5917e-06,-2.3863
1.5918e-06,-2.2638
1.5919e-06,-2.3198
1.592e-06,-2.5212
1.5921e-06,-2.6473
1.5922e-06,-2.4474
1.5923e-06,-2.374
1.5924e-06,-2.2083
1.5925e-06,-2.281
1.5926e-06,-2.4197
1.5927e-06,-2.4348
1.5928e-06,-2.2803
1.5929e-06,-2.3239
1.593e-06,-2.3418
1.5931e-06,-2.2891
1.5932e-06,-2.3007
1.5933e-06,-2.3736
1.5934e-06,-2.3034
1.5935e-06,-2.2771
1.5936e-06,-2.4958
1.5937e-06,-2.3774
1.5938e-06,-2.219
1.5939e-06,-2.2611
1.594e-06,-2.059
1.5941e-06,-2.1195
1.5942e-06,-2.2437
1.5943e-06,-2.0702
1.5944e-06,-2.1587
1.5945e-06,-2.0642
1.5946e-06,-2.1619
1.5947e-06,-2.0225
1.5948e-06,-1.9361
1.5949e-06,-2.1421
1.595e-06,-2.1652
1.5951e-06,-2.1126
1.5952e-06,-2.1814
1.5953e-06,-2.0561
1.5954e-06,-2.0844
1.5955e-06,-2.0311
1.5956e-06,-2.037
1.5957e-06,-2.1491
1.5958e-06,-2.2687
1.5959e-06,-1.8364
1.596e-06,-2.2076
1.5961e-06,-2.016
1.5962e-06,-1.9344
1.5963e-06,-1.8566
1.5964e-06,-2.1526
1.5965e-06,-1.9822
1.5966e-06,-1.8758
1.5967e-06,-2.1051
1.5968e-06,-1.896
1.5969e-06,-1.9417
1.597e-06,-1.7347
1.5971e-06,-1.9748
1.5972e-06,-1.8666
1.5973e-06,-1.8313
1.5974e-06,-1.8858
1.5975e-06,-1.7117
1.5976e-06,-1.7892
1.5977e-06,-1.6803
1.5978e-06,-1.847
1.5979e-06,-1.9289
1.598e-06,-1.9775
1.5981e-06,-1.8423
1.5982e-06,-2.1103
1.5983e-06,-1.7843
1.5984e-06,-1.7953
1.5985e-06,-1.7047
1.5986e-06,-1.9823
1.5987e-06,-1.8181
1.5988e-06,-1.7366
1.5989e-06,-1.8648
1.599e-06,-1.725
1.5991e-06,-1.7957
1.5992e-06,-1.6258
1.5993e-06,-1.5875
1.5994e-06,-1.6045
1.5995e-06,-1.581
1.5996e-06,-1.7926
1.5997e-06,-1.6722
1.5998e-06,-1.5973
1.5999e-06,-1.762
1.6e-06,-1.5779
1.6001e-06,-1.6351
1.6002e-06,-1.9716
1.6003e-06,-1.8878
1.6004e-06,-1.5922
1.6005e-06,-1.3465
1.6006e-06,-1.678
1.6007e-06,-1.7
1.6008e-06,-1.7366
1.6009e-06,-1.677
1.601e-06,-1.5275
1.6011e-06,-1.8543
1.6012e-06,-1.5701
1.6013e-06,-1.6044
1.6014e-06,-1.5262
1.6015e-06,-1.539
1.6016e-06,-1.3825
1.6017e-06,-1.6572
1.6018e-06,-1.5294
1.6019e-06,-1.409
1.602e-06,-1.5007
1.6021e-06,-1.6271
1.6022e-06,-1.6183
1.6023e-06,-1.3203
1.6024e-06,-1.5233
1.6025e-06,-1.2801
1.6026e-06,-1.3504
1.6027e-06,-1.4795
1.6028e-06,-1.4583
1.6029e-06,-1.4261
1.603e-06,-1.444
1.6031e-06,-1.6987
1.6032e-06,-1.3219
1.6033e-06,-1.3976
1.6034e-06,-1.4131
1.6035e-06,-1.2225
1.6036e-06,-1.4848
1.6037e-06,-1.2641
1.6038e-06,-1.3505
1.6039e-06,-1.386
1.604e-06,-1.1816
1.6041e-06,-1.2916
1.6042e-06,-1.1108
1.6043e-06,-1.2335
1.6044e-06,-1.2937
1.6045e-06,-1.3069
1.6046e-06,-1.2476
1.6047e-06,-1.2713
1.6048e-06,-1.2085
1.6049e-06,-1.0785
1.605e-06,-0.95614
1.6051e-06,-1.1994
1.6052e-06,-1.0257
1.6053e-06,-1.27
1.6054e-06,-1.1706
1.6055e-06,-1.0357
1.6056e-06,-1.2118
1.6057e-06,-0.8572
1.6058e-06,-1.091
1.6059e-06,-1.1158
1.606e-06,-1.2217
1.6061e-06,-1.1824
1.6062e-06,-1.118
1.6063e-06,-1.3386
1.6064e-06,-1.038
1.6065e-06,-1.2289
1.6066e-06,-0.94546
1.6067e-06,-0.83576
1.6068e-06,-1.0007
1.6069e-06,-1.087
1.607e-06,-1.1717
1.6071e-06,-1.0619
1.6072e-06,-0.85741
1.6073e-06,-1.0846
1.6074e-06,-1.1673
1.6075e-06,-0.96926
1.6076e-06,-1.0698
1.6077e-06,-1.0665
1.6078e-06,-0.9688
1.6079e-06,-0.83043
1.608e-06,-0.80114
1.6081e-06,-0.9933
1.6082e-06,-0.92209
1.6083e-06,-1.0647
1.6084e-06,-0.95046
1.6085e-06,-0.89952
1.6086e-06,-1.0429
1.6087e-06,-0.83833
1.6088e-06,-0.88194
1.6089e-06,-1.056
1.609e-06,-0.95453
1.6091e-06,-0.85129
1.6092e-06,-0.87204
1.6093e-06,-0.91395
1.6094e-06,-0.79999
1.6095e-06,-0.75489
1.6096e-06,-0.80222
1.6097e-06,-0.85071
1.6098e-06,-0.76782
1.6099e-06,-0.85938
1.61e-06,-0.77418
1.6101e-06,-0.92141
1.6102e-06,-0.59455
1.6103e-06,-0.83731
1.6104e-06,-0.80957
1.6105e-06,-0.58292
1.6106e-06,-0.56035
1.6107e-06,-0.77095
1.6108e-06,-0.73022
1.6109e-06,-0.54468
1.611e-06,-0.74161
1.6111e-06,-0.84
1.6112e-06,-0.65514
1.6113e-06,-0.69991
1.6114e-06,-0.92037
1.6115e-06,-0.82248
1.6116e-06,-0.76458
1.6117e-06,-0.75805
1.6118e-06,-0.65655
1.6119e-06,-0.7356
1.612e-06,-0.52445
1.6121e-06,-0.36613
1.6122e-06,-0.57817
1.6123e-06,-0.82674
1.6124e-06,-0.55056
1.6125e-06,-0.61525
1.6126e-06,-0.54946
1.6127e-06,-0.5825
1.6128e-06,-0.52499
1.6129e-06,-0.77036
1.613e-06,-0.62939
1.6131e-06,-0.57642
1.6132e-06,-0.4433
1.6133e-06,-0.56162
1.6134e-06,-0.61353
1.6135e-06,-0.58427
1.6136e-06,-0.5086
1.6137e-06,-0.57045
1.6138e-06,-0.64
1.6139e-06,-0.42577
1.614e-06,-0.49336
1.6141e-06,-0.49695
1.6142e-06,-0.56316
1.6143e-06,-0.41784
1.6144e-06,-0.42722
1.6145e-06,-0.36177
1.6146e-06,-0.3474
1.6147e-06,-0.33426
1.6148e-06,-0.30237
1.6149e-06,-0.49759
1.615e-06,-0.67881
1.6151e-06,-0.29133
1.6152e-06,-0.30365
1.6153e-06,-0.39816
1.6154e-06,-0.27009
1.6155e-06,-0.56176
1.6156e-06,-0.30713
1.6157e-06,-0.3747
1.6158e-06,-0.42204
1.6159e-06,-0.6107
1.616e-06,-0.51933
1.6161e-06,-0.37642
1.6162e-06,-0.36873
1.6163e-06,-0.36304
1.6164e-06,-0.34999
1.6165e-06,-0.34615
1.6166e-06,-0.15412
1.6167e-06,-0.31307
1.6168e-06,-0.35297
1.6169e-06,-0.33059
1.617e-06,-0.15122
1.6171e-06,-0.38209
1.6172e-06,-0.17067
1.6173e-06,-0.19502
1.6174e-06,-0.20513
1.6175e-06,-0.51056
1.6176e-06,-0.10581
1.6177e-06,-0.33515
1.6178e-06,-0.42886
1.6179e-06,-0.27817
1.618e-06,-0.20028
1.6181e-06,-0.19699
1.6182e-06,0.044497
1.6183e-06,-0.258
1.6184e-06,-0.2341
1.6185e-06,-0.079527
1.6186e-06,-0.038412
1.6187e-06,-0.18453
1.6188e-06,0.027509
1.6189e-06,-0.28653
1.619e-06,-0.14415
1.6191e-06,0.023256
1.6192e-06,-0.066426
1.6193e-06,-0.15276
1.6194e-06,0.086161
1.6195e-06,-0.18808
1.6196e-06,0.038417
1.6197e-06,-0.03746
1.6198e-06,-0.19169
1.6199e-06,-0.2109
1.62e-06,-0.22171
1.6201e-06,-0.18355
1.6202e-06,-0.064742
1.6203e-06,-0.22324
1.6204e-06,0.22613
1.6205e-06,-0.11257
1.6206e-06,-0.15595
1.6207e-06,-0.27728
1.6208e-06,0.082452
1.6209e-06,-0.068008
1.621e-06,-0.02782
1.6211e-06,-0.0089743
1.6212e-06,-0.037293
1.6213e-06,-0.06678
1.6214e-06,0.021055
1.6215e-06,0.13281
1.6216e-06,0.082233
1.6217e-06,-0.0037384
1.6218e-06,0.14603
1.6219e-06,-0.045334
1.622e-06,-0.19784
1.6221e-06,0.30839
1.6222e-06,-0.078706
1.6223e-06,-0.12818
1.6224e-06,0.22698
1.6225e-06,0.17348
1.6226e-06,-0.020977
1.6227e-06,0.23782
1.6228e-06,0.055859
1.6229e-06,0.0073031
1.623e-06,-0.076166
1.6231e-06,0.24383
1.6232e-06,0.15757
1.6233e-06,0.11289
1.6234e-06,0.32996
1.6235e-06,0.15417
1.6236e-06,0.25988
1.6237e-06,0.20725
1.6238e-06,0.28528
1.6239e-06,0.31468
1.624e-06,-0.033349
1.6241e-06,0.25564
1.6242e-06,0.059033
1.6243e-06,0.20817
1.6244e-06,0.35864
1.6245e-06,0.012377
1.6246e-06,0.14449
1.6247e-06,0.15951
1.6248e-06,0.18888
1.6249e-06,0.11196
1.625e-06,0.25516
1.6251e-06,0.31463
1.6252e-06,0.12272
1.6253e-06,0.36258
1.6254e-06,0.31106
1.6255e-06,0.14838
1.6256e-06,0.32696
1.6257e-06,0.28753
1.6258e-06,0.42678
1.6259e-06,0.24252
1.626e-06,0.33991
1.6261e-06,0.19839
1.6262e-06,0.31366
1.6263e-06,0.43462
1.6264e-06,0.42704
1.6265e-06,0.42121
1.6266e-06,0.43732
1.6267e-06,0.46658
1.6268e-06,0.54169
1.6269e-06,0.38977
1.627e-06,0.55151
1.6271e-06,0.33901
1.6272e-06,0.45572
1.6273e-06,0.59047
1.6274e-06,0.4109
1.6275e-06,0.18929
1.6276e-06,0.47293
1.6277e-06,0.39722
1.6278e-06,0.51005
1.6279e-06,0.60459
1.628e-06,0.65798
1.6281e-06,0.45074
1.6282e-06,0.82857
1.6283e-06,0.3482
1.6284e-06,0.49844
1.6285e-06,0.20266
1.6286e-06,0.49541
1.6287e-06,0.62046
1.6288e-06,0.33218
1.6289e-06,0.636
1.629e-06,0.26738
1.6291e-06,0.327
1.6292e-06,0.53207
1.6293e-06,0.42826
1.6294e-06,0.68317
1.6295e-06,0.62907
1.6296e-06,0.49602
1.6297e-06,0.38363
1.6298e-06,0.58555
1.6299e-06,0.2626
1.63e-06,0.37644
1.6301e-06,0.71827
1.6302e-06,0.51655
1.6303e-06,0.86457
1.6304e-06,0.56458
1.6305e-06,0.69889
1.6306e-06,0.38203
1.6307e-06,0.5614
1.6308e-06,0.60748
1.6309e-06,0.49202
1.631e-06,0.53045
1.6311e-06,0.62393
1.6312e-06,0.87482
1.6313e-06,0.87762
1.6314e-06,0.6725
1.6315e-06,0.53957
1.6316e-06,0.59831
1.6317e-06,0.68403
1.6318e-06,0.6561
1.6319e-06,0.52576
1.632e-06,0.43734
1.6321e-06,0.87922
1.6322e-06,0.90721
1.6323e-06,0.77403
1.6324e-06,0.82482
1.6325e-06,0.60292
1.6326e-06,0.42823
1.6327e-06,0.76132
1.6328e-06,0.71087
1.6329e-06,0.55079
1.633e-06,0.78699
1.6331e-06,0.63024
1.6332e-06,0.68721
1.6333e-06,0.86569
1.6334e-06,0.81047
1.6335e-06,0.80315
1.6336e-06,1.2012
1.6337e-06,0.88097
1.6338e-06,0.96823
1.6339e-06,0.78261
1.634e-06,0.88816
1.6341e-06,0.87224
1.6342e-06,0.76641
1.6343e-06,0.81213
1.6344e-06,0.92261
1.6345e-06,1.0999
1.6346e-06,0.95158
1.6347e-06,0.83307
1.6348e-06,1.0115
1.6349e-06,0.71417
1.635e-06,0.86494
1.6351e-06,0.76221
1.6352e-06,0.71623
1.6353e-06,0.89362
1.6354e-06,1.0222
1.6355e-06,0.81776
1.6356e-06,1.0072
1.6357e-06,0.90937
1.6358e-06,0.78917
1.6359e-06,0.89467
1.636e-06,0.68188
1.6361e-06,0.71316
1.6362e-06,0.87962
1.6363e-06,0.99889
1.6364e-06,0.96362
1.6365e-06,1.086
1.6366e-06,1.0466
1.6367e-06,1.0235
1.6368e-06,1.0384
1.6369e-06,0.78556
1.637e-06,1.0761
1.6371e-06,1.0866
1.6372e-06,1.0341
1.6373e-06,0.85345
1.6374e-06,0.83511
1.6375e-06,0.76352
1.6376e-06,0.74294
1.6377e-06,1.0434
1.6378e-06,1.2293
1.6379e-06,1.1168
1.638e-06,1.3186
1.6381e-06,1.0711
1.6382e-06,1.0888
1.6383e-06,1.2386
1.6384e-06,1.183
1.6385e-06,1.193
1.6386e-06,1.1993
1.6387e-06,1.0596
1.6388e-06,1.315
1.6389e-06,1.1516
1.639e-06,1.1936
1.6391e-06,0.983
1.6392e-06,1.1393
1.6393e-06,1.1002
1.6394e-06,1.1461
1.6395e-06,1.3563
1.6396e-06,1.1963
1.6397e-06,1.1334
1.6398e-06,1.0423
1.6399e-06,1.068
1.64e-06,1.1072
1.6401e-06,1.0609
1.6402e-06,1.2888
1.6403e-06,1.4004
1.6404e-06,1.3437
1.6405e-06,1.3271
1.6406e-06,1.1166
1.6407e-06,1.2433
1.6408e-06,1.1635
1.6409e-06,1.3189
1.641e-06,1.3936
1.6411e-06,1.194
1.6412e-06,1.2435
1.6413e-06,1.2787
1.6414e-06,1.255
1.6415e-06,1.1449
1.6416e-06,1.1833
1.6417e-06,1.1385
1.6418e-06,1.435
1.6419e-06,1.5157
1.642e-06,1.3113
1.6421e-06,1.1981
1.6422e-06,1.3095
1.6423e-06,1.3086
1.6424e-06,1.4264
1.6425e-06,1.3329
1.6426e-06,1.1638
1.6427e-06,1.3266
1.6428e-06,1.3983
1.6429e-06,1.4037
1.643e-06,1.2732
1.6431e-06,1.1529
1.6432e-06,1.3593
1.6433e-06,1.4107
1.6434e-06,1.0926
1.6435e-06,1.2501
1.6436e-06,1.4237
1.6437e-06,1.4225
1.6438e-06,1.2399
1.6439e-06,1.148
1.644e-06,1.6082
1.6441e-06,1.327
1.6442e-06,1.4283
1.6443e-06,1.3222
1.6444e-06,1.2921
1.6445e-06,1.4029
1.6446e-06,1.3972
1.6447e-06,1.2812
1.6448e-06,1.3828
1.6449e-06,1.2042
1.645e-06,1.4882
1.6451e-06,1.46
1.6452e-06,1.3131
1.6453e-06,1.4954
1.6454e-06,1.4448
1.6455e-06,1.4142
1.6456e-06,1.291
1.6457e-06,1.4845
1.6458e-06,1.6718
1.6459e-06,1.5437
1.646e-06,1.5798
1.6461e-06,1.4063
1.6462e-06,1.5534
1.6463e-06,1.2116
1.6464e-06,1.193
1.6465e-06,1.4738
1.6466e-06,1.568
1.6467e-06,1.3914
1.6468e-06,1.463
1.6469e-06,1.5795
1.647e-06,1.541
1.6471e-06,1.494
1.6472e-06,1.4989
1.6473e-06,1.6478
1.6474e-06,1.5663
1.6475e-06,1.7501
1.6476e-06,1.7344
1.6477e-06,1.7298
1.6478e-06,1.7357
1.6479e-06,1.3492
1.648e-06,1.4573
1.6481e-06,1.5565
1.6482e-06,1.5278
1.6483e-06,1.5905
1.6484e-06,1.8148
1.6485e-06,1.6718
1.6486e-06,1.5452
1.6487e-06,1.4583
1.6488e-06,1.7051
1.6489e-06,1.7116
1.649e-06,1.7868
1.6491e-06,1.7511
1.6492e-06,1.3699
1.6493e-06,1.7067
1.6494e-06,1.9216
1.6495e-06,1.6995
1.6496e-06,1.5783
1.6497e-06,1.7888
1.6498e-06,1.3259
1.6499e-06,1.6945
1.65e-06,1.9239
