1.35e-06,7.3714
1.3501e-06,7.3794
1.3502e-06,7.3017
1.3503e-06,7.2528
1.3504e-06,7.2032
1.3505e-06,7.2758
1.3506e-06,7.267
1.3507e-06,7.3706
1.3508e-06,7.3727
1.3509e-06,7.2238
1.351e-06,7.3857
1.3511e-06,7.3948
1.3512e-06,7.4988
1.3513e-06,7.3146
1.3514e-06,7.4413
1.3515e-06,7.3158
1.3516e-06,7.2708
1.3517e-06,7.2859
1.3518e-06,7.2473
1.3519e-06,7.3135
1.352e-06,7.3006
1.3521e-06,7.2861
1.3522e-06,7.3344
1.3523e-06,7.2716
1.3524e-06,7.2716
1.3525e-06,7.2178
1.3526e-06,7.1702
1.3527e-06,7.2302
1.3528e-06,7.168
1.3529e-06,7.2534
1.353e-06,7.333
1.3531e-06,7.1603
1.3532e-06,7.1497
1.3533e-06,7.1851
1.3534e-06,7.1319
1.3535e-06,7.2049
1.3536e-06,7.2187
1.3537e-06,7.1772
1.3538e-06,7.097
1.3539e-06,7.131
1.354e-06,7.1396
1.3541e-06,7.1466
1.3542e-06,7.0415
1.3543e-06,7.125
1.3544e-06,7.1199
1.3545e-06,7.179
1.3546e-06,7.101
1.3547e-06,7.1633
1.3548e-06,7.1607
1.3549e-06,7.0624
1.355e-06,7.1674
1.3551e-06,7.0208
1.3552e-06,6.9885
1.3553e-06,7.1383
1.3554e-06,7.0071
1.3555e-06,7.0388
1.3556e-06,7.0815
1.3557e-06,7.0913
1.3558e-06,7.1042
1.3559e-06,7.0718
1.356e-06,7.1164
1.3561e-06,7.1157
1.3562e-06,7.1045
1.3563e-06,7.115
1.3564e-06,7.0026
1.3565e-06,7.1939
1.3566e-06,7.0601
1.3567e-06,7.0454
1.3568e-06,7.1243
1.3569e-06,7.046
1.357e-06,7.1133
1.3571e-06,7.0746
1.3572e-06,6.9272
1.3573e-06,7.0389
1.3574e-06,7.1104
1.3575e-06,7.0446
1.3576e-06,7.0146
1.3577e-06,7.0108
1.3578e-06,6.9411
1.3579e-06,7.067
1.358e-06,6.9985
1.3581e-06,6.8444
1.3582e-06,7.0302
1.3583e-06,7.0829
1.3584e-06,6.9161
1.3585e-06,7.0651
1.3586e-06,6.8664
1.3587e-06,6.8934
1.3588e-06,7.0437
1.3589e-06,6.9776
1.359e-06,6.8924
1.3591e-06,6.9364
1.3592e-06,6.9457
1.3593e-06,6.9634
1.3594e-06,6.9953
1.3595e-06,6.8929
1.3596e-06,6.8483
1.3597e-06,6.8501
1.3598e-06,6.8516
1.3599e-06,6.9837
1.36e-06,6.9334
1.3601e-06,6.8835
1.3602e-06,6.8826
1.3603e-06,6.8123
1.3604e-06,6.9431
1.3605e-06,6.8386
1.3606e-06,6.8766
1.3607e-06,6.8523
1.3608e-06,6.881
1.3609e-06,6.957
1.361e-06,6.7981
1.3611e-06,6.8746
1.3612e-06,6.7874
1.3613e-06,6.792
1.3614e-06,6.9251
1.3615e-06,6.7618
1.3616e-06,6.7679
1.3617e-06,6.7235
1.3618e-06,6.7414
1.3619e-06,6.8818
1.362e-06,6.8213
1.3621e-06,6.9186
1.3622e-06,6.7799
1.3623e-06,6.8025
1.3624e-06,6.8387
1.3625e-06,6.818
1.3626e-06,6.6554
1.3627e-06,6.7214
1.3628e-06,6.8017
1.3629e-06,6.8428
1.363e-06,6.8335
1.3631e-06,6.8473
1.3632e-06,6.8073
1.3633e-06,6.9231
1.3634e-06,6.7362
1.3635e-06,6.8977
1.3636e-06,6.8045
1.3637e-06,6.8588
1.3638e-06,6.8645
1.3639e-06,6.7424
1.364e-06,6.6956
1.3641e-06,6.7921
1.3642e-06,6.9291
1.3643e-06,6.8335
1.3644e-06,6.7359
1.3645e-06,6.6995
1.3646e-06,6.542
1.3647e-06,6.758
1.3648e-06,6.6936
1.3649e-06,6.6705
1.365e-06,6.7077
1.3651e-06,6.6746
1.3652e-06,6.7413
1.3653e-06,6.6488
1.3654e-06,6.6525
1.3655e-06,6.803
1.3656e-06,6.5714
1.3657e-06,6.6088
1.3658e-06,6.5702
1.3659e-06,6.7439
1.366e-06,6.8553
1.3661e-06,6.5676
1.3662e-06,6.6956
1.3663e-06,6.5912
1.3664e-06,6.7739
1.3665e-06,6.7859
1.3666e-06,6.7315
1.3667e-06,6.4959
1.3668e-06,6.5377
1.3669e-06,6.554
1.367e-06,6.7359
1.3671e-06,6.4889
1.3672e-06,6.6424
1.3673e-06,6.5185
1.3674e-06,6.5833
1.3675e-06,6.4927
1.3676e-06,6.6128
1.3677e-06,6.6133
1.3678e-06,6.6616
1.3679e-06,6.6605
1.368e-06,6.5334
1.3681e-06,6.6222
1.3682e-06,6.5761
1.3683e-06,6.5948
1.3684e-06,6.6855
1.3685e-06,6.5591
1.3686e-06,6.5239
1.3687e-06,6.5198
1.3688e-06,6.5691
1.3689e-06,6.521
1.369e-06,6.5027
1.3691e-06,6.5523
1.3692e-06,6.4384
1.3693e-06,6.5048
1.3694e-06,6.5074
1.3695e-06,6.6155
1.3696e-06,6.5242
1.3697e-06,6.5144
1.3698e-06,6.5107
1.3699e-06,6.3939
1.37e-06,6.5631
1.3701e-06,6.4655
1.3702e-06,6.5841
1.3703e-06,6.5695
1.3704e-06,6.4717
1.3705e-06,6.5154
1.3706e-06,6.6355
1.3707e-06,6.5354
1.3708e-06,6.3852
1.3709e-06,6.4157
1.371e-06,6.4378
1.3711e-06,6.4484
1.3712e-06,6.5687
1.3713e-06,6.4602
1.3714e-06,6.368
1.3715e-06,6.5143
1.3716e-06,6.3763
1.3717e-06,6.3831
1.3718e-06,6.5137
1.3719e-06,6.5275
1.372e-06,6.3959
1.3721e-06,6.4803
1.3722e-06,6.4642
1.3723e-06,6.4876
1.3724e-06,6.2734
1.3725e-06,6.2984
1.3726e-06,6.3725
1.3727e-06,6.2584
1.3728e-06,6.3905
1.3729e-06,6.3199
1.373e-06,6.3343
1.3731e-06,6.314
1.3732e-06,6.4144
1.3733e-06,6.2598
1.3734e-06,6.4055
1.3735e-06,6.3494
1.3736e-06,6.2693
1.3737e-06,6.3286
1.3738e-06,6.3715
1.3739e-06,6.2574
1.374e-06,6.2682
1.3741e-06,6.2799
1.3742e-06,6.2262
1.3743e-06,6.3127
1.3744e-06,6.3026
1.3745e-06,6.1596
1.3746e-06,6.2961
1.3747e-06,6.2911
1.3748e-06,6.3156
1.3749e-06,6.2532
1.375e-06,6.3009
1.3751e-06,6.3227
1.3752e-06,6.2415
1.3753e-06,6.3719
1.3754e-06,6.1959
1.3755e-06,6.2484
1.3756e-06,6.189
1.3757e-06,6.3687
1.3758e-06,6.268
1.3759e-06,6.1339
1.376e-06,6.1868
1.3761e-06,6.1283
1.3762e-06,6.2067
1.3763e-06,6.1419
1.3764e-06,6.2198
1.3765e-06,6.2161
1.3766e-06,6.3101
1.3767e-06,6.204
1.3768e-06,6.2182
1.3769e-06,6.2499
1.377e-06,6.1271
1.3771e-06,6.1638
1.3772e-06,6.2037
1.3773e-06,6.1117
1.3774e-06,6.1634
1.3775e-06,6.2235
1.3776e-06,6.0439
1.3777e-06,6.0227
1.3778e-06,6.1092
1.3779e-06,6.1415
1.378e-06,6.1581
1.3781e-06,5.998
1.3782e-06,6.1737
1.3783e-06,6.135
1.3784e-06,5.985
1.3785e-06,6.0683
1.3786e-06,6.1014
1.3787e-06,6.0695
1.3788e-06,6.0427
1.3789e-06,6.1083
1.379e-06,6.114
1.3791e-06,5.9895
1.3792e-06,6.0627
1.3793e-06,6.0674
1.3794e-06,6.158
1.3795e-06,6.0487
1.3796e-06,6.0746
1.3797e-06,6.0254
1.3798e-06,5.9976
1.3799e-06,6.0184
1.38e-06,5.9974
1.3801e-06,6.1115
1.3802e-06,5.9823
1.3803e-06,6.0227
1.3804e-06,6.1432
1.3805e-06,6.0087
1.3806e-06,5.9792
1.3807e-06,5.9625
1.3808e-06,6.0245
1.3809e-06,5.8778
1.381e-06,6.0655
1.3811e-06,6.0641
1.3812e-06,6.0661
1.3813e-06,5.8643
1.3814e-06,6.0059
1.3815e-06,5.9776
1.3816e-06,5.8909
1.3817e-06,5.9238
1.3818e-06,6.0593
1.3819e-06,6.0379
1.382e-06,5.8323
1.3821e-06,5.8737
1.3822e-06,5.8433
1.3823e-06,5.9556
1.3824e-06,5.8736
1.3825e-06,5.9053
1.3826e-06,5.9795
1.3827e-06,5.9164
1.3828e-06,5.8339
1.3829e-06,5.7283
1.383e-06,5.9425
1.3831e-06,5.8045
1.3832e-06,5.8823
1.3833e-06,5.8499
1.3834e-06,5.7234
1.3835e-06,5.8653
1.3836e-06,5.8555
1.3837e-06,5.8943
1.3838e-06,5.8619
1.3839e-06,5.7795
1.384e-06,5.9504
1.3841e-06,5.722
1.3842e-06,5.7655
1.3843e-06,5.8299
1.3844e-06,5.7972
1.3845e-06,5.8127
1.3846e-06,5.8978
1.3847e-06,5.8012
1.3848e-06,5.7479
1.3849e-06,5.7734
1.385e-06,5.8361
1.3851e-06,5.856
1.3852e-06,5.8481
1.3853e-06,5.9034
1.3854e-06,5.8843
1.3855e-06,5.9197
1.3856e-06,5.8354
1.3857e-06,5.8008
1.3858e-06,5.6219
1.3859e-06,5.728
1.386e-06,5.6929
1.3861e-06,5.7338
1.3862e-06,5.744
1.3863e-06,5.802
1.3864e-06,5.708
1.3865e-06,5.7067
1.3866e-06,5.7173
1.3867e-06,5.8606
1.3868e-06,5.6615
1.3869e-06,5.6777
1.387e-06,5.8247
1.3871e-06,5.5273
1.3872e-06,5.7463
1.3873e-06,5.7969
1.3874e-06,5.6705
1.3875e-06,5.758
1.3876e-06,5.8139
1.3877e-06,5.6032
1.3878e-06,5.6391
1.3879e-06,5.6744
1.388e-06,5.8328
1.3881e-06,5.7097
1.3882e-06,5.7699
1.3883e-06,5.7185
1.3884e-06,5.6078
1.3885e-06,5.629
1.3886e-06,5.7461
1.3887e-06,5.5871
1.3888e-06,5.7323
1.3889e-06,5.5831
1.389e-06,5.5947
1.3891e-06,5.5863
1.3892e-06,5.7448
1.3893e-06,5.7558
1.3894e-06,5.5887
1.3895e-06,5.4854
1.3896e-06,5.5313
1.3897e-06,5.686
1.3898e-06,5.6041
1.3899e-06,5.6778
1.39e-06,5.5828
1.3901e-06,5.3999
1.3902e-06,5.6936
1.3903e-06,5.651
1.3904e-06,5.6164
1.3905e-06,5.4799
1.3906e-06,5.5675
1.3907e-06,5.6223
1.3908e-06,5.6196
1.3909e-06,5.4316
1.391e-06,5.4738
1.3911e-06,5.6319
1.3912e-06,5.3074
1.3913e-06,5.3943
1.3914e-06,5.2849
1.3915e-06,5.4543
1.3916e-06,5.6167
1.3917e-06,5.4135
1.3918e-06,5.4698
1.3919e-06,5.4451
1.392e-06,5.4813
1.3921e-06,5.3403
1.3922e-06,5.5496
1.3923e-06,5.3664
1.3924e-06,5.4109
1.3925e-06,5.4181
1.3926e-06,5.3022
1.3927e-06,5.3635
1.3928e-06,5.5321
1.3929e-06,5.4513
1.393e-06,5.2711
1.3931e-06,5.4315
1.3932e-06,5.4906
1.3933e-06,5.5651
1.3934e-06,5.4662
1.3935e-06,5.5509
1.3936e-06,5.2913
1.3937e-06,5.3563
1.3938e-06,5.3141
1.3939e-06,5.3988
1.394e-06,5.3552
1.3941e-06,5.346
1.3942e-06,5.3193
1.3943e-06,5.3782
1.3944e-06,5.297
1.3945e-06,5.287
1.3946e-06,5.2953
1.3947e-06,5.2855
1.3948e-06,5.3776
1.3949e-06,5.3077
1.395e-06,5.386
1.3951e-06,5.3017
1.3952e-06,5.2315
1.3953e-06,5.3031
1.3954e-06,5.2703
1.3955e-06,5.1765
1.3956e-06,5.3925
1.3957e-06,5.341
1.3958e-06,5.2842
1.3959e-06,5.3169
1.396e-06,5.1856
1.3961e-06,5.4017
1.3962e-06,5.3891
1.3963e-06,5.1584
1.3964e-06,5.3102
1.3965e-06,4.9964
1.3966e-06,5.1845
1.3967e-06,5.1561
1.3968e-06,5.1644
1.3969e-06,5.1847
1.397e-06,5.2188
1.3971e-06,5.165
1.3972e-06,5.1372
1.3973e-06,5.2084
1.3974e-06,5.2287
1.3975e-06,5.1385
1.3976e-06,5.1432
1.3977e-06,5.198
1.3978e-06,5.1199
1.3979e-06,5.1109
1.398e-06,5.2459
1.3981e-06,5.2111
1.3982e-06,5.1597
1.3983e-06,5.1025
1.3984e-06,5.2796
1.3985e-06,5.1366
1.3986e-06,5.0594
1.3987e-06,4.9652
1.3988e-06,5.0654
1.3989e-06,5.1088
1.399e-06,5.1499
1.3991e-06,4.9567
1.3992e-06,4.985
1.3993e-06,4.9674
1.3994e-06,5.1313
1.3995e-06,5.1444
1.3996e-06,5.0436
1.3997e-06,5.2093
1.3998e-06,5.0427
1.3999e-06,5.0214
1.4e-06,4.9592
1.4001e-06,4.9535
1.4002e-06,5.0271
1.4003e-06,4.8999
1.4004e-06,5.0511
1.4005e-06,4.9547
1.4006e-06,5.0311
1.4007e-06,5.1005
1.4008e-06,4.9393
1.4009e-06,5.0573
1.401e-06,4.9573
1.4011e-06,4.9406
1.4012e-06,4.8966
1.4013e-06,5.0022
1.4014e-06,4.944
1.4015e-06,4.856
1.4016e-06,5.0165
1.4017e-06,4.9997
1.4018e-06,4.8262
1.4019e-06,4.9752
1.402e-06,4.9066
1.4021e-06,4.9683
1.4022e-06,4.9324
1.4023e-06,4.9006
1.4024e-06,4.8073
1.4025e-06,5.0118
1.4026e-06,4.9416
1.4027e-06,4.9191
1.4028e-06,4.9034
1.4029e-06,4.9346
1.403e-06,4.9449
1.4031e-06,4.8639
1.4032e-06,4.8952
1.4033e-06,4.8082
1.4034e-06,4.934
1.4035e-06,4.6249
1.4036e-06,4.7455
1.4037e-06,4.7721
1.4038e-06,4.9401
1.4039e-06,4.9557
1.404e-06,4.9358
1.4041e-06,5.0267
1.4042e-06,4.8521
1.4043e-06,4.7466
1.4044e-06,4.9037
1.4045e-06,4.8218
1.4046e-06,4.7513
1.4047e-06,4.7984
1.4048e-06,4.854
1.4049e-06,4.7928
1.405e-06,4.8082
1.4051e-06,4.6829
1.4052e-06,4.6746
1.4053e-06,4.6595
1.4054e-06,4.8194
1.4055e-06,4.7592
1.4056e-06,4.7254
1.4057e-06,4.6398
1.4058e-06,4.7709
1.4059e-06,4.6779
1.406e-06,4.6579
1.4061e-06,4.61
1.4062e-06,4.5345
1.4063e-06,4.7081
1.4064e-06,4.7087
1.4065e-06,4.5522
1.4066e-06,4.7411
1.4067e-06,4.7853
1.4068e-06,4.9527
1.4069e-06,4.6521
1.407e-06,4.7658
1.4071e-06,4.7984
1.4072e-06,4.6877
1.4073e-06,4.617
1.4074e-06,4.6098
1.4075e-06,4.5303
1.4076e-06,4.7241
1.4077e-06,4.6308
1.4078e-06,4.6227
1.4079e-06,4.5927
1.408e-06,4.6377
1.4081e-06,4.6121
1.4082e-06,4.5585
1.4083e-06,4.4476
1.4084e-06,4.5053
1.4085e-06,4.6089
1.4086e-06,4.7136
1.4087e-06,4.5974
1.4088e-06,4.581
1.4089e-06,4.6354
1.409e-06,4.5279
1.4091e-06,4.541
1.4092e-06,4.6084
1.4093e-06,4.4736
1.4094e-06,4.6583
1.4095e-06,4.6079
1.4096e-06,4.415
1.4097e-06,4.5812
1.4098e-06,4.4187
1.4099e-06,4.5742
1.41e-06,4.4966
1.4101e-06,4.4352
1.4102e-06,4.592
1.4103e-06,4.4244
1.4104e-06,4.4505
1.4105e-06,4.5468
1.4106e-06,4.5219
1.4107e-06,4.3442
1.4108e-06,4.5177
1.4109e-06,4.4857
1.411e-06,4.4767
1.4111e-06,4.2961
1.4112e-06,4.3901
1.4113e-06,4.3593
1.4114e-06,4.4909
1.4115e-06,4.4185
1.4116e-06,4.3597
1.4117e-06,4.3507
1.4118e-06,4.3655
1.4119e-06,4.4517
1.412e-06,4.2829
1.4121e-06,4.4189
1.4122e-06,4.3229
1.4123e-06,4.2931
1.4124e-06,4.358
1.4125e-06,4.2919
1.4126e-06,4.2336
1.4127e-06,4.2546
1.4128e-06,4.3127
1.4129e-06,4.1944
1.413e-06,4.1836
1.4131e-06,4.1985
1.4132e-06,4.2417
1.4133e-06,4.2651
1.4134e-06,4.2882
1.4135e-06,4.3184
1.4136e-06,4.3158
1.4137e-06,4.19
1.4138e-06,4.1574
1.4139e-06,4.2088
1.414e-06,4.1541
1.4141e-06,4.2553
1.4142e-06,4.1767
1.4143e-06,4.2647
1.4144e-06,4.2732
1.4145e-06,4.3758
1.4146e-06,4.3557
1.4147e-06,4.2227
1.4148e-06,4.1571
1.4149e-06,4.3288
1.415e-06,4.1726
1.4151e-06,4.197
1.4152e-06,4.2728
1.4153e-06,4.183
1.4154e-06,4.0094
1.4155e-06,4.2232
1.4156e-06,4.2161
1.4157e-06,4.2294
1.4158e-06,4.2478
1.4159e-06,4.2365
1.416e-06,4.3361
1.4161e-06,4.1865
1.4162e-06,4.2917
1.4163e-06,4.1979
1.4164e-06,4.0253
1.4165e-06,4.1712
1.4166e-06,3.9096
1.4167e-06,4.1113
1.4168e-06,3.9506
1.4169e-06,4.0909
1.417e-06,4.1009
1.4171e-06,4.1172
1.4172e-06,4.0586
1.4173e-06,4.1323
1.4174e-06,4.093
1.4175e-06,4.0617
1.4176e-06,4.0612
1.4177e-06,3.9457
1.4178e-06,3.9799
1.4179e-06,3.948
1.418e-06,4.0467
1.4181e-06,4.1755
1.4182e-06,4.0772
1.4183e-06,4.0461
1.4184e-06,3.9795
1.4185e-06,3.9083
1.4186e-06,3.9465
1.4187e-06,3.8459
1.4188e-06,4.0369
1.4189e-06,3.9299
1.419e-06,4.0137
1.4191e-06,4.0241
1.4192e-06,3.7177
1.4193e-06,3.9086
1.4194e-06,3.8285
1.4195e-06,3.755
1.4196e-06,3.7799
1.4197e-06,3.8401
1.4198e-06,3.9432
1.4199e-06,3.7647
1.42e-06,3.9493
1.4201e-06,3.7485
1.4202e-06,3.8943
1.4203e-06,3.815
1.4204e-06,3.8402
1.4205e-06,3.7999
1.4206e-06,3.7357
1.4207e-06,3.8049
1.4208e-06,3.8012
1.4209e-06,3.662
1.421e-06,3.9661
1.4211e-06,3.7435
1.4212e-06,3.7407
1.4213e-06,3.6739
1.4214e-06,3.7635
1.4215e-06,3.6594
1.4216e-06,3.7878
1.4217e-06,3.844
1.4218e-06,3.7636
1.4219e-06,3.8527
1.422e-06,3.7755
1.4221e-06,3.6947
1.4222e-06,3.4981
1.4223e-06,3.7821
1.4224e-06,3.8045
1.4225e-06,3.6857
1.4226e-06,3.712
1.4227e-06,3.5487
1.4228e-06,3.6956
1.4229e-06,3.5948
1.423e-06,3.5406
1.4231e-06,3.5644
1.4232e-06,3.7058
1.4233e-06,3.6175
1.4234e-06,3.6731
1.4235e-06,3.5353
1.4236e-06,3.6782
1.4237e-06,3.4932
1.4238e-06,3.6533
1.4239e-06,3.6066
1.424e-06,3.6303
1.4241e-06,3.6249
1.4242e-06,3.564
1.4243e-06,3.6396
1.4244e-06,3.5903
1.4245e-06,3.5346
1.4246e-06,3.7692
1.4247e-06,3.4234
1.4248e-06,3.5241
1.4249e-06,3.5273
1.425e-06,3.5738
1.4251e-06,3.5232
1.4252e-06,3.4914
1.4253e-06,3.5423
1.4254e-06,3.6506
1.4255e-06,3.4806
1.4256e-06,3.5931
1.4257e-06,3.5747
1.4258e-06,3.6353
1.4259e-06,3.5092
1.426e-06,3.6918
1.4261e-06,3.4304
1.4262e-06,3.4845
1.4263e-06,3.5195
1.4264e-06,3.3688
1.4265e-06,3.3873
1.4266e-06,3.3392
1.4267e-06,3.5196
1.4268e-06,3.3409
1.4269e-06,3.4854
1.427e-06,3.416
1.4271e-06,3.4689
1.4272e-06,3.4252
1.4273e-06,3.3843
1.4274e-06,3.4666
1.4275e-06,3.4386
1.4276e-06,3.4829
1.4277e-06,3.3309
1.4278e-06,3.2282
1.4279e-06,3.4428
1.428e-06,3.3284
1.4281e-06,3.3285
1.4282e-06,3.13
1.4283e-06,3.2658
1.4284e-06,3.3378
1.4285e-06,3.135
1.4286e-06,3.3832
1.4287e-06,3.2265
1.4288e-06,3.4305
1.4289e-06,3.2364
1.429e-06,3.3276
1.4291e-06,3.1009
1.4292e-06,3.2754
1.4293e-06,3.1811
1.4294e-06,3.1272
1.4295e-06,3.3161
1.4296e-06,3.2357
1.4297e-06,3.263
1.4298e-06,3.2929
1.4299e-06,3.2216
1.43e-06,3.2774
1.4301e-06,3.1936
1.4302e-06,3.2294
1.4303e-06,3.2595
1.4304e-06,3.3733
1.4305e-06,3.1942
1.4306e-06,3.3914
1.4307e-06,3.0253
1.4308e-06,3.3222
1.4309e-06,3.2228
1.431e-06,3.0817
1.4311e-06,3.2043
1.4312e-06,3.0938
1.4313e-06,3.0193
1.4314e-06,3.1842
1.4315e-06,3.2225
1.4316e-06,3.019
1.4317e-06,3.2493
1.4318e-06,3.1631
1.4319e-06,3.0079
1.432e-06,3.1155
1.4321e-06,3.0547
1.4322e-06,2.9929
1.4323e-06,3.0671
1.4324e-06,3.052
1.4325e-06,2.9606
1.4326e-06,2.9425
1.4327e-06,3.1531
1.4328e-06,3.1633
1.4329e-06,3.0628
1.433e-06,2.9685
1.4331e-06,3.1138
1.4332e-06,3.0179
1.4333e-06,3.0469
1.4334e-06,2.8321
1.4335e-06,2.778
1.4336e-06,2.9811
1.4337e-06,2.9248
1.4338e-06,2.8837
1.4339e-06,2.9999
1.434e-06,2.957
1.4341e-06,2.9372
1.4342e-06,2.9874
1.4343e-06,3.0425
1.4344e-06,2.8487
1.4345e-06,3.0853
1.4346e-06,2.7258
1.4347e-06,2.9539
1.4348e-06,2.8745
1.4349e-06,2.8952
1.435e-06,2.8504
1.4351e-06,2.7788
1.4352e-06,2.8367
1.4353e-06,2.8482
1.4354e-06,2.7345
1.4355e-06,2.8028
1.4356e-06,2.71
1.4357e-06,3.0816
1.4358e-06,2.8518
1.4359e-06,2.8039
1.436e-06,2.751
1.4361e-06,2.695
1.4362e-06,2.893
1.4363e-06,2.6742
1.4364e-06,2.8718
1.4365e-06,2.7311
1.4366e-06,2.9347
1.4367e-06,2.7783
1.4368e-06,2.6333
1.4369e-06,2.8742
1.437e-06,2.7258
1.4371e-06,2.6182
1.4372e-06,2.7331
1.4373e-06,2.6768
1.4374e-06,2.6881
1.4375e-06,2.6303
1.4376e-06,2.7292
1.4377e-06,2.6774
1.4378e-06,2.6962
1.4379e-06,2.6702
1.438e-06,2.6936
1.4381e-06,2.7137
1.4382e-06,2.6485
1.4383e-06,2.7185
1.4384e-06,2.6141
1.4385e-06,2.6173
1.4386e-06,2.627
1.4387e-06,2.5629
1.4388e-06,2.6085
1.4389e-06,2.5896
1.439e-06,2.6153
1.4391e-06,2.5197
1.4392e-06,2.5332
1.4393e-06,2.7123
1.4394e-06,2.5062
1.4395e-06,2.6267
1.4396e-06,2.5383
1.4397e-06,2.4803
1.4398e-06,2.661
1.4399e-06,2.6365
1.44e-06,2.6472
1.4401e-06,2.6778
1.4402e-06,2.5611
1.4403e-06,2.4288
1.4404e-06,2.4243
1.4405e-06,2.5743
1.4406e-06,2.486
1.4407e-06,2.2895
1.4408e-06,2.4436
1.4409e-06,2.5225
1.441e-06,2.5364
1.4411e-06,2.5198
1.4412e-06,2.2179
1.4413e-06,2.5172
1.4414e-06,2.2579
1.4415e-06,2.3464
1.4416e-06,2.4414
1.4417e-06,2.4189
1.4418e-06,2.4082
1.4419e-06,2.3134
1.442e-06,2.4404
1.4421e-06,2.2494
1.4422e-06,2.2501
1.4423e-06,2.2373
1.4424e-06,2.4924
1.4425e-06,2.2956
1.4426e-06,2.2639
1.4427e-06,2.361
1.4428e-06,2.3226
1.4429e-06,2.3604
1.443e-06,2.4237
1.4431e-06,2.308
1.4432e-06,2.2864
1.4433e-06,2.1762
1.4434e-06,2.1914
1.4435e-06,2.404
1.4436e-06,2.1821
1.4437e-06,2.3361
1.4438e-06,2.2524
1.4439e-06,2.3083
1.444e-06,2.1753
1.4441e-06,2.0765
1.4442e-06,2.2235
1.4443e-06,2.1407
1.4444e-06,2.1962
1.4445e-06,2.2083
1.4446e-06,2.1196
1.4447e-06,2.2128
1.4448e-06,2.3345
1.4449e-06,2.3183
1.445e-06,2.2208
1.4451e-06,1.9932
1.4452e-06,1.9936
1.4453e-06,2.1551
1.4454e-06,2.1651
1.4455e-06,2.0628
1.4456e-06,2.13
1.4457e-06,1.9322
1.4458e-06,1.8736
1.4459e-06,2.3238
1.446e-06,2.0206
1.4461e-06,2.1139
1.4462e-06,1.9606
1.4463e-06,2.0733
1.4464e-06,1.9628
1.4465e-06,2.0759
1.4466e-06,1.985
1.4467e-06,2.0395
1.4468e-06,1.9351
1.4469e-06,1.8136
1.447e-06,1.9536
1.4471e-06,2.0258
1.4472e-06,2.0849
1.4473e-06,1.9994
1.4474e-06,1.781
1.4475e-06,2.084
1.4476e-06,1.8343
1.4477e-06,1.8337
1.4478e-06,1.8135
1.4479e-06,1.9546
1.448e-06,1.8677
1.4481e-06,1.9721
1.4482e-06,1.9609
1.4483e-06,1.915
1.4484e-06,1.8694
1.4485e-06,1.9235
1.4486e-06,2.0131
1.4487e-06,1.8248
1.4488e-06,1.7548
1.4489e-06,1.7498
1.449e-06,1.7416
1.4491e-06,1.6694
1.4492e-06,1.8265
1.4493e-06,1.8396
1.4494e-06,1.9228
1.4495e-06,1.7629
1.4496e-06,1.8094
1.4497e-06,1.6429
1.4498e-06,1.709
1.4499e-06,1.7421
1.45e-06,1.8592
1.4501e-06,1.7576
1.4502e-06,1.7258
1.4503e-06,1.6485
1.4504e-06,1.5654
1.4505e-06,1.7046
1.4506e-06,1.6461
1.4507e-06,1.6353
1.4508e-06,1.9005
1.4509e-06,1.7372
1.451e-06,1.7093
1.4511e-06,1.6661
1.4512e-06,1.6347
1.4513e-06,1.6297
1.4514e-06,1.693
1.4515e-06,1.6799
1.4516e-06,1.5615
1.4517e-06,1.6185
1.4518e-06,1.6557
1.4519e-06,1.5262
1.452e-06,1.4515
1.4521e-06,1.6035
1.4522e-06,1.5402
1.4523e-06,1.4642
1.4524e-06,1.6993
1.4525e-06,1.6303
1.4526e-06,1.5594
1.4527e-06,1.6167
1.4528e-06,1.4235
1.4529e-06,1.5096
1.453e-06,1.7745
1.4531e-06,1.437
1.4532e-06,1.4605
1.4533e-06,1.4942
1.4534e-06,1.5616
1.4535e-06,1.478
1.4536e-06,1.2608
1.4537e-06,1.3283
1.4538e-06,1.5355
1.4539e-06,1.4353
1.454e-06,1.4343
1.4541e-06,1.5028
1.4542e-06,1.3257
1.4543e-06,1.5032
1.4544e-06,1.3682
1.4545e-06,1.4429
1.4546e-06,1.4228
1.4547e-06,1.4474
1.4548e-06,1.295
1.4549e-06,1.4083
1.455e-06,1.3265
1.4551e-06,1.3868
1.4552e-06,1.2827
1.4553e-06,1.2884
1.4554e-06,1.3114
1.4555e-06,1.433
1.4556e-06,1.3452
1.4557e-06,1.2694
1.4558e-06,1.3233
1.4559e-06,1.2638
1.456e-06,1.3415
1.4561e-06,1.2969
1.4562e-06,1.2047
1.4563e-06,1.1568
1.4564e-06,1.1566
1.4565e-06,1.2271
1.4566e-06,1.0587
1.4567e-06,1.2254
1.4568e-06,1.1425
1.4569e-06,1.2425
1.457e-06,0.99983
1.4571e-06,1.1616
1.4572e-06,1.2006
1.4573e-06,0.98831
1.4574e-06,0.91518
1.4575e-06,1.1723
1.4576e-06,0.97233
1.4577e-06,1.0879
1.4578e-06,1.2042
1.4579e-06,1.2003
1.458e-06,1.1808
1.4581e-06,1.1365
1.4582e-06,0.92421
1.4583e-06,1.0762
1.4584e-06,1.0138
1.4585e-06,0.91529
1.4586e-06,1.0566
1.4587e-06,1.0493
1.4588e-06,0.93853
1.4589e-06,0.86213
1.459e-06,0.91692
1.4591e-06,1.0028
1.4592e-06,0.90681
1.4593e-06,0.93438
1.4594e-06,0.90055
1.4595e-06,0.98764
1.4596e-06,1.0986
1.4597e-06,0.92018
1.4598e-06,0.84967
1.4599e-06,1.0193
1.46e-06,0.85418
1.4601e-06,0.96035
1.4602e-06,0.86748
1.4603e-06,0.91392
1.4604e-06,0.8007
1.4605e-06,0.89567
1.4606e-06,0.82136
1.4607e-06,0.7619
1.4608e-06,0.87741
1.4609e-06,0.63757
1.461e-06,0.81897
1.4611e-06,0.74121
1.4612e-06,0.90592
1.4613e-06,0.66302
1.4614e-06,0.63233
1.4615e-06,0.85584
1.4616e-06,0.84673
1.4617e-06,0.70871
1.4618e-06,0.61454
1.4619e-06,0.63182
1.462e-06,0.63848
1.4621e-06,0.50557
1.4622e-06,0.74239
1.4623e-06,0.85224
1.4624e-06,0.81782
1.4625e-06,0.74643
1.4626e-06,0.76179
1.4627e-06,0.68137
1.4628e-06,0.83053
1.4629e-06,0.67267
1.463e-06,0.74127
1.4631e-06,0.57715
1.4632e-06,0.59822
1.4633e-06,0.62893
1.4634e-06,0.56526
1.4635e-06,0.50029
1.4636e-06,0.4848
1.4637e-06,0.47538
1.4638e-06,0.56451
1.4639e-06,0.65189
1.464e-06,0.69265
1.4641e-06,0.46798
1.4642e-06,0.44151
1.4643e-06,0.37425
1.4644e-06,0.44961
1.4645e-06,0.45342
1.4646e-06,0.48921
1.4647e-06,0.57386
1.4648e-06,0.35981
1.4649e-06,0.30024
1.465e-06,0.38229
1.4651e-06,0.41394
1.4652e-06,0.39307
1.4653e-06,0.4589
1.4654e-06,0.55477
1.4655e-06,0.33149
1.4656e-06,0.29637
1.4657e-06,0.3148
1.4658e-06,0.38386
1.4659e-06,0.4718
1.466e-06,0.4531
1.4661e-06,0.33395
1.4662e-06,0.38074
1.4663e-06,0.26159
1.4664e-06,0.31031
1.4665e-06,0.33169
1.4666e-06,0.23227
1.4667e-06,0.23516
1.4668e-06,0.30108
1.4669e-06,0.19238
1.467e-06,0.32911
1.4671e-06,0.28102
1.4672e-06,0.39494
1.4673e-06,0.19684
1.4674e-06,0.16746
1.4675e-06,0.12767
1.4676e-06,0.17917
1.4677e-06,0.2199
1.4678e-06,0.28369
1.4679e-06,0.22231
1.468e-06,0.098999
1.4681e-06,0.1498
1.4682e-06,0.1906
1.4683e-06,0.14997
1.4684e-06,0.0068053
1.4685e-06,0.16981
1.4686e-06,0.10671
1.4687e-06,0.073189
1.4688e-06,0.020731
1.4689e-06,0.077756
1.469e-06,0.10026
1.4691e-06,0.090588
1.4692e-06,0.021886
1.4693e-06,0.12007
1.4694e-06,0.046361
1.4695e-06,0.051958
1.4696e-06,0.13313
1.4697e-06,-0.15397
1.4698e-06,0.10685
1.4699e-06,-0.090209
1.47e-06,-0.14138
1.4701e-06,-0.075245
1.4702e-06,-0.051562
1.4703e-06,-0.022294
1.4704e-06,-0.024991
1.4705e-06,0.031484
1.4706e-06,-0.010164
1.4707e-06,-0.19301
1.4708e-06,-0.070742
1.4709e-06,-0.17084
1.471e-06,-0.033905
1.4711e-06,-0.13665
1.4712e-06,-0.12631
1.4713e-06,-0.058149
1.4714e-06,-0.30644
1.4715e-06,-0.057573
1.4716e-06,-0.18319
1.4717e-06,-0.13331
1.4718e-06,-0.086781
1.4719e-06,-0.27312
1.472e-06,-0.1435
1.4721e-06,-0.23692
1.4722e-06,-0.33075
1.4723e-06,-0.37708
1.4724e-06,-0.4152
1.4725e-06,-0.30301
1.4726e-06,-0.34343
1.4727e-06,-0.26987
1.4728e-06,-0.24251
1.4729e-06,-0.37509
1.473e-06,-0.38344
1.4731e-06,-0.41745
1.4732e-06,-0.24175
1.4733e-06,-0.4668
1.4734e-06,-0.31949
1.4735e-06,-0.38421
1.4736e-06,-0.32275
1.4737e-06,-0.25907
1.4738e-06,-0.39095
1.4739e-06,-0.3934
1.474e-06,-0.3432
1.4741e-06,-0.30774
1.4742e-06,-0.39102
1.4743e-06,-0.6351
1.4744e-06,-0.28284
1.4745e-06,-0.50967
1.4746e-06,-0.5977
1.4747e-06,-0.56476
1.4748e-06,-0.41811
1.4749e-06,-0.61631
1.475e-06,-0.57959
1.4751e-06,-0.49481
1.4752e-06,-0.41863
1.4753e-06,-0.48581
1.4754e-06,-0.49978
1.4755e-06,-0.63114
1.4756e-06,-0.6042
1.4757e-06,-0.54488
1.4758e-06,-0.71569
1.4759e-06,-0.62489
1.476e-06,-0.51151
1.4761e-06,-0.76743
1.4762e-06,-0.54712
1.4763e-06,-0.6598
1.4764e-06,-0.51677
1.4765e-06,-0.73276
1.4766e-06,-0.67382
1.4767e-06,-0.665
1.4768e-06,-0.71796
1.4769e-06,-0.63892
1.477e-06,-0.66701
1.4771e-06,-0.8793
1.4772e-06,-0.62651
1.4773e-06,-0.81695
1.4774e-06,-0.76467
1.4775e-06,-0.76993
1.4776e-06,-0.75969
1.4777e-06,-0.83622
1.4778e-06,-0.89881
1.4779e-06,-0.91876
1.478e-06,-0.66433
1.4781e-06,-0.90755
1.4782e-06,-0.87268
1.4783e-06,-0.93929
1.4784e-06,-0.89726
1.4785e-06,-0.9087
1.4786e-06,-0.90279
1.4787e-06,-0.84913
1.4788e-06,-0.82364
1.4789e-06,-0.96541
1.479e-06,-0.99168
1.4791e-06,-0.94551
1.4792e-06,-1.0246
1.4793e-06,-1.0006
1.4794e-06,-1.0262
1.4795e-06,-1.0494
1.4796e-06,-1.0022
1.4797e-06,-1.0015
1.4798e-06,-1.0357
1.4799e-06,-1.0895
1.48e-06,-1.0852
1.4801e-06,-1.0634
1.4802e-06,-1.0232
1.4803e-06,-1.114
1.4804e-06,-1.2082
1.4805e-06,-1.0576
1.4806e-06,-0.96567
1.4807e-06,-1.0786
1.4808e-06,-1.1092
1.4809e-06,-1.1282
1.481e-06,-1.3025
1.4811e-06,-1.1009
1.4812e-06,-1.3377
1.4813e-06,-1.0969
1.4814e-06,-1.191
1.4815e-06,-1.2263
1.4816e-06,-1.3419
1.4817e-06,-1.3011
1.4818e-06,-1.436
1.4819e-06,-1.1271
1.482e-06,-1.3432
1.4821e-06,-1.3604
1.4822e-06,-1.3982
1.4823e-06,-1.1896
1.4824e-06,-1.3326
1.4825e-06,-1.2446
1.4826e-06,-1.2089
1.4827e-06,-1.1634
1.4828e-06,-1.2129
1.4829e-06,-1.2288
1.483e-06,-1.3156
1.4831e-06,-1.5776
1.4832e-06,-1.6482
1.4833e-06,-1.5316
1.4834e-06,-1.4725
1.4835e-06,-1.4691
1.4836e-06,-1.2676
1.4837e-06,-1.4208
1.4838e-06,-1.4583
1.4839e-06,-1.4814
1.484e-06,-1.4948
1.4841e-06,-1.5636
1.4842e-06,-1.5126
1.4843e-06,-1.5591
1.4844e-06,-1.4606
1.4845e-06,-1.5171
1.4846e-06,-1.6143
1.4847e-06,-1.4968
1.4848e-06,-1.6853
1.4849e-06,-1.7041
1.485e-06,-1.73
1.4851e-06,-1.5716
1.4852e-06,-1.6684
1.4853e-06,-1.663
1.4854e-06,-1.7884
1.4855e-06,-1.7118
1.4856e-06,-1.697
1.4857e-06,-1.5683
1.4858e-06,-1.8233
1.4859e-06,-1.8096
1.486e-06,-1.5124
1.4861e-06,-1.758
1.4862e-06,-1.8894
1.4863e-06,-1.7427
1.4864e-06,-1.9099
1.4865e-06,-1.7642
1.4866e-06,-1.8114
1.4867e-06,-1.9499
1.4868e-06,-1.6711
1.4869e-06,-1.8158
1.487e-06,-1.8899
1.4871e-06,-1.9594
1.4872e-06,-1.8138
1.4873e-06,-1.7598
1.4874e-06,-1.8874
1.4875e-06,-1.9402
1.4876e-06,-2.0378
1.4877e-06,-2.0888
1.4878e-06,-2.1959
1.4879e-06,-1.8846
1.488e-06,-1.8787
1.4881e-06,-1.9021
1.4882e-06,-1.9595
1.4883e-06,-1.9752
1.4884e-06,-1.9288
1.4885e-06,-1.938
1.4886e-06,-2.0737
1.4887e-06,-2.1032
1.4888e-06,-1.8893
1.4889e-06,-1.9167
1.489e-06,-2.1248
1.4891e-06,-2.0687
1.4892e-06,-1.998
1.4893e-06,-2.1053
1.4894e-06,-2.2823
1.4895e-06,-2.2393
1.4896e-06,-1.9809
1.4897e-06,-2.1267
1.4898e-06,-2.1802
1.4899e-06,-2.1141
1.49e-06,-2.1577
1.4901e-06,-2.2947
1.4902e-06,-2.2933
1.4903e-06,-2.1753
1.4904e-06,-2.055
1.4905e-06,-2.1189
1.4906e-06,-2.2818
1.4907e-06,-2.3658
1.4908e-06,-2.2136
1.4909e-06,-2.3098
1.491e-06,-2.3488
1.4911e-06,-2.2503
1.4912e-06,-2.2438
1.4913e-06,-2.2556
1.4914e-06,-2.4248
1.4915e-06,-2.4415
1.4916e-06,-2.5552
1.4917e-06,-2.4557
1.4918e-06,-2.3664
1.4919e-06,-2.6576
1.492e-06,-2.5115
1.4921e-06,-2.4701
1.4922e-06,-2.4806
1.4923e-06,-2.5356
1.4924e-06,-2.3945
1.4925e-06,-2.5622
1.4926e-06,-2.4806
1.4927e-06,-2.6072
1.4928e-06,-2.6045
1.4929e-06,-2.5022
1.493e-06,-2.5346
1.4931e-06,-2.5953
1.4932e-06,-2.6012
1.4933e-06,-2.6551
1.4934e-06,-2.6934
1.4935e-06,-2.5453
1.4936e-06,-2.6152
1.4937e-06,-2.6726
1.4938e-06,-2.7144
1.4939e-06,-2.7468
1.494e-06,-2.5368
1.4941e-06,-2.551
1.4942e-06,-2.7021
1.4943e-06,-2.7733
1.4944e-06,-2.7597
1.4945e-06,-2.7926
1.4946e-06,-2.6687
1.4947e-06,-2.7226
1.4948e-06,-2.6972
1.4949e-06,-2.97
1.495e-06,-2.8583
1.4951e-06,-2.8824
1.4952e-06,-2.6146
1.4953e-06,-2.7522
1.4954e-06,-2.9461
1.4955e-06,-2.7773
1.4956e-06,-2.8686
1.4957e-06,-2.7919
1.4958e-06,-2.9074
1.4959e-06,-2.9269
1.496e-06,-2.9561
1.4961e-06,-2.8441
1.4962e-06,-3.1178
1.4963e-06,-2.9483
1.4964e-06,-2.855
1.4965e-06,-3.103
1.4966e-06,-3.1433
1.4967e-06,-2.9476
1.4968e-06,-2.8681
1.4969e-06,-3.0599
1.497e-06,-3.1502
1.4971e-06,-2.9232
1.4972e-06,-2.8753
1.4973e-06,-3.0402
1.4974e-06,-3.1031
1.4975e-06,-3.1674
1.4976e-06,-3.1189
1.4977e-06,-2.988
1.4978e-06,-3.0047
1.4979e-06,-3.2197
1.498e-06,-3.3359
1.4981e-06,-3.0682
1.4982e-06,-3.0809
1.4983e-06,-3.1469
1.4984e-06,-3.2147
1.4985e-06,-3.2012
1.4986e-06,-3.3903
1.4987e-06,-3.3052
1.4988e-06,-3.2956
1.4989e-06,-3.1216
1.499e-06,-3.4256
1.4991e-06,-3.5064
1.4992e-06,-3.284
1.4993e-06,-3.4774
1.4994e-06,-3.5528
1.4995e-06,-3.3738
1.4996e-06,-3.6522
1.4997e-06,-3.2836
1.4998e-06,-3.4645
1.4999e-06,-3.4456
1.5e-06,-3.494
1.5001e-06,-3.5949
1.5002e-06,-3.5903
1.5003e-06,-3.6086
1.5004e-06,-3.6588
1.5005e-06,-3.5288
1.5006e-06,-3.4863
1.5007e-06,-3.5854
1.5008e-06,-3.7835
1.5009e-06,-3.5347
1.501e-06,-3.5176
1.5011e-06,-3.6817
1.5012e-06,-3.5574
1.5013e-06,-3.6173
1.5014e-06,-3.7592
1.5015e-06,-3.6161
1.5016e-06,-3.6716
1.5017e-06,-3.8385
1.5018e-06,-3.7585
1.5019e-06,-3.6612
1.502e-06,-3.9299
1.5021e-06,-3.7238
1.5022e-06,-3.9524
1.5023e-06,-3.9148
1.5024e-06,-3.7183
1.5025e-06,-3.825
1.5026e-06,-4.0646
1.5027e-06,-3.6966
1.5028e-06,-3.9778
1.5029e-06,-3.8389
1.503e-06,-3.894
1.5031e-06,-3.7843
1.5032e-06,-3.87
1.5033e-06,-3.9655
1.5034e-06,-3.7388
1.5035e-06,-3.8292
1.5036e-06,-3.9306
1.5037e-06,-3.8354
1.5038e-06,-4.1255
1.5039e-06,-4.1717
1.504e-06,-4.1084
1.5041e-06,-4.0041
1.5042e-06,-4.0735
1.5043e-06,-4.1192
1.5044e-06,-4.1078
1.5045e-06,-4.2168
1.5046e-06,-4.2122
1.5047e-06,-4.116
1.5048e-06,-4.2
1.5049e-06,-3.993
1.505e-06,-4.085
1.5051e-06,-4.2812
1.5052e-06,-4.1527
1.5053e-06,-4.1113
1.5054e-06,-4.3847
1.5055e-06,-4.443
1.5056e-06,-4.3595
1.5057e-06,-4.537
1.5058e-06,-4.3073
1.5059e-06,-4.3262
1.506e-06,-4.38
1.5061e-06,-4.4173
1.5062e-06,-4.2317
1.5063e-06,-4.4773
1.5064e-06,-4.5409
1.5065e-06,-4.4138
1.5066e-06,-4.3586
1.5067e-06,-4.1883
1.5068e-06,-4.4917
1.5069e-06,-4.557
1.507e-06,-4.3513
1.5071e-06,-4.5226
1.5072e-06,-4.5008
1.5073e-06,-4.5486
1.5074e-06,-4.6956
1.5075e-06,-4.7775
1.5076e-06,-4.5735
1.5077e-06,-4.7417
1.5078e-06,-4.5407
1.5079e-06,-4.527
1.508e-06,-4.4934
1.5081e-06,-4.7042
1.5082e-06,-4.6555
1.5083e-06,-4.6582
1.5084e-06,-4.6608
1.5085e-06,-4.5469
1.5086e-06,-4.7666
1.5087e-06,-4.8476
1.5088e-06,-4.8198
1.5089e-06,-5.0462
1.509e-06,-4.8453
1.5091e-06,-4.7955
1.5092e-06,-4.8547
1.5093e-06,-4.9772
1.5094e-06,-4.9646
1.5095e-06,-4.8484
1.5096e-06,-4.7479
1.5097e-06,-4.8668
1.5098e-06,-4.9862
1.5099e-06,-5.0248
1.51e-06,-4.9896
1.5101e-06,-5.0288
1.5102e-06,-4.9147
1.5103e-06,-5.0097
1.5104e-06,-5.0497
1.5105e-06,-5.1979
1.5106e-06,-5.02
1.5107e-06,-5.1382
1.5108e-06,-5.168
1.5109e-06,-5.2194
1.511e-06,-5.1589
1.5111e-06,-5.3368
1.5112e-06,-5.2244
1.5113e-06,-5.3338
1.5114e-06,-5.2722
1.5115e-06,-5.0712
1.5116e-06,-5.3065
1.5117e-06,-5.3047
1.5118e-06,-5.2958
1.5119e-06,-5.3854
1.512e-06,-5.2403
1.5121e-06,-5.3787
1.5122e-06,-5.3397
1.5123e-06,-5.2473
1.5124e-06,-5.4569
1.5125e-06,-5.5149
1.5126e-06,-5.356
1.5127e-06,-5.391
1.5128e-06,-5.2984
1.5129e-06,-5.4318
1.513e-06,-5.4661
1.5131e-06,-5.3772
1.5132e-06,-5.4409
1.5133e-06,-5.2689
1.5134e-06,-5.6636
1.5135e-06,-5.5466
1.5136e-06,-5.6506
1.5137e-06,-5.742
1.5138e-06,-5.7577
1.5139e-06,-5.6584
1.514e-06,-5.7146
1.5141e-06,-5.782
1.5142e-06,-5.491
1.5143e-06,-5.544
1.5144e-06,-5.5961
1.5145e-06,-5.6377
1.5146e-06,-5.8863
1.5147e-06,-5.8404
1.5148e-06,-5.5589
1.5149e-06,-5.8651
1.515e-06,-5.9604
1.5151e-06,-5.8697
1.5152e-06,-5.822
1.5153e-06,-5.8866
1.5154e-06,-5.9055
1.5155e-06,-5.9735
1.5156e-06,-5.8125
1.5157e-06,-5.8883
1.5158e-06,-5.8353
1.5159e-06,-5.9559
1.516e-06,-5.8294
1.5161e-06,-5.9214
1.5162e-06,-5.9222
1.5163e-06,-5.9741
1.5164e-06,-6.0414
1.5165e-06,-6.036
1.5166e-06,-5.9631
1.5167e-06,-6.1483
1.5168e-06,-6.304
1.5169e-06,-6.1641
1.517e-06,-6.3077
1.5171e-06,-6.1461
1.5172e-06,-6.3576
1.5173e-06,-6.0645
1.5174e-06,-6.2406
1.5175e-06,-6.1343
1.5176e-06,-6.179
1.5177e-06,-5.9511
1.5178e-06,-6.083
1.5179e-06,-6.1528
1.518e-06,-6.4165
1.5181e-06,-6.2667
1.5182e-06,-6.4142
1.5183e-06,-6.3286
1.5184e-06,-6.298
1.5185e-06,-6.4444
1.5186e-06,-6.4661
1.5187e-06,-6.3896
1.5188e-06,-6.3937
1.5189e-06,-6.5748
1.519e-06,-6.6349
1.5191e-06,-6.5683
1.5192e-06,-6.3643
1.5193e-06,-6.6298
1.5194e-06,-6.6845
1.5195e-06,-6.4215
1.5196e-06,-6.5664
1.5197e-06,-6.7605
1.5198e-06,-6.4716
1.5199e-06,-6.4869
1.52e-06,-6.5952
1.5201e-06,-6.7359
1.5202e-06,-6.5081
1.5203e-06,-6.6478
1.5204e-06,-6.6197
1.5205e-06,-6.5668
1.5206e-06,-6.5607
1.5207e-06,-6.796
1.5208e-06,-6.6603
1.5209e-06,-6.5937
1.521e-06,-7.0127
1.5211e-06,-6.8294
1.5212e-06,-7.0266
1.5213e-06,-6.97
1.5214e-06,-6.8567
1.5215e-06,-6.7401
1.5216e-06,-6.8988
1.5217e-06,-6.9801
1.5218e-06,-7.0114
1.5219e-06,-6.9062
1.522e-06,-7.0652
1.5221e-06,-7.2278
1.5222e-06,-7.0161
1.5223e-06,-6.9908
1.5224e-06,-7.1715
1.5225e-06,-7.0791
1.5226e-06,-7.1141
1.5227e-06,-7.2463
1.5228e-06,-7.2092
1.5229e-06,-7.1798
1.523e-06,-7.2072
1.5231e-06,-7.2818
1.5232e-06,-7.3162
1.5233e-06,-7.2824
1.5234e-06,-7.3887
1.5235e-06,-7.2292
1.5236e-06,-7.1534
1.5237e-06,-7.3147
1.5238e-06,-7.264
1.5239e-06,-7.4404
1.524e-06,-7.4327
1.5241e-06,-7.4912
1.5242e-06,-7.5409
1.5243e-06,-7.5623
1.5244e-06,-7.5538
1.5245e-06,-7.463
1.5246e-06,-7.4782
1.5247e-06,-7.4697
1.5248e-06,-7.4886
1.5249e-06,-7.7613
1.525e-06,-7.5216
1.5251e-06,-7.5446
1.5252e-06,-7.8478
1.5253e-06,-7.6293
1.5254e-06,-7.802
1.5255e-06,-7.6883
1.5256e-06,-7.7901
1.5257e-06,-7.7978
1.5258e-06,-7.6836
1.5259e-06,-7.9889
1.526e-06,-7.8566
1.5261e-06,-7.7482
1.5262e-06,-7.7918
1.5263e-06,-7.8515
1.5264e-06,-8.0094
1.5265e-06,-7.987
1.5266e-06,-8.0382
1.5267e-06,-8.1184
1.5268e-06,-7.9131
1.5269e-06,-7.8843
1.527e-06,-7.8774
1.5271e-06,-8.0912
1.5272e-06,-8.1426
1.5273e-06,-8.0392
1.5274e-06,-7.9233
1.5275e-06,-8.013
1.5276e-06,-8.1948
1.5277e-06,-7.902
1.5278e-06,-8.3365
1.5279e-06,-8.1399
1.528e-06,-8.1615
1.5281e-06,-8.3732
1.5282e-06,-8.3538
1.5283e-06,-8.1222
1.5284e-06,-8.3248
1.5285e-06,-8.2345
1.5286e-06,-8.3222
1.5287e-06,-8.3935
1.5288e-06,-8.4619
1.5289e-06,-8.4738
1.529e-06,-8.5924
1.5291e-06,-8.3944
1.5292e-06,-8.3867
1.5293e-06,-8.6478
1.5294e-06,-8.6018
1.5295e-06,-8.415
1.5296e-06,-8.4205
1.5297e-06,-8.464
1.5298e-06,-8.6471
1.5299e-06,-8.5378
1.53e-06,-8.4104
1.5301e-06,-8.8521
1.5302e-06,-8.7624
1.5303e-06,-8.4603
1.5304e-06,-8.854
1.5305e-06,-8.8862
1.5306e-06,-8.7744
1.5307e-06,-8.7524
1.5308e-06,-8.8047
1.5309e-06,-8.8526
1.531e-06,-8.7675
1.5311e-06,-8.9349
1.5312e-06,-8.8993
1.5313e-06,-9.0896
1.5314e-06,-9.0635
1.5315e-06,-9.0005
1.5316e-06,-8.9529
1.5317e-06,-9.2025
1.5318e-06,-8.8343
1.5319e-06,-9.0411
1.532e-06,-9.0025
1.5321e-06,-8.9957
1.5322e-06,-9.0623
1.5323e-06,-9.0734
1.5324e-06,-9.0304
1.5325e-06,-9.2229
1.5326e-06,-9.0355
1.5327e-06,-9.0895
1.5328e-06,-9.1157
1.5329e-06,-9.3808
1.533e-06,-9.2731
1.5331e-06,-9.3006
1.5332e-06,-9.0541
1.5333e-06,-9.4014
1.5334e-06,-9.4309
1.5335e-06,-9.3968
1.5336e-06,-9.383
1.5337e-06,-9.5097
1.5338e-06,-9.4723
1.5339e-06,-9.405
1.534e-06,-9.504
1.5341e-06,-9.5134
1.5342e-06,-9.4694
1.5343e-06,-9.6202
1.5344e-06,-9.6934
1.5345e-06,-9.4752
1.5346e-06,-9.7339
1.5347e-06,-9.6809
1.5348e-06,-9.6251
1.5349e-06,-9.7325
1.535e-06,-9.6915
1.5351e-06,-9.6313
1.5352e-06,-9.6133
1.5353e-06,-9.7585
1.5354e-06,-9.9819
1.5355e-06,-9.8221
1.5356e-06,-9.7566
1.5357e-06,-9.9182
1.5358e-06,-9.8595
1.5359e-06,-9.9824
1.536e-06,-9.9314
1.5361e-06,-9.8122
1.5362e-06,-9.9759
1.5363e-06,-10.056
1.5364e-06,-10.016
1.5365e-06,-9.8489
1.5366e-06,-9.9213
1.5367e-06,-10.167
1.5368e-06,-10.04
1.5369e-06,-10.285
1.537e-06,-10.053
1.5371e-06,-10.287
1.5372e-06,-10.363
1.5373e-06,-10.179
1.5374e-06,-10.224
1.5375e-06,-10.264
1.5376e-06,-10.391
1.5377e-06,-10.389
1.5378e-06,-10.273
1.5379e-06,-10.499
1.538e-06,-10.446
1.5381e-06,-10.403
1.5382e-06,-10.435
1.5383e-06,-10.281
1.5384e-06,-10.541
1.5385e-06,-10.441
1.5386e-06,-10.56
1.5387e-06,-10.634
1.5388e-06,-10.421
1.5389e-06,-10.609
1.539e-06,-10.652
1.5391e-06,-10.627
1.5392e-06,-10.808
1.5393e-06,-10.593
1.5394e-06,-10.459
1.5395e-06,-10.817
1.5396e-06,-10.884
1.5397e-06,-10.561
1.5398e-06,-10.54
1.5399e-06,-10.741
1.54e-06,-10.58
1.5401e-06,-10.892
1.5402e-06,-10.888
1.5403e-06,-10.883
1.5404e-06,-11.022
1.5405e-06,-10.981
1.5406e-06,-10.803
1.5407e-06,-11.016
1.5408e-06,-10.833
1.5409e-06,-11.12
1.541e-06,-10.996
1.5411e-06,-11.115
1.5412e-06,-11.213
1.5413e-06,-11.119
1.5414e-06,-11.112
1.5415e-06,-11.104
1.5416e-06,-11.291
1.5417e-06,-11.303
1.5418e-06,-11.223
1.5419e-06,-11.17
1.542e-06,-11.415
1.5421e-06,-11.356
1.5422e-06,-11.345
1.5423e-06,-11.363
1.5424e-06,-11.428
1.5425e-06,-11.574
1.5426e-06,-11.505
1.5427e-06,-11.473
1.5428e-06,-11.574
1.5429e-06,-11.667
1.543e-06,-11.489
1.5431e-06,-11.486
1.5432e-06,-11.697
1.5433e-06,-11.706
1.5434e-06,-11.715
1.5435e-06,-11.673
1.5436e-06,-11.8
1.5437e-06,-11.748
1.5438e-06,-11.615
1.5439e-06,-11.592
1.544e-06,-11.787
1.5441e-06,-11.749
1.5442e-06,-11.744
1.5443e-06,-11.877
1.5444e-06,-11.873
1.5445e-06,-12.011
1.5446e-06,-11.751
1.5447e-06,-11.87
1.5448e-06,-11.982
1.5449e-06,-12.038
1.545e-06,-12.015
1.5451e-06,-11.999
1.5452e-06,-11.991
1.5453e-06,-12.15
1.5454e-06,-12.14
1.5455e-06,-12.137
1.5456e-06,-12.278
1.5457e-06,-12.2
1.5458e-06,-12.13
1.5459e-06,-12.293
1.546e-06,-12.064
1.5461e-06,-12.427
1.5462e-06,-11.996
1.5463e-06,-12.334
1.5464e-06,-12.158
1.5465e-06,-12.355
1.5466e-06,-12.264
1.5467e-06,-12.395
1.5468e-06,-12.495
1.5469e-06,-12.357
1.547e-06,-12.371
1.5471e-06,-12.373
1.5472e-06,-12.475
1.5473e-06,-12.481
1.5474e-06,-12.434
1.5475e-06,-12.558
1.5476e-06,-12.488
1.5477e-06,-12.632
1.5478e-06,-12.691
1.5479e-06,-12.707
1.548e-06,-12.616
1.5481e-06,-12.74
1.5482e-06,-12.701
1.5483e-06,-12.857
1.5484e-06,-12.832
1.5485e-06,-12.813
1.5486e-06,-12.862
1.5487e-06,-12.947
1.5488e-06,-12.733
1.5489e-06,-12.955
1.549e-06,-12.825
1.5491e-06,-12.916
1.5492e-06,-12.978
1.5493e-06,-12.994
1.5494e-06,-13.118
1.5495e-06,-12.831
1.5496e-06,-13.005
1.5497e-06,-12.778
1.5498e-06,-13.175
1.5499e-06,-13.038
1.55e-06,-13.044
1.5501e-06,-13.158
1.5502e-06,-13.012
1.5503e-06,-13.118
1.5504e-06,-13.172
1.5505e-06,-13.264
1.5506e-06,-13.231
1.5507e-06,-13.295
1.5508e-06,-13.438
1.5509e-06,-13.241
1.551e-06,-13.246
1.5511e-06,-13.3
1.5512e-06,-13.299
1.5513e-06,-13.189
1.5514e-06,-13.095
1.5515e-06,-13.138
1.5516e-06,-13.41
1.5517e-06,-13.486
1.5518e-06,-13.121
1.5519e-06,-13.393
1.552e-06,-13.222
1.5521e-06,-13.331
1.5522e-06,-13.286
1.5523e-06,-13.448
1.5524e-06,-13.649
1.5525e-06,-13.507
1.5526e-06,-13.511
1.5527e-06,-13.673
1.5528e-06,-13.601
1.5529e-06,-13.667
1.553e-06,-13.719
1.5531e-06,-13.74
1.5532e-06,-13.61
1.5533e-06,-13.536
1.5534e-06,-13.689
1.5535e-06,-13.622
1.5536e-06,-13.828
1.5537e-06,-13.749
1.5538e-06,-13.68
1.5539e-06,-14.017
1.554e-06,-13.726
1.5541e-06,-13.781
1.5542e-06,-13.895
1.5543e-06,-13.868
1.5544e-06,-13.649
1.5545e-06,-14.044
1.5546e-06,-13.801
1.5547e-06,-13.794
1.5548e-06,-13.816
1.5549e-06,-13.933
1.555e-06,-13.958
1.5551e-06,-13.916
1.5552e-06,-13.893
1.5553e-06,-13.968
1.5554e-06,-14.06
1.5555e-06,-14
1.5556e-06,-14.139
1.5557e-06,-14.102
1.5558e-06,-13.782
1.5559e-06,-14.007
1.556e-06,-13.838
1.5561e-06,-14.12
1.5562e-06,-14.014
1.5563e-06,-14.023
1.5564e-06,-13.918
1.5565e-06,-13.931
1.5566e-06,-13.909
1.5567e-06,-13.973
1.5568e-06,-14.437
1.5569e-06,-14.107
1.557e-06,-14.128
1.5571e-06,-14.192
1.5572e-06,-14.085
1.5573e-06,-14.207
1.5574e-06,-14.219
1.5575e-06,-14.304
1.5576e-06,-14.296
1.5577e-06,-14.008
1.5578e-06,-14.21
1.5579e-06,-14.327
1.558e-06,-14.056
1.5581e-06,-14.134
1.5582e-06,-14.229
1.5583e-06,-14.079
1.5584e-06,-14.47
1.5585e-06,-14.337
1.5586e-06,-14.324
1.5587e-06,-14.379
1.5588e-06,-14.051
1.5589e-06,-14.445
1.559e-06,-14.378
1.5591e-06,-14.185
1.5592e-06,-14.303
1.5593e-06,-14.293
1.5594e-06,-14.305
1.5595e-06,-14.257
1.5596e-06,-14.284
1.5597e-06,-14.318
1.5598e-06,-14.263
1.5599e-06,-14.074
1.56e-06,-14.17
1.5601e-06,-14.234
1.5602e-06,-14.335
1.5603e-06,-14.288
1.5604e-06,-14.268
1.5605e-06,-14.163
1.5606e-06,-14.434
1.5607e-06,-14.198
1.5608e-06,-14.194
1.5609e-06,-14.673
1.561e-06,-14.26
1.5611e-06,-14.269
1.5612e-06,-14.328
1.5613e-06,-14.34
1.5614e-06,-14.426
1.5615e-06,-14.306
1.5616e-06,-14.359
1.5617e-06,-14.322
1.5618e-06,-14.451
1.5619e-06,-14.471
1.562e-06,-14.648
1.5621e-06,-14.332
1.5622e-06,-14.305
1.5623e-06,-14.456
1.5624e-06,-14.23
1.5625e-06,-14.254
1.5626e-06,-14.351
1.5627e-06,-14.412
1.5628e-06,-14.224
1.5629e-06,-14.454
1.563e-06,-14.542
1.5631e-06,-14.455
1.5632e-06,-14.374
1.5633e-06,-14.355
1.5634e-06,-14.218
1.5635e-06,-14.214
1.5636e-06,-14.226
1.5637e-06,-14.148
1.5638e-06,-14.299
1.5639e-06,-14.346
1.564e-06,-14.089
1.5641e-06,-14.208
1.5642e-06,-14.306
1.5643e-06,-14.404
1.5644e-06,-14.294
1.5645e-06,-14.488
1.5646e-06,-14.397
1.5647e-06,-14.233
1.5648e-06,-14.418
1.5649e-06,-14.253
1.565e-06,-14.146
1.5651e-06,-14.145
1.5652e-06,-14.246
1.5653e-06,-14.205
1.5654e-06,-14.357
1.5655e-06,-14.276
1.5656e-06,-14.27
1.5657e-06,-14.291
1.5658e-06,-14.213
1.5659e-06,-14.12
1.566e-06,-14.324
1.5661e-06,-13.93
1.5662e-06,-14.144
1.5663e-06,-14.197
1.5664e-06,-14.226
1.5665e-06,-14.018
1.5666e-06,-14.109
1.5667e-06,-13.968
1.5668e-06,-14.08
1.5669e-06,-14.191
1.567e-06,-14.03
1.5671e-06,-13.898
1.5672e-06,-13.926
1.5673e-06,-13.915
1.5674e-06,-14.036
1.5675e-06,-14.021
1.5676e-06,-13.975
1.5677e-06,-14.023
1.5678e-06,-14.028
1.5679e-06,-13.832
1.568e-06,-13.948
1.5681e-06,-14.02
1.5682e-06,-14.056
1.5683e-06,-13.933
1.5684e-06,-13.834
1.5685e-06,-14.071
1.5686e-06,-13.987
1.5687e-06,-13.784
1.5688e-06,-13.96
1.5689e-06,-13.852
1.569e-06,-13.781
1.5691e-06,-13.943
1.5692e-06,-13.643
1.5693e-06,-13.847
1.5694e-06,-13.938
1.5695e-06,-13.93
1.5696e-06,-13.691
1.5697e-06,-13.757
1.5698e-06,-13.63
1.5699e-06,-13.829
1.57e-06,-13.682
1.5701e-06,-13.738
1.5702e-06,-13.669
1.5703e-06,-13.74
1.5704e-06,-13.48
1.5705e-06,-13.605
1.5706e-06,-13.655
1.5707e-06,-13.512
1.5708e-06,-13.607
1.5709e-06,-13.558
1.571e-06,-13.623
1.5711e-06,-13.719
1.5712e-06,-13.333
1.5713e-06,-13.512
1.5714e-06,-13.674
1.5715e-06,-13.602
1.5716e-06,-13.593
1.5717e-06,-13.497
1.5718e-06,-13.482
1.5719e-06,-13.534
1.572e-06,-13.429
1.5721e-06,-13.56
1.5722e-06,-13.397
1.5723e-06,-13.107
1.5724e-06,-13.382
1.5725e-06,-13.359
1.5726e-06,-13.26
1.5727e-06,-13.25
1.5728e-06,-13.384
1.5729e-06,-13.344
1.573e-06,-13.261
1.5731e-06,-13.286
1.5732e-06,-13.267
1.5733e-06,-13.253
1.5734e-06,-13.515
1.5735e-06,-13.277
1.5736e-06,-13.277
1.5737e-06,-13.085
1.5738e-06,-12.95
1.5739e-06,-13.187
1.574e-06,-13.21
1.5741e-06,-13.048
1.5742e-06,-13.225
1.5743e-06,-13.101
1.5744e-06,-12.901
1.5745e-06,-12.846
1.5746e-06,-12.999
1.5747e-06,-12.8
1.5748e-06,-12.906
1.5749e-06,-12.855
1.575e-06,-12.696
1.5751e-06,-12.847
1.5752e-06,-12.84
1.5753e-06,-12.879
1.5754e-06,-12.795
1.5755e-06,-12.756
1.5756e-06,-12.736
1.5757e-06,-12.824
1.5758e-06,-12.677
1.5759e-06,-12.548
1.576e-06,-12.522
1.5761e-06,-12.771
1.5762e-06,-12.555
1.5763e-06,-12.711
1.5764e-06,-12.469
1.5765e-06,-12.537
1.5766e-06,-12.476
1.5767e-06,-12.771
1.5768e-06,-12.612
1.5769e-06,-12.574
1.577e-06,-12.406
1.5771e-06,-12.504
1.5772e-06,-12.754
1.5773e-06,-12.445
1.5774e-06,-12.543
1.5775e-06,-12.436
1.5776e-06,-12.404
1.5777e-06,-12.492
1.5778e-06,-12.23
1.5779e-06,-12.089
1.578e-06,-12.152
1.5781e-06,-12.322
1.5782e-06,-12.29
1.5783e-06,-11.929
1.5784e-06,-12.208
1.5785e-06,-12.385
1.5786e-06,-12.217
1.5787e-06,-12.213
1.5788e-06,-12.098
1.5789e-06,-12.089
1.579e-06,-12.028
1.5791e-06,-11.751
1.5792e-06,-12.122
1.5793e-06,-11.96
1.5794e-06,-12.097
1.5795e-06,-12.016
1.5796e-06,-11.931
1.5797e-06,-11.925
1.5798e-06,-11.957
1.5799e-06,-11.797
1.58e-06,-11.966
1.5801e-06,-11.626
1.5802e-06,-11.945
1.5803e-06,-11.822
1.5804e-06,-11.663
1.5805e-06,-11.741
1.5806e-06,-11.897
1.5807e-06,-11.716
1.5808e-06,-11.873
1.5809e-06,-11.66
1.581e-06,-11.654
1.5811e-06,-11.624
1.5812e-06,-11.941
1.5813e-06,-11.667
1.5814e-06,-11.815
1.5815e-06,-11.698
1.5816e-06,-11.397
1.5817e-06,-11.382
1.5818e-06,-11.357
1.5819e-06,-11.677
1.582e-06,-11.471
1.5821e-06,-11.386
1.5822e-06,-11.413
1.5823e-06,-11.687
1.5824e-06,-11.338
1.5825e-06,-11.379
1.5826e-06,-11.662
1.5827e-06,-11.436
1.5828e-06,-11.073
1.5829e-06,-11.309
1.583e-06,-11.096
1.5831e-06,-11.139
1.5832e-06,-11.342
1.5833e-06,-11.199
1.5834e-06,-11.313
1.5835e-06,-11.151
1.5836e-06,-11.087
1.5837e-06,-11.129
1.5838e-06,-10.944
1.5839e-06,-11.009
1.584e-06,-11.15
1.5841e-06,-11.273
1.5842e-06,-10.93
1.5843e-06,-11.066
1.5844e-06,-11.036
1.5845e-06,-11.059
1.5846e-06,-11.1
1.5847e-06,-10.934
1.5848e-06,-10.775
1.5849e-06,-10.814
1.585e-06,-10.904
1.5851e-06,-10.946
1.5852e-06,-10.751
1.5853e-06,-10.947
1.5854e-06,-10.711
1.5855e-06,-10.983
1.5856e-06,-10.725
1.5857e-06,-10.804
1.5858e-06,-10.831
1.5859e-06,-10.634
1.586e-06,-10.588
1.5861e-06,-10.732
1.5862e-06,-10.551
1.5863e-06,-10.789
1.5864e-06,-10.636
1.5865e-06,-10.61
1.5866e-06,-10.504
1.5867e-06,-10.671
1.5868e-06,-10.46
1.5869e-06,-10.687
1.587e-06,-10.459
1.5871e-06,-10.567
1.5872e-06,-10.391
1.5873e-06,-10.258
1.5874e-06,-10.254
1.5875e-06,-10.551
1.5876e-06,-10.45
1.5877e-06,-10.444
1.5878e-06,-10.459
1.5879e-06,-10.267
1.588e-06,-10.159
1.5881e-06,-10.316
1.5882e-06,-10.276
1.5883e-06,-10.22
1.5884e-06,-10.244
1.5885e-06,-10.366
1.5886e-06,-10.195
1.5887e-06,-10.253
1.5888e-06,-10.203
1.5889e-06,-10.275
1.589e-06,-10.191
1.5891e-06,-10.129
1.5892e-06,-10.099
1.5893e-06,-10.054
1.5894e-06,-9.9859
1.5895e-06,-10.175
1.5896e-06,-10.184
1.5897e-06,-9.8277
1.5898e-06,-9.8877
1.5899e-06,-10.086
1.59e-06,-9.8704
1.5901e-06,-9.9182
1.5902e-06,-9.7735
1.5903e-06,-9.94
1.5904e-06,-9.9582
1.5905e-06,-9.7667
1.5906e-06,-9.8137
1.5907e-06,-9.6658
1.5908e-06,-9.6345
1.5909e-06,-9.7311
1.591e-06,-9.7973
1.5911e-06,-9.8344
1.5912e-06,-9.898
1.5913e-06,-9.6712
1.5914e-06,-9.7902
1.5915e-06,-9.6514
1.5916e-06,-9.7144
1.5917e-06,-9.579
1.5918e-06,-9.457
1.5919e-06,-9.439
1.592e-06,-9.4828
1.5921e-06,-9.6262
1.5922e-06,-9.5735
1.5923e-06,-9.3879
1.5924e-06,-9.3674
1.5925e-06,-9.3549
1.5926e-06,-9.4621
1.5927e-06,-9.5521
1.5928e-06,-9.3733
1.5929e-06,-9.455
1.593e-06,-9.4216
1.5931e-06,-9.3366
1.5932e-06,-9.2254
1.5933e-06,-9.4106
1.5934e-06,-9.4006
1.5935e-06,-9.3068
1.5936e-06,-9.2897
1.5937e-06,-9.2502
1.5938e-06,-9.0585
1.5939e-06,-9.2028
1.594e-06,-9.1161
1.5941e-06,-9.0341
1.5942e-06,-9.2975
1.5943e-06,-9.0425
1.5944e-06,-9.1559
1.5945e-06,-9.2366
1.5946e-06,-9.1631
1.5947e-06,-9.072
1.5948e-06,-8.9276
1.5949e-06,-8.8147
1.595e-06,-9.1192
1.5951e-06,-9.1363
1.5952e-06,-9.0734
1.5953e-06,-8.9694
1.5954e-06,-8.7922
1.5955e-06,-9.0294
1.5956e-06,-9.0262
1.5957e-06,-8.7667
1.5958e-06,-9.0921
1.5959e-06,-8.6244
1.596e-06,-8.7879
1.5961e-06,-8.9108
1.5962e-06,-8.807
1.5963e-06,-8.5864
1.5964e-06,-8.6852
1.5965e-06,-8.7933
1.5966e-06,-8.7606
1.5967e-06,-8.7891
1.5968e-06,-8.5811
1.5969e-06,-8.9398
1.597e-06,-8.5837
1.5971e-06,-8.6593
1.5972e-06,-8.5967
1.5973e-06,-8.677
1.5974e-06,-8.6259
1.5975e-06,-8.5597
1.5976e-06,-8.7904
1.5977e-06,-8.4506
1.5978e-06,-8.3047
1.5979e-06,-8.6441
1.598e-06,-8.645
1.5981e-06,-8.5273
1.5982e-06,-8.6094
1.5983e-06,-8.5281
1.5984e-06,-8.3593
1.5985e-06,-8.0716
1.5986e-06,-8.598
1.5987e-06,-8.4169
1.5988e-06,-8.5429
1.5989e-06,-8.5134
1.599e-06,-8.406
1.5991e-06,-8.3144
1.5992e-06,-8.2195
1.5993e-06,-8.2407
1.5994e-06,-8.4474
1.5995e-06,-8.0516
1.5996e-06,-8.3121
1.5997e-06,-8.2144
1.5998e-06,-8.242
1.5999e-06,-8.1464
1.6e-06,-8.2321
1.6001e-06,-8.1066
1.6002e-06,-8.4663
1.6003e-06,-8.2409
1.6004e-06,-8.3039
1.6005e-06,-8.0346
1.6006e-06,-8.1366
1.6007e-06,-8.0509
1.6008e-06,-8.1742
1.6009e-06,-8.0665
1.601e-06,-7.9213
1.6011e-06,-8.2841
1.6012e-06,-7.8919
1.6013e-06,-7.9488
1.6014e-06,-7.9358
1.6015e-06,-7.888
1.6016e-06,-7.7633
1.6017e-06,-8.0009
1.6018e-06,-7.7461
1.6019e-06,-7.8251
1.602e-06,-7.7287
1.6021e-06,-7.994
1.6022e-06,-7.871
1.6023e-06,-7.6614
1.6024e-06,-7.9152
1.6025e-06,-7.775
1.6026e-06,-7.9013
1.6027e-06,-7.9243
1.6028e-06,-7.9317
1.6029e-06,-7.8536
1.603e-06,-7.8505
1.6031e-06,-7.8237
1.6032e-06,-7.7709
1.6033e-06,-7.739
1.6034e-06,-7.6675
1.6035e-06,-7.6274
1.6036e-06,-7.5806
1.6037e-06,-7.4885
1.6038e-06,-7.7906
1.6039e-06,-7.6985
1.604e-06,-7.6413
1.6041e-06,-7.5317
1.6042e-06,-7.3412
1.6043e-06,-7.5621
1.6044e-06,-7.6144
1.6045e-06,-7.6652
1.6046e-06,-7.325
1.6047e-06,-7.6007
1.6048e-06,-7.5736
1.6049e-06,-7.4831
1.605e-06,-7.2983
1.6051e-06,-7.5353
1.6052e-06,-7.28
1.6053e-06,-7.4311
1.6054e-06,-7.2545
1.6055e-06,-7.35
1.6056e-06,-7.114
1.6057e-06,-7.2717
1.6058e-06,-7.2681
1.6059e-06,-7.2159
1.606e-06,-7.2419
1.6061e-06,-7.3128
1.6062e-06,-7.2548
1.6063e-06,-7.4694
1.6064e-06,-7.3928
1.6065e-06,-7.0897
1.6066e-06,-7.2274
1.6067e-06,-6.891
1.6068e-06,-7.0669
1.6069e-06,-7.3669
1.607e-06,-7.0044
1.6071e-06,-7.4926
1.6072e-06,-7.091
1.6073e-06,-7.2695
1.6074e-06,-7.2501
1.6075e-06,-7.0522
1.6076e-06,-7.2032
1.6077e-06,-7.1747
1.6078e-06,-6.9418
1.6079e-06,-6.9703
1.608e-06,-7.0592
1.6081e-06,-6.9054
1.6082e-06,-6.842
1.6083e-06,-6.9035
1.6084e-06,-6.8851
1.6085e-06,-6.8974
1.6086e-06,-6.9658
1.6087e-06,-6.941
1.6088e-06,-7.1111
1.6089e-06,-6.9697
1.609e-06,-7.0747
1.6091e-06,-6.6411
1.6092e-06,-6.8007
1.6093e-06,-6.7021
1.6094e-06,-6.6918
1.6095e-06,-6.8928
1.6096e-06,-6.8062
1.6097e-06,-6.7014
1.6098e-06,-6.7535
1.6099e-06,-6.6972
1.61e-06,-6.6925
1.6101e-06,-6.7671
1.6102e-06,-6.6219
1.6103e-06,-6.5702
1.6104e-06,-7.0232
1.6105e-06,-6.7069
1.6106e-06,-6.4417
1.6107e-06,-6.7376
1.6108e-06,-6.6577
1.6109e-06,-6.5163
1.611e-06,-6.5872
1.6111e-06,-6.9393
1.6112e-06,-6.5376
1.6113e-06,-6.5472
1.6114e-06,-6.5834
1.6115e-06,-6.6928
1.6116e-06,-6.4872
1.6117e-06,-6.4372
1.6118e-06,-6.4541
1.6119e-06,-6.4415
1.612e-06,-6.4293
1.6121e-06,-6.5116
1.6122e-06,-6.4857
1.6123e-06,-6.381
1.6124e-06,-6.339
1.6125e-06,-6.2198
1.6126e-06,-6.4865
1.6127e-06,-6.4078
1.6128e-06,-6.3158
1.6129e-06,-6.4984
1.613e-06,-6.4368
1.6131e-06,-6.0561
1.6132e-06,-6.4753
1.6133e-06,-6.2114
1.6134e-06,-6.3432
1.6135e-06,-6.3321
1.6136e-06,-6.1722
1.6137e-06,-6.1853
1.6138e-06,-6.4125
1.6139e-06,-6.3326
1.614e-06,-6.1439
1.6141e-06,-6.0649
1.6142e-06,-6.2532
1.6143e-06,-6.1534
1.6144e-06,-6.1875
1.6145e-06,-6.1122
1.6146e-06,-6.1557
1.6147e-06,-6.0316
1.6148e-06,-5.8922
1.6149e-06,-6.1559
1.615e-06,-6.3816
1.6151e-06,-6.0933
1.6152e-06,-6.1863
1.6153e-06,-6.0415
1.6154e-06,-6.0042
1.6155e-06,-6.0801
1.6156e-06,-5.9202
1.6157e-06,-5.8783
1.6158e-06,-5.9837
1.6159e-06,-6.1981
1.616e-06,-6.0422
1.6161e-06,-6.1259
1.6162e-06,-6.1108
1.6163e-06,-5.8009
1.6164e-06,-5.9626
1.6165e-06,-5.8907
1.6166e-06,-5.8079
1.6167e-06,-5.8696
1.6168e-06,-6.0478
1.6169e-06,-5.9801
1.617e-06,-5.8407
1.6171e-06,-5.9262
1.6172e-06,-5.8715
1.6173e-06,-5.5708
1.6174e-06,-5.798
1.6175e-06,-5.9477
1.6176e-06,-5.7367
1.6177e-06,-5.9421
1.6178e-06,-6.0415
1.6179e-06,-5.7444
1.618e-06,-5.7113
1.6181e-06,-5.8007
1.6182e-06,-5.66
1.6183e-06,-5.625
1.6184e-06,-5.6342
1.6185e-06,-5.6603
1.6186e-06,-5.6417
1.6187e-06,-5.7575
1.6188e-06,-5.4372
1.6189e-06,-5.8631
1.619e-06,-5.2805
1.6191e-06,-5.5526
1.6192e-06,-5.5302
1.6193e-06,-5.6783
1.6194e-06,-5.5602
1.6195e-06,-5.8014
1.6196e-06,-5.4959
1.6197e-06,-5.5395
1.6198e-06,-5.4765
1.6199e-06,-5.7835
1.62e-06,-5.5674
1.6201e-06,-5.6691
1.6202e-06,-5.5544
1.6203e-06,-5.6593
1.6204e-06,-5.3761
1.6205e-06,-5.5406
1.6206e-06,-5.3668
1.6207e-06,-5.4744
1.6208e-06,-5.1797
1.6209e-06,-5.3579
1.621e-06,-5.5312
1.6211e-06,-5.4281
1.6212e-06,-5.2064
1.6213e-06,-5.4795
1.6214e-06,-5.0795
1.6215e-06,-5.3169
1.6216e-06,-5.4656
1.6217e-06,-5.2831
1.6218e-06,-5.2757
1.6219e-06,-5.3656
1.622e-06,-5.5446
1.6221e-06,-5.2415
1.6222e-06,-5.2291
1.6223e-06,-5.4353
1.6224e-06,-5.129
1.6225e-06,-5.2681
1.6226e-06,-5.249
1.6227e-06,-5.2518
1.6228e-06,-5.4753
1.6229e-06,-5.2544
1.623e-06,-5.097
1.6231e-06,-5.0367
1.6232e-06,-5.0404
1.6233e-06,-5.0948
1.6234e-06,-5.0423
1.6235e-06,-4.9829
1.6236e-06,-4.9903
1.6237e-06,-5.2309
1.6238e-06,-5.1604
1.6239e-06,-4.9087
1.624e-06,-5.3496
1.6241e-06,-4.996
1.6242e-06,-5.277
1.6243e-06,-4.9175
1.6244e-06,-4.9336
1.6245e-06,-5.0259
1.6246e-06,-5.2273
1.6247e-06,-5.0105
1.6248e-06,-5.0484
1.6249e-06,-5.1605
1.625e-06,-5.1095
1.6251e-06,-5.0762
1.6252e-06,-5.0341
1.6253e-06,-4.9373
1.6254e-06,-4.8472
1.6255e-06,-5.0589
1.6256e-06,-5.0104
1.6257e-06,-4.7233
1.6258e-06,-4.8706
1.6259e-06,-4.9337
1.626e-06,-4.8017
1.6261e-06,-4.8666
1.6262e-06,-4.7707
1.6263e-06,-5.0081
1.6264e-06,-4.7216
1.6265e-06,-4.6837
1.6266e-06,-4.7144
1.6267e-06,-4.8483
1.6268e-06,-4.5219
1.6269e-06,-4.9486
1.627e-06,-4.5976
1.6271e-06,-4.6258
1.6272e-06,-4.6468
1.6273e-06,-4.556
1.6274e-06,-4.7614
1.6275e-06,-4.6506
1.6276e-06,-4.6654
1.6277e-06,-4.5427
1.6278e-06,-4.7589
1.6279e-06,-4.4543
1.628e-06,-4.5125
1.6281e-06,-4.6539
1.6282e-06,-4.4113
1.6283e-06,-4.7223
1.6284e-06,-4.5536
1.6285e-06,-4.7435
1.6286e-06,-4.6879
1.6287e-06,-4.5208
1.6288e-06,-4.8418
1.6289e-06,-4.5729
1.629e-06,-4.5628
1.6291e-06,-4.569
1.6292e-06,-4.4326
1.6293e-06,-4.6373
1.6294e-06,-4.4477
1.6295e-06,-4.2576
1.6296e-06,-4.4881
1.6297e-06,-4.6877
1.6298e-06,-4.517
1.6299e-06,-4.627
1.63e-06,-4.3872
1.6301e-06,-4.3656
1.6302e-06,-4.2728
1.6303e-06,-4.3265
1.6304e-06,-4.4537
1.6305e-06,-4.3449
1.6306e-06,-4.552
1.6307e-06,-4.3322
1.6308e-06,-4.6662
1.6309e-06,-4.3623
1.631e-06,-4.5702
1.6311e-06,-4.2396
1.6312e-06,-4.3703
1.6313e-06,-3.9449
1.6314e-06,-4.401
1.6315e-06,-4.3747
1.6316e-06,-4.4345
1.6317e-06,-4.2366
1.6318e-06,-4.2229
1.6319e-06,-4.1732
1.632e-06,-4.4863
1.6321e-06,-4.1378
1.6322e-06,-4.3962
1.6323e-06,-4.0746
1.6324e-06,-4.1892
1.6325e-06,-4.3735
1.6326e-06,-4.3039
1.6327e-06,-4.1432
1.6328e-06,-4.1987
1.6329e-06,-4.1633
1.633e-06,-3.973
1.6331e-06,-4.1513
1.6332e-06,-4.1948
1.6333e-06,-4.1944
1.6334e-06,-4.1458
1.6335e-06,-4.3144
1.6336e-06,-4.1219
1.6337e-06,-3.9149
1.6338e-06,-4.1611
1.6339e-06,-4.2355
1.634e-06,-4.1952
1.6341e-06,-4.0935
1.6342e-06,-3.9578
1.6343e-06,-4.0892
1.6344e-06,-4.0008
1.6345e-06,-3.9301
1.6346e-06,-3.9822
1.6347e-06,-3.8831
1.6348e-06,-3.8349
1.6349e-06,-4.247
1.635e-06,-3.8571
1.6351e-06,-3.9404
1.6352e-06,-4.04
1.6353e-06,-3.7263
1.6354e-06,-3.7586
1.6355e-06,-4.0231
1.6356e-06,-3.9047
1.6357e-06,-3.8833
1.6358e-06,-4.0031
1.6359e-06,-4.1216
1.636e-06,-3.8361
1.6361e-06,-4.0056
1.6362e-06,-3.9225
1.6363e-06,-3.8646
1.6364e-06,-3.9848
1.6365e-06,-3.9298
1.6366e-06,-3.8545
1.6367e-06,-3.927
1.6368e-06,-4.0168
1.6369e-06,-3.7112
1.637e-06,-3.9696
1.6371e-06,-3.9516
1.6372e-06,-3.6223
1.6373e-06,-3.9542
1.6374e-06,-3.7984
1.6375e-06,-3.8951
1.6376e-06,-3.9653
1.6377e-06,-3.73
1.6378e-06,-3.6072
1.6379e-06,-3.554
1.638e-06,-3.6575
1.6381e-06,-3.7131
1.6382e-06,-3.9103
1.6383e-06,-3.5748
1.6384e-06,-3.6761
1.6385e-06,-3.5584
1.6386e-06,-3.3243
1.6387e-06,-3.4934
1.6388e-06,-3.4756
1.6389e-06,-3.5711
1.639e-06,-3.4273
1.6391e-06,-3.6866
1.6392e-06,-3.64
1.6393e-06,-3.655
1.6394e-06,-3.507
1.6395e-06,-3.4358
1.6396e-06,-3.5405
1.6397e-06,-3.5848
1.6398e-06,-3.6128
1.6399e-06,-3.527
1.64e-06,-3.6269
1.6401e-06,-3.5517
1.6402e-06,-3.4304
1.6403e-06,-3.1815
1.6404e-06,-3.5303
1.6405e-06,-3.4863
1.6406e-06,-3.4895
1.6407e-06,-3.467
1.6408e-06,-3.4844
1.6409e-06,-3.5519
1.641e-06,-3.312
1.6411e-06,-3.3717
1.6412e-06,-3.4501
1.6413e-06,-3.3276
1.6414e-06,-3.4859
1.6415e-06,-3.3761
1.6416e-06,-3.4037
1.6417e-06,-3.4761
1.6418e-06,-3.2793
1.6419e-06,-3.2619
1.642e-06,-3.4685
1.6421e-06,-3.4373
1.6422e-06,-3.2529
1.6423e-06,-3.3161
1.6424e-06,-3.1336
1.6425e-06,-3.1879
1.6426e-06,-3.4763
1.6427e-06,-3.3835
1.6428e-06,-3.1494
1.6429e-06,-3.1895
1.643e-06,-3.3787
1.6431e-06,-3.3995
1.6432e-06,-3.1673
1.6433e-06,-3.1456
1.6434e-06,-3.5153
1.6435e-06,-3.4051
1.6436e-06,-3.1921
1.6437e-06,-3.2602
1.6438e-06,-3.3289
1.6439e-06,-3.2441
1.644e-06,-3.1947
1.6441e-06,-3.1977
1.6442e-06,-3.0997
1.6443e-06,-3.1299
1.6444e-06,-3.2953
1.6445e-06,-3.1016
1.6446e-06,-3.0867
1.6447e-06,-3.3011
1.6448e-06,-3.096
1.6449e-06,-3.3083
1.645e-06,-3.0868
1.6451e-06,-3.1183
1.6452e-06,-3.3384
1.6453e-06,-3.1276
1.6454e-06,-3.1673
1.6455e-06,-3.0762
1.6456e-06,-3.197
1.6457e-06,-3.1021
1.6458e-06,-2.8018
1.6459e-06,-2.9945
1.646e-06,-2.9519
1.6461e-06,-3.1681
1.6462e-06,-3.2689
1.6463e-06,-3.2496
1.6464e-06,-3.2799
1.6465e-06,-3.0857
1.6466e-06,-2.843
1.6467e-06,-2.9265
1.6468e-06,-3.0027
1.6469e-06,-3.0567
1.647e-06,-2.8185
1.6471e-06,-2.9887
1.6472e-06,-2.885
1.6473e-06,-2.718
1.6474e-06,-3.1459
1.6475e-06,-2.8825
1.6476e-06,-2.7699
1.6477e-06,-2.9477
1.6478e-06,-2.4808
1.6479e-06,-3.0251
1.648e-06,-3.074
1.6481e-06,-3.023
1.6482e-06,-2.9249
1.6483e-06,-3.1199
1.6484e-06,-2.6906
1.6485e-06,-2.7853
1.6486e-06,-3.0576
1.6487e-06,-2.8803
1.6488e-06,-2.9336
1.6489e-06,-2.6767
1.649e-06,-2.5994
1.6491e-06,-2.7609
1.6492e-06,-2.9382
1.6493e-06,-2.7333
1.6494e-06,-2.4417
1.6495e-06,-2.5422
1.6496e-06,-2.7569
1.6497e-06,-2.8164
1.6498e-06,-2.8534
1.6499e-06,-2.6457
1.65e-06,-2.4994
