1.35e-06,9.2544
1.3501e-06,9.3012
1.3502e-06,9.2512
1.3503e-06,9.2734
1.3504e-06,9.1999
1.3505e-06,9.1273
1.3506e-06,9.2143
1.3507e-06,9.2502
1.3508e-06,9.39
1.3509e-06,9.22
1.351e-06,9.3891
1.3511e-06,9.1427
1.3512e-06,9.1993
1.3513e-06,9.2214
1.3514e-06,9.3683
1.3515e-06,9.1848
1.3516e-06,9.2128
1.3517e-06,9.2193
1.3518e-06,9.155
1.3519e-06,9.1439
1.352e-06,9.1186
1.3521e-06,9.2519
1.3522e-06,9.1696
1.3523e-06,9.2843
1.3524e-06,9.0814
1.3525e-06,9.1775
1.3526e-06,9.0572
1.3527e-06,9.0089
1.3528e-06,9.0813
1.3529e-06,9.106
1.353e-06,9.1886
1.3531e-06,9.0792
1.3532e-06,9.0941
1.3533e-06,9.0873
1.3534e-06,9.0303
1.3535e-06,9.1398
1.3536e-06,9.2681
1.3537e-06,9.1473
1.3538e-06,9.025
1.3539e-06,9.0718
1.354e-06,9.0626
1.3541e-06,9.0698
1.3542e-06,8.9121
1.3543e-06,9.1493
1.3544e-06,9.0929
1.3545e-06,9.0284
1.3546e-06,8.9826
1.3547e-06,9.05
1.3548e-06,9.1591
1.3549e-06,8.9662
1.355e-06,8.9682
1.3551e-06,8.9469
1.3552e-06,8.9268
1.3553e-06,9.0069
1.3554e-06,9.0041
1.3555e-06,8.9385
1.3556e-06,8.947
1.3557e-06,8.9849
1.3558e-06,9.0322
1.3559e-06,8.9755
1.356e-06,8.8664
1.3561e-06,8.9713
1.3562e-06,8.9347
1.3563e-06,9.1004
1.3564e-06,8.8043
1.3565e-06,9.0953
1.3566e-06,9.0215
1.3567e-06,8.8961
1.3568e-06,9.0599
1.3569e-06,8.9016
1.357e-06,8.9975
1.3571e-06,9.0465
1.3572e-06,8.946
1.3573e-06,8.8593
1.3574e-06,8.9326
1.3575e-06,8.8919
1.3576e-06,8.717
1.3577e-06,8.8701
1.3578e-06,8.8229
1.3579e-06,8.8999
1.358e-06,8.7921
1.3581e-06,8.7944
1.3582e-06,8.9706
1.3583e-06,8.9857
1.3584e-06,8.7833
1.3585e-06,8.9181
1.3586e-06,8.7695
1.3587e-06,8.8884
1.3588e-06,8.9385
1.3589e-06,8.8583
1.359e-06,8.8337
1.3591e-06,8.7667
1.3592e-06,8.836
1.3593e-06,8.9521
1.3594e-06,8.845
1.3595e-06,8.6729
1.3596e-06,8.8771
1.3597e-06,8.8723
1.3598e-06,8.6733
1.3599e-06,8.8362
1.36e-06,8.8054
1.3601e-06,8.7976
1.3602e-06,8.7028
1.3603e-06,8.701
1.3604e-06,8.7477
1.3605e-06,8.7958
1.3606e-06,8.6291
1.3607e-06,8.6659
1.3608e-06,8.6497
1.3609e-06,8.7913
1.361e-06,8.6916
1.3611e-06,8.692
1.3612e-06,8.7382
1.3613e-06,8.6056
1.3614e-06,8.7161
1.3615e-06,8.7143
1.3616e-06,8.6728
1.3617e-06,8.6975
1.3618e-06,8.6737
1.3619e-06,8.5827
1.362e-06,8.6649
1.3621e-06,8.8041
1.3622e-06,8.6841
1.3623e-06,8.5673
1.3624e-06,8.6787
1.3625e-06,8.6762
1.3626e-06,8.6425
1.3627e-06,8.6982
1.3628e-06,8.7453
1.3629e-06,8.5988
1.363e-06,8.6428
1.3631e-06,8.6129
1.3632e-06,8.5767
1.3633e-06,8.6893
1.3634e-06,8.6096
1.3635e-06,8.7587
1.3636e-06,8.6198
1.3637e-06,8.7199
1.3638e-06,8.7017
1.3639e-06,8.6652
1.364e-06,8.5107
1.3641e-06,8.6447
1.3642e-06,8.823
1.3643e-06,8.6316
1.3644e-06,8.5687
1.3645e-06,8.533
1.3646e-06,8.484
1.3647e-06,8.4669
1.3648e-06,8.5367
1.3649e-06,8.5577
1.365e-06,8.6163
1.3651e-06,8.6
1.3652e-06,8.8071
1.3653e-06,8.5435
1.3654e-06,8.5087
1.3655e-06,8.6461
1.3656e-06,8.5222
1.3657e-06,8.5045
1.3658e-06,8.4398
1.3659e-06,8.5947
1.366e-06,8.5351
1.3661e-06,8.5893
1.3662e-06,8.5321
1.3663e-06,8.4168
1.3664e-06,8.5759
1.3665e-06,8.6508
1.3666e-06,8.4706
1.3667e-06,8.4852
1.3668e-06,8.4617
1.3669e-06,8.472
1.367e-06,8.4559
1.3671e-06,8.3896
1.3672e-06,8.661
1.3673e-06,8.4276
1.3674e-06,8.5366
1.3675e-06,8.3371
1.3676e-06,8.6162
1.3677e-06,8.4907
1.3678e-06,8.4491
1.3679e-06,8.4525
1.368e-06,8.4332
1.3681e-06,8.4544
1.3682e-06,8.4312
1.3683e-06,8.529
1.3684e-06,8.4948
1.3685e-06,8.4729
1.3686e-06,8.4649
1.3687e-06,8.3623
1.3688e-06,8.3891
1.3689e-06,8.4618
1.369e-06,8.3825
1.3691e-06,8.4685
1.3692e-06,8.3595
1.3693e-06,8.3964
1.3694e-06,8.3443
1.3695e-06,8.3775
1.3696e-06,8.4231
1.3697e-06,8.2911
1.3698e-06,8.4046
1.3699e-06,8.3137
1.37e-06,8.4129
1.3701e-06,8.3723
1.3702e-06,8.4283
1.3703e-06,8.3441
1.3704e-06,8.3079
1.3705e-06,8.4253
1.3706e-06,8.4643
1.3707e-06,8.3985
1.3708e-06,8.2773
1.3709e-06,8.2692
1.371e-06,8.2786
1.3711e-06,8.2951
1.3712e-06,8.2907
1.3713e-06,8.2559
1.3714e-06,8.1599
1.3715e-06,8.2658
1.3716e-06,8.2682
1.3717e-06,8.2875
1.3718e-06,8.2675
1.3719e-06,8.3317
1.372e-06,8.3087
1.3721e-06,8.3123
1.3722e-06,8.2413
1.3723e-06,8.3489
1.3724e-06,8.1959
1.3725e-06,8.1451
1.3726e-06,8.2956
1.3727e-06,8.1986
1.3728e-06,8.229
1.3729e-06,8.2101
1.373e-06,8.1257
1.3731e-06,8.1743
1.3732e-06,8.0487
1.3733e-06,8.1092
1.3734e-06,8.2887
1.3735e-06,8.2218
1.3736e-06,8.1656
1.3737e-06,8.1389
1.3738e-06,8.291
1.3739e-06,8.2523
1.374e-06,8.2622
1.3741e-06,8.2653
1.3742e-06,8.189
1.3743e-06,8.2408
1.3744e-06,8.2254
1.3745e-06,8.0369
1.3746e-06,8.2247
1.3747e-06,8.1539
1.3748e-06,8.0637
1.3749e-06,8.2145
1.375e-06,8.2248
1.3751e-06,8.2138
1.3752e-06,8.2014
1.3753e-06,8.1126
1.3754e-06,8.1625
1.3755e-06,8.1596
1.3756e-06,8.0446
1.3757e-06,8.1981
1.3758e-06,8.1418
1.3759e-06,8.1196
1.376e-06,8.0716
1.3761e-06,8.0602
1.3762e-06,8.167
1.3763e-06,8.2124
1.3764e-06,8.1562
1.3765e-06,8.1329
1.3766e-06,8.1495
1.3767e-06,8.0926
1.3768e-06,8.0643
1.3769e-06,8.0851
1.377e-06,8.0821
1.3771e-06,8.0132
1.3772e-06,8.053
1.3773e-06,8.0698
1.3774e-06,8.1057
1.3775e-06,8.0512
1.3776e-06,7.9554
1.3777e-06,8.0181
1.3778e-06,8.0119
1.3779e-06,8.0251
1.378e-06,8.0284
1.3781e-06,7.9588
1.3782e-06,7.908
1.3783e-06,8.0314
1.3784e-06,7.8997
1.3785e-06,8.0471
1.3786e-06,8.0817
1.3787e-06,7.9925
1.3788e-06,7.9512
1.3789e-06,7.9899
1.379e-06,7.8709
1.3791e-06,7.8199
1.3792e-06,7.8985
1.3793e-06,7.9623
1.3794e-06,7.9522
1.3795e-06,7.9843
1.3796e-06,7.9453
1.3797e-06,7.9809
1.3798e-06,7.9449
1.3799e-06,7.8117
1.38e-06,7.8955
1.3801e-06,8.0045
1.3802e-06,7.8847
1.3803e-06,7.9188
1.3804e-06,7.8237
1.3805e-06,7.7591
1.3806e-06,7.9373
1.3807e-06,7.9557
1.3808e-06,7.9683
1.3809e-06,7.7579
1.381e-06,7.9151
1.3811e-06,7.7484
1.3812e-06,7.8351
1.3813e-06,7.9453
1.3814e-06,7.8753
1.3815e-06,7.9698
1.3816e-06,7.8688
1.3817e-06,7.7729
1.3818e-06,7.9196
1.3819e-06,7.8723
1.382e-06,7.7734
1.3821e-06,7.858
1.3822e-06,7.7516
1.3823e-06,7.7082
1.3824e-06,7.7779
1.3825e-06,7.8561
1.3826e-06,7.8782
1.3827e-06,7.86
1.3828e-06,7.7213
1.3829e-06,7.7058
1.383e-06,7.8779
1.3831e-06,7.6722
1.3832e-06,7.7025
1.3833e-06,7.7322
1.3834e-06,7.7381
1.3835e-06,7.7069
1.3836e-06,7.6857
1.3837e-06,7.8507
1.3838e-06,7.9121
1.3839e-06,7.8318
1.384e-06,7.7443
1.3841e-06,7.5875
1.3842e-06,7.701
1.3843e-06,7.742
1.3844e-06,7.6768
1.3845e-06,7.764
1.3846e-06,7.6991
1.3847e-06,7.6264
1.3848e-06,7.6371
1.3849e-06,7.6653
1.385e-06,7.6588
1.3851e-06,7.7231
1.3852e-06,7.7145
1.3853e-06,7.762
1.3854e-06,7.667
1.3855e-06,7.724
1.3856e-06,7.7599
1.3857e-06,7.6253
1.3858e-06,7.5215
1.3859e-06,7.6441
1.386e-06,7.5734
1.3861e-06,7.5288
1.3862e-06,7.6126
1.3863e-06,7.5964
1.3864e-06,7.6171
1.3865e-06,7.5308
1.3866e-06,7.5353
1.3867e-06,7.6664
1.3868e-06,7.5423
1.3869e-06,7.6429
1.387e-06,7.5497
1.3871e-06,7.4583
1.3872e-06,7.5398
1.3873e-06,7.7621
1.3874e-06,7.4748
1.3875e-06,7.5434
1.3876e-06,7.6377
1.3877e-06,7.5056
1.3878e-06,7.4754
1.3879e-06,7.554
1.388e-06,7.6253
1.3881e-06,7.5171
1.3882e-06,7.4328
1.3883e-06,7.5771
1.3884e-06,7.4914
1.3885e-06,7.5819
1.3886e-06,7.5465
1.3887e-06,7.4985
1.3888e-06,7.7151
1.3889e-06,7.3799
1.389e-06,7.3391
1.3891e-06,7.464
1.3892e-06,7.6995
1.3893e-06,7.4942
1.3894e-06,7.4843
1.3895e-06,7.4738
1.3896e-06,7.4924
1.3897e-06,7.5118
1.3898e-06,7.4099
1.3899e-06,7.4385
1.39e-06,7.4712
1.3901e-06,7.3481
1.3902e-06,7.467
1.3903e-06,7.4053
1.3904e-06,7.4064
1.3905e-06,7.4776
1.3906e-06,7.3125
1.3907e-06,7.327
1.3908e-06,7.5468
1.3909e-06,7.3345
1.391e-06,7.2968
1.3911e-06,7.4107
1.3912e-06,7.2937
1.3913e-06,7.3894
1.3914e-06,7.3072
1.3915e-06,7.2675
1.3916e-06,7.5092
1.3917e-06,7.3211
1.3918e-06,7.3868
1.3919e-06,7.2806
1.392e-06,7.334
1.3921e-06,7.2436
1.3922e-06,7.3321
1.3923e-06,7.1496
1.3924e-06,7.2791
1.3925e-06,7.3727
1.3926e-06,7.3168
1.3927e-06,7.2742
1.3928e-06,7.4613
1.3929e-06,7.2259
1.393e-06,7.1705
1.3931e-06,7.2891
1.3932e-06,7.3546
1.3933e-06,7.4762
1.3934e-06,7.3984
1.3935e-06,7.3078
1.3936e-06,7.2038
1.3937e-06,7.2119
1.3938e-06,7.2249
1.3939e-06,7.2918
1.394e-06,7.2499
1.3941e-06,7.3377
1.3942e-06,7.2782
1.3943e-06,7.2058
1.3944e-06,7.1639
1.3945e-06,7.2561
1.3946e-06,7.2462
1.3947e-06,7.2567
1.3948e-06,7.2699
1.3949e-06,7.178
1.395e-06,7.1818
1.3951e-06,7.2173
1.3952e-06,7.2201
1.3953e-06,7.1402
1.3954e-06,7.1296
1.3955e-06,7.0875
1.3956e-06,7.2978
1.3957e-06,7.1908
1.3958e-06,7.1882
1.3959e-06,7.1611
1.396e-06,7.0643
1.3961e-06,7.2212
1.3962e-06,7.1745
1.3963e-06,7.0718
1.3964e-06,6.9798
1.3965e-06,6.9946
1.3966e-06,6.9808
1.3967e-06,7.0131
1.3968e-06,7.0742
1.3969e-06,7.0385
1.397e-06,7.0226
1.3971e-06,7.0317
1.3972e-06,7.0755
1.3973e-06,7.054
1.3974e-06,6.904
1.3975e-06,6.9565
1.3976e-06,7.0003
1.3977e-06,6.9708
1.3978e-06,6.9757
1.3979e-06,6.8235
1.398e-06,7.1319
1.3981e-06,7.0132
1.3982e-06,7.053
1.3983e-06,7.0727
1.3984e-06,7.1694
1.3985e-06,6.9099
1.3986e-06,6.8945
1.3987e-06,6.9137
1.3988e-06,6.9955
1.3989e-06,6.8626
1.399e-06,6.9503
1.3991e-06,6.8468
1.3992e-06,6.8424
1.3993e-06,7.0123
1.3994e-06,7.0234
1.3995e-06,7.0969
1.3996e-06,6.8434
1.3997e-06,7.0881
1.3998e-06,6.9521
1.3999e-06,6.9269
1.4e-06,6.901
1.4001e-06,6.9723
1.4002e-06,6.8669
1.4003e-06,6.8343
1.4004e-06,6.9089
1.4005e-06,6.8771
1.4006e-06,6.9321
1.4007e-06,6.8884
1.4008e-06,6.8941
1.4009e-06,7.0042
1.401e-06,6.9044
1.4011e-06,6.7962
1.4012e-06,6.8882
1.4013e-06,6.8674
1.4014e-06,6.874
1.4015e-06,6.8529
1.4016e-06,6.962
1.4017e-06,6.6903
1.4018e-06,6.7969
1.4019e-06,6.9151
1.402e-06,6.7837
1.4021e-06,6.8006
1.4022e-06,6.776
1.4023e-06,6.8999
1.4024e-06,6.7946
1.4025e-06,6.791
1.4026e-06,6.6347
1.4027e-06,6.7169
1.4028e-06,6.7035
1.4029e-06,6.9062
1.403e-06,6.6791
1.4031e-06,6.5921
1.4032e-06,6.7687
1.4033e-06,6.7597
1.4034e-06,6.7285
1.4035e-06,6.6477
1.4036e-06,6.6981
1.4037e-06,6.6403
1.4038e-06,6.7503
1.4039e-06,6.7781
1.404e-06,6.8157
1.4041e-06,6.7989
1.4042e-06,6.5612
1.4043e-06,6.6552
1.4044e-06,6.7881
1.4045e-06,6.6185
1.4046e-06,6.5506
1.4047e-06,6.6899
1.4048e-06,6.6203
1.4049e-06,6.5932
1.405e-06,6.5344
1.4051e-06,6.6735
1.4052e-06,6.6046
1.4053e-06,6.6705
1.4054e-06,6.7478
1.4055e-06,6.4945
1.4056e-06,6.5337
1.4057e-06,6.3663
1.4058e-06,6.6569
1.4059e-06,6.5186
1.406e-06,6.462
1.4061e-06,6.5853
1.4062e-06,6.5311
1.4063e-06,6.5439
1.4064e-06,6.4667
1.4065e-06,6.512
1.4066e-06,6.5348
1.4067e-06,6.549
1.4068e-06,6.6279
1.4069e-06,6.4436
1.407e-06,6.4897
1.4071e-06,6.5305
1.4072e-06,6.5
1.4073e-06,6.4739
1.4074e-06,6.4962
1.4075e-06,6.4818
1.4076e-06,6.3852
1.4077e-06,6.4022
1.4078e-06,6.3817
1.4079e-06,6.4719
1.408e-06,6.4678
1.4081e-06,6.3094
1.4082e-06,6.3414
1.4083e-06,6.2904
1.4084e-06,6.3606
1.4085e-06,6.4627
1.4086e-06,6.5813
1.4087e-06,6.3599
1.4088e-06,6.549
1.4089e-06,6.3935
1.409e-06,6.3219
1.4091e-06,6.2793
1.4092e-06,6.4829
1.4093e-06,6.3277
1.4094e-06,6.3425
1.4095e-06,6.3894
1.4096e-06,6.3834
1.4097e-06,6.4685
1.4098e-06,6.2387
1.4099e-06,6.3227
1.41e-06,6.2992
1.4101e-06,6.3107
1.4102e-06,6.4499
1.4103e-06,6.2851
1.4104e-06,6.33
1.4105e-06,6.3406
1.4106e-06,6.3408
1.4107e-06,6.3375
1.4108e-06,6.3065
1.4109e-06,6.3448
1.411e-06,6.2811
1.4111e-06,6.1208
1.4112e-06,6.2809
1.4113e-06,6.2847
1.4114e-06,6.4009
1.4115e-06,6.2104
1.4116e-06,6.1653
1.4117e-06,6.1463
1.4118e-06,6.3177
1.4119e-06,6.3711
1.412e-06,6.1598
1.4121e-06,6.1821
1.4122e-06,6.0195
1.4123e-06,6.184
1.4124e-06,6.2686
1.4125e-06,6.0464
1.4126e-06,6.0932
1.4127e-06,6.0491
1.4128e-06,6.2932
1.4129e-06,6.0681
1.413e-06,5.9748
1.4131e-06,6.1925
1.4132e-06,6.1087
1.4133e-06,6.1855
1.4134e-06,6.0133
1.4135e-06,5.9385
1.4136e-06,6.3004
1.4137e-06,6.0974
1.4138e-06,5.9935
1.4139e-06,6.0759
1.414e-06,6.079
1.4141e-06,6.1252
1.4142e-06,5.9661
1.4143e-06,6.0839
1.4144e-06,6.1015
1.4145e-06,6.1888
1.4146e-06,6.1584
1.4147e-06,6.0674
1.4148e-06,5.9565
1.4149e-06,6.1049
1.415e-06,5.8935
1.4151e-06,5.989
1.4152e-06,6.0287
1.4153e-06,5.9877
1.4154e-06,5.8494
1.4155e-06,5.9321
1.4156e-06,5.9542
1.4157e-06,5.9826
1.4158e-06,6.0333
1.4159e-06,5.9445
1.416e-06,5.9424
1.4161e-06,5.9113
1.4162e-06,5.8822
1.4163e-06,6.0111
1.4164e-06,5.811
1.4165e-06,5.9743
1.4166e-06,5.8188
1.4167e-06,6.0589
1.4168e-06,5.6717
1.4169e-06,6.0136
1.417e-06,5.8393
1.4171e-06,5.9248
1.4172e-06,5.9471
1.4173e-06,5.9816
1.4174e-06,5.873
1.4175e-06,5.9451
1.4176e-06,6.0013
1.4177e-06,5.9096
1.4178e-06,5.8764
1.4179e-06,5.7762
1.418e-06,5.7958
1.4181e-06,5.9353
1.4182e-06,5.9445
1.4183e-06,5.7643
1.4184e-06,5.8399
1.4185e-06,5.7565
1.4186e-06,5.7935
1.4187e-06,5.5572
1.4188e-06,5.7696
1.4189e-06,5.758
1.419e-06,5.8158
1.4191e-06,5.6478
1.4192e-06,5.5723
1.4193e-06,5.6931
1.4194e-06,5.7795
1.4195e-06,5.7051
1.4196e-06,5.7513
1.4197e-06,5.6358
1.4198e-06,5.79
1.4199e-06,5.7425
1.42e-06,5.7031
1.4201e-06,5.5972
1.4202e-06,5.7614
1.4203e-06,5.5778
1.4204e-06,5.5395
1.4205e-06,5.5095
1.4206e-06,5.6281
1.4207e-06,5.53
1.4208e-06,5.6124
1.4209e-06,5.5031
1.421e-06,5.7206
1.4211e-06,5.7026
1.4212e-06,5.6313
1.4213e-06,5.5799
1.4214e-06,5.5535
1.4215e-06,5.5639
1.4216e-06,5.6657
1.4217e-06,5.7154
1.4218e-06,5.6208
1.4219e-06,5.5147
1.422e-06,5.5678
1.4221e-06,5.4924
1.4222e-06,5.4849
1.4223e-06,5.5961
1.4224e-06,5.5201
1.4225e-06,5.5151
1.4226e-06,5.4532
1.4227e-06,5.4308
1.4228e-06,5.5775
1.4229e-06,5.3952
1.423e-06,5.3684
1.4231e-06,5.3556
1.4232e-06,5.4078
1.4233e-06,5.3499
1.4234e-06,5.3565
1.4235e-06,5.4119
1.4236e-06,5.4806
1.4237e-06,5.51
1.4238e-06,5.4988
1.4239e-06,5.5701
1.424e-06,5.5253
1.4241e-06,5.38
1.4242e-06,5.2801
1.4243e-06,5.4128
1.4244e-06,5.2867
1.4245e-06,5.3864
1.4246e-06,5.5502
1.4247e-06,5.3671
1.4248e-06,5.3582
1.4249e-06,5.3487
1.425e-06,5.3604
1.4251e-06,5.4662
1.4252e-06,5.2886
1.4253e-06,5.3056
1.4254e-06,5.4378
1.4255e-06,5.3069
1.4256e-06,5.2624
1.4257e-06,5.2413
1.4258e-06,5.3549
1.4259e-06,5.3645
1.426e-06,5.3218
1.4261e-06,5.1533
1.4262e-06,5.2037
1.4263e-06,5.3466
1.4264e-06,5.1116
1.4265e-06,5.2068
1.4266e-06,5
1.4267e-06,5.281
1.4268e-06,5.193
1.4269e-06,5.2683
1.427e-06,5.2885
1.4271e-06,5.1104
1.4272e-06,5.1041
1.4273e-06,5.1865
1.4274e-06,5.2224
1.4275e-06,5.175
1.4276e-06,5.2381
1.4277e-06,5.1659
1.4278e-06,5.1464
1.4279e-06,5.0392
1.428e-06,4.9848
1.4281e-06,5.087
1.4282e-06,5.0399
1.4283e-06,4.9924
1.4284e-06,5.0933
1.4285e-06,5.0731
1.4286e-06,5.1334
1.4287e-06,5.0998
1.4288e-06,5.0212
1.4289e-06,5.109
1.429e-06,5.2149
1.4291e-06,4.9831
1.4292e-06,5.0727
1.4293e-06,5.0243
1.4294e-06,4.9231
1.4295e-06,5.056
1.4296e-06,4.9345
1.4297e-06,5.0295
1.4298e-06,5.0868
1.4299e-06,4.9371
1.43e-06,5.037
1.4301e-06,5.0988
1.4302e-06,4.9704
1.4303e-06,5.0793
1.4304e-06,5.0874
1.4305e-06,4.8778
1.4306e-06,4.9329
1.4307e-06,4.8035
1.4308e-06,5.1025
1.4309e-06,4.8623
1.431e-06,4.8765
1.4311e-06,5.0059
1.4312e-06,4.7579
1.4313e-06,4.8658
1.4314e-06,5.0227
1.4315e-06,4.9762
1.4316e-06,4.877
1.4317e-06,4.9962
1.4318e-06,5.014
1.4319e-06,4.8777
1.432e-06,4.8307
1.4321e-06,4.7038
1.4322e-06,4.7281
1.4323e-06,4.752
1.4324e-06,4.769
1.4325e-06,4.7955
1.4326e-06,4.6867
1.4327e-06,4.804
1.4328e-06,4.96
1.4329e-06,4.7531
1.433e-06,4.6314
1.4331e-06,4.7722
1.4332e-06,4.7823
1.4333e-06,4.7186
1.4334e-06,4.5791
1.4335e-06,4.7234
1.4336e-06,4.6909
1.4337e-06,4.713
1.4338e-06,4.6681
1.4339e-06,4.7722
1.434e-06,4.7332
1.4341e-06,4.6602
1.4342e-06,4.7051
1.4343e-06,4.731
1.4344e-06,4.7024
1.4345e-06,4.7399
1.4346e-06,4.5459
1.4347e-06,4.6394
1.4348e-06,4.7043
1.4349e-06,4.7025
1.435e-06,4.5935
1.4351e-06,4.4923
1.4352e-06,4.6389
1.4353e-06,4.5295
1.4354e-06,4.5228
1.4355e-06,4.5167
1.4356e-06,4.4899
1.4357e-06,4.5982
1.4358e-06,4.4841
1.4359e-06,4.5739
1.436e-06,4.5967
1.4361e-06,4.3728
1.4362e-06,4.6512
1.4363e-06,4.4165
1.4364e-06,4.4853
1.4365e-06,4.4286
1.4366e-06,4.4816
1.4367e-06,4.4607
1.4368e-06,4.3359
1.4369e-06,4.5382
1.437e-06,4.4886
1.4371e-06,4.4871
1.4372e-06,4.3993
1.4373e-06,4.3404
1.4374e-06,4.3951
1.4375e-06,4.3964
1.4376e-06,4.4584
1.4377e-06,4.3625
1.4378e-06,4.3317
1.4379e-06,4.3431
1.438e-06,4.4625
1.4381e-06,4.4789
1.4382e-06,4.5409
1.4383e-06,4.3574
1.4384e-06,4.2826
1.4385e-06,4.3602
1.4386e-06,4.2744
1.4387e-06,4.2834
1.4388e-06,4.3174
1.4389e-06,4.149
1.439e-06,4.3428
1.4391e-06,4.2475
1.4392e-06,4.2686
1.4393e-06,4.3294
1.4394e-06,4.1822
1.4395e-06,4.4314
1.4396e-06,4.1589
1.4397e-06,4.2533
1.4398e-06,4.3084
1.4399e-06,4.2926
1.44e-06,4.3148
1.4401e-06,4.3474
1.4402e-06,4.2279
1.4403e-06,4.1062
1.4404e-06,4.2222
1.4405e-06,4.1765
1.4406e-06,4.0912
1.4407e-06,4.2052
1.4408e-06,4.2371
1.4409e-06,4.1531
1.441e-06,4.2391
1.4411e-06,4.2687
1.4412e-06,4.0193
1.4413e-06,4.1267
1.4414e-06,4.2205
1.4415e-06,4.0808
1.4416e-06,4.1284
1.4417e-06,4.0832
1.4418e-06,4.1272
1.4419e-06,3.9404
1.442e-06,4.1446
1.4421e-06,3.9957
1.4422e-06,4.0297
1.4423e-06,4.011
1.4424e-06,4.1229
1.4425e-06,4.0452
1.4426e-06,3.9331
1.4427e-06,4.0466
1.4428e-06,4.0541
1.4429e-06,4.1899
1.443e-06,4.0385
1.4431e-06,3.9446
1.4432e-06,3.8616
1.4433e-06,3.8958
1.4434e-06,3.985
1.4435e-06,3.9227
1.4436e-06,3.775
1.4437e-06,3.9843
1.4438e-06,3.9165
1.4439e-06,3.9008
1.444e-06,3.8771
1.4441e-06,3.9951
1.4442e-06,3.9157
1.4443e-06,3.8914
1.4444e-06,3.8677
1.4445e-06,3.8531
1.4446e-06,3.8491
1.4447e-06,3.8062
1.4448e-06,3.9503
1.4449e-06,4.0764
1.445e-06,3.9144
1.4451e-06,3.9467
1.4452e-06,3.6937
1.4453e-06,3.7724
1.4454e-06,3.7998
1.4455e-06,3.7602
1.4456e-06,3.8002
1.4457e-06,3.732
1.4458e-06,3.5788
1.4459e-06,3.8946
1.446e-06,3.7017
1.4461e-06,3.6636
1.4462e-06,3.6469
1.4463e-06,3.6981
1.4464e-06,3.7622
1.4465e-06,3.75
1.4466e-06,3.736
1.4467e-06,3.8415
1.4468e-06,3.6819
1.4469e-06,3.6112
1.447e-06,3.6537
1.4471e-06,3.7333
1.4472e-06,3.6934
1.4473e-06,3.5874
1.4474e-06,3.4706
1.4475e-06,3.6914
1.4476e-06,3.4217
1.4477e-06,3.449
1.4478e-06,3.5315
1.4479e-06,3.6251
1.448e-06,3.5838
1.4481e-06,3.5747
1.4482e-06,3.6539
1.4483e-06,3.4539
1.4484e-06,3.5583
1.4485e-06,3.6022
1.4486e-06,3.5226
1.4487e-06,3.4095
1.4488e-06,3.5216
1.4489e-06,3.4098
1.449e-06,3.5143
1.4491e-06,3.3423
1.4492e-06,3.4216
1.4493e-06,3.5115
1.4494e-06,3.3978
1.4495e-06,3.4108
1.4496e-06,3.3961
1.4497e-06,3.3255
1.4498e-06,3.4507
1.4499e-06,3.3542
1.45e-06,3.3697
1.4501e-06,3.3513
1.4502e-06,3.3292
1.4503e-06,3.1855
1.4504e-06,3.3339
1.4505e-06,3.5043
1.4506e-06,3.2113
1.4507e-06,3.3283
1.4508e-06,3.4334
1.4509e-06,3.2579
1.451e-06,3.3579
1.4511e-06,3.3184
1.4512e-06,3.1409
1.4513e-06,3.3448
1.4514e-06,3.25
1.4515e-06,3.1483
1.4516e-06,3.2182
1.4517e-06,3.2188
1.4518e-06,3.3417
1.4519e-06,3.2512
1.452e-06,3.0234
1.4521e-06,3.304
1.4522e-06,3.2296
1.4523e-06,3.1367
1.4524e-06,3.3294
1.4525e-06,3.1789
1.4526e-06,3.1177
1.4527e-06,3.2579
1.4528e-06,3.2281
1.4529e-06,3.1561
1.453e-06,3.3156
1.4531e-06,3.1189
1.4532e-06,3.1864
1.4533e-06,3.1829
1.4534e-06,3.1607
1.4535e-06,3.0435
1.4536e-06,3.0567
1.4537e-06,2.9377
1.4538e-06,3.173
1.4539e-06,3.0234
1.454e-06,3.0097
1.4541e-06,3.0814
1.4542e-06,3.0179
1.4543e-06,3.0025
1.4544e-06,2.9182
1.4545e-06,3.0597
1.4546e-06,3.0166
1.4547e-06,3.1559
1.4548e-06,2.9923
1.4549e-06,3.068
1.455e-06,2.9049
1.4551e-06,2.9571
1.4552e-06,2.8852
1.4553e-06,2.8941
1.4554e-06,2.9644
1.4555e-06,2.9433
1.4556e-06,3.0491
1.4557e-06,2.8786
1.4558e-06,2.8974
1.4559e-06,2.8272
1.456e-06,2.8573
1.4561e-06,2.8845
1.4562e-06,2.8277
1.4563e-06,2.7801
1.4564e-06,2.8632
1.4565e-06,2.8316
1.4566e-06,2.7622
1.4567e-06,2.7388
1.4568e-06,2.7294
1.4569e-06,2.7841
1.457e-06,2.7479
1.4571e-06,2.7793
1.4572e-06,2.7464
1.4573e-06,2.5869
1.4574e-06,2.5595
1.4575e-06,2.7295
1.4576e-06,2.6003
1.4577e-06,2.8162
1.4578e-06,2.9862
1.4579e-06,2.7543
1.458e-06,2.571
1.4581e-06,2.722
1.4582e-06,2.5738
1.4583e-06,2.5965
1.4584e-06,2.6509
1.4585e-06,2.5576
1.4586e-06,2.6121
1.4587e-06,2.8717
1.4588e-06,2.6196
1.4589e-06,2.4197
1.459e-06,2.3667
1.4591e-06,2.5496
1.4592e-06,2.6184
1.4593e-06,2.6118
1.4594e-06,2.5415
1.4595e-06,2.6443
1.4596e-06,2.7239
1.4597e-06,2.5305
1.4598e-06,2.5291
1.4599e-06,2.5865
1.46e-06,2.4924
1.4601e-06,2.5296
1.4602e-06,2.5461
1.4603e-06,2.5899
1.4604e-06,2.4916
1.4605e-06,2.4384
1.4606e-06,2.5136
1.4607e-06,2.4169
1.4608e-06,2.4159
1.4609e-06,2.4175
1.461e-06,2.3292
1.4611e-06,2.4055
1.4612e-06,2.5419
1.4613e-06,2.2792
1.4614e-06,2.269
1.4615e-06,2.4353
1.4616e-06,2.4828
1.4617e-06,2.2366
1.4618e-06,2.383
1.4619e-06,2.269
1.462e-06,2.3488
1.4621e-06,2.2685
1.4622e-06,2.4737
1.4623e-06,2.4211
1.4624e-06,2.4629
1.4625e-06,2.5219
1.4626e-06,2.3058
1.4627e-06,2.2118
1.4628e-06,2.3978
1.4629e-06,2.2519
1.463e-06,2.1929
1.4631e-06,2.2699
1.4632e-06,2.2113
1.4633e-06,2.2411
1.4634e-06,2.1636
1.4635e-06,1.9286
1.4636e-06,2.1557
1.4637e-06,2.0208
1.4638e-06,2.1676
1.4639e-06,2.1641
1.464e-06,2.1253
1.4641e-06,1.9846
1.4642e-06,2.1017
1.4643e-06,2.0324
1.4644e-06,2.0654
1.4645e-06,2.0283
1.4646e-06,2.0121
1.4647e-06,2.1667
1.4648e-06,2.0036
1.4649e-06,1.8698
1.465e-06,1.992
1.4651e-06,1.9374
1.4652e-06,2.0271
1.4653e-06,1.8924
1.4654e-06,2.0504
1.4655e-06,1.944
1.4656e-06,1.8631
1.4657e-06,1.9994
1.4658e-06,1.8223
1.4659e-06,1.8984
1.466e-06,1.8944
1.4661e-06,1.8901
1.4662e-06,1.8923
1.4663e-06,1.8023
1.4664e-06,1.92
1.4665e-06,1.8113
1.4666e-06,1.6866
1.4667e-06,1.6343
1.4668e-06,1.9103
1.4669e-06,1.8403
1.467e-06,1.7233
1.4671e-06,1.9996
1.4672e-06,1.781
1.4673e-06,1.782
1.4674e-06,1.8521
1.4675e-06,1.7616
1.4676e-06,1.7892
1.4677e-06,1.7373
1.4678e-06,1.8581
1.4679e-06,1.6477
1.468e-06,1.7844
1.4681e-06,1.7707
1.4682e-06,1.8583
1.4683e-06,1.6761
1.4684e-06,1.7566
1.4685e-06,1.6724
1.4686e-06,1.616
1.4687e-06,1.4598
1.4688e-06,1.6431
1.4689e-06,1.63
1.469e-06,1.6079
1.4691e-06,1.5869
1.4692e-06,1.6944
1.4693e-06,1.7709
1.4694e-06,1.4601
1.4695e-06,1.513
1.4696e-06,1.4035
1.4697e-06,1.4913
1.4698e-06,1.52
1.4699e-06,1.5797
1.47e-06,1.4408
1.4701e-06,1.4781
1.4702e-06,1.4197
1.4703e-06,1.3816
1.4704e-06,1.361
1.4705e-06,1.3461
1.4706e-06,1.3849
1.4707e-06,1.4015
1.4708e-06,1.3916
1.4709e-06,1.4222
1.471e-06,1.4492
1.4711e-06,1.3532
1.4712e-06,1.5038
1.4713e-06,1.3099
1.4714e-06,1.2559
1.4715e-06,1.4902
1.4716e-06,1.3236
1.4717e-06,1.2862
1.4718e-06,1.2828
1.4719e-06,1.1648
1.472e-06,1.3828
1.4721e-06,1.2325
1.4722e-06,1.1729
1.4723e-06,1.1756
1.4724e-06,1.1291
1.4725e-06,1.3343
1.4726e-06,1.292
1.4727e-06,1.4287
1.4728e-06,1.2327
1.4729e-06,1.0294
1.473e-06,1.155
1.4731e-06,1.1649
1.4732e-06,1.1782
1.4733e-06,1.0573
1.4734e-06,1.2099
1.4735e-06,1.1307
1.4736e-06,1.1417
1.4737e-06,1.1885
1.4738e-06,1.0927
1.4739e-06,1.2659
1.474e-06,1.1131
1.4741e-06,1.0719
1.4742e-06,0.96912
1.4743e-06,0.93034
1.4744e-06,0.99529
1.4745e-06,0.86667
1.4746e-06,0.90502
1.4747e-06,0.87479
1.4748e-06,1.0688
1.4749e-06,0.98527
1.475e-06,0.91508
1.4751e-06,0.99989
1.4752e-06,0.79857
1.4753e-06,0.87404
1.4754e-06,0.90571
1.4755e-06,0.69229
1.4756e-06,0.90035
1.4757e-06,0.91451
1.4758e-06,0.83986
1.4759e-06,0.94296
1.476e-06,0.87253
1.4761e-06,0.6894
1.4762e-06,0.86622
1.4763e-06,0.67647
1.4764e-06,0.77032
1.4765e-06,0.69835
1.4766e-06,0.86282
1.4767e-06,0.7075
1.4768e-06,0.66312
1.4769e-06,0.69585
1.477e-06,0.79878
1.4771e-06,0.60727
1.4772e-06,0.7594
1.4773e-06,0.76398
1.4774e-06,0.73481
1.4775e-06,0.62117
1.4776e-06,0.71514
1.4777e-06,0.79824
1.4778e-06,0.71843
1.4779e-06,0.57287
1.478e-06,0.85593
1.4781e-06,0.47288
1.4782e-06,0.58345
1.4783e-06,0.68441
1.4784e-06,0.63788
1.4785e-06,0.56178
1.4786e-06,0.59848
1.4787e-06,0.54766
1.4788e-06,0.57904
1.4789e-06,0.37641
1.479e-06,0.20228
1.4791e-06,0.46899
1.4792e-06,0.39221
1.4793e-06,0.41295
1.4794e-06,0.3424
1.4795e-06,0.38948
1.4796e-06,0.35749
1.4797e-06,0.39381
1.4798e-06,0.47529
1.4799e-06,0.40302
1.48e-06,0.38552
1.4801e-06,0.44571
1.4802e-06,0.44405
1.4803e-06,0.18997
1.4804e-06,0.25352
1.4805e-06,0.40814
1.4806e-06,0.30086
1.4807e-06,0.35679
1.4808e-06,0.40044
1.4809e-06,0.32256
1.481e-06,0.21702
1.4811e-06,0.23492
1.4812e-06,-0.018002
1.4813e-06,0.20054
1.4814e-06,0.29643
1.4815e-06,0.40701
1.4816e-06,0.18169
1.4817e-06,0.16413
1.4818e-06,0.20508
1.4819e-06,0.30624
1.482e-06,0.16019
1.4821e-06,0.13105
1.4822e-06,0.081187
1.4823e-06,0.17667
1.4824e-06,0.16442
1.4825e-06,0.16347
1.4826e-06,0.21184
1.4827e-06,0.22063
1.4828e-06,0.09682
1.4829e-06,0.19849
1.483e-06,-0.057615
1.4831e-06,-0.073392
1.4832e-06,-0.090651
1.4833e-06,-0.1456
1.4834e-06,0.041689
1.4835e-06,-0.021619
1.4836e-06,0.03242
1.4837e-06,0.033667
1.4838e-06,0.019875
1.4839e-06,-0.03199
1.484e-06,-0.12968
1.4841e-06,-0.37093
1.4842e-06,-0.11407
1.4843e-06,-0.15335
1.4844e-06,-0.20179
1.4845e-06,-0.093913
1.4846e-06,-0.23114
1.4847e-06,-0.21366
1.4848e-06,-0.25567
1.4849e-06,-0.39387
1.485e-06,-0.39396
1.4851e-06,-0.26109
1.4852e-06,-0.27152
1.4853e-06,-0.17774
1.4854e-06,-0.20389
1.4855e-06,-0.20819
1.4856e-06,-0.48383
1.4857e-06,-0.20723
1.4858e-06,-0.38262
1.4859e-06,-0.4293
1.486e-06,-0.32807
1.4861e-06,-0.31403
1.4862e-06,-0.49133
1.4863e-06,-0.48754
1.4864e-06,-0.63266
1.4865e-06,-0.41097
1.4866e-06,-0.40006
1.4867e-06,-0.53949
1.4868e-06,-0.44082
1.4869e-06,-0.58007
1.487e-06,-0.54873
1.4871e-06,-0.65182
1.4872e-06,-0.45009
1.4873e-06,-0.70067
1.4874e-06,-0.59479
1.4875e-06,-0.60193
1.4876e-06,-0.66234
1.4877e-06,-0.67446
1.4878e-06,-0.76026
1.4879e-06,-0.59751
1.488e-06,-0.74323
1.4881e-06,-0.69259
1.4882e-06,-0.4879
1.4883e-06,-0.60453
1.4884e-06,-0.7965
1.4885e-06,-0.72777
1.4886e-06,-0.71586
1.4887e-06,-0.69814
1.4888e-06,-0.61123
1.4889e-06,-0.61584
1.489e-06,-0.81065
1.4891e-06,-1.0047
1.4892e-06,-0.83892
1.4893e-06,-0.95045
1.4894e-06,-0.98034
1.4895e-06,-0.97576
1.4896e-06,-0.82541
1.4897e-06,-0.79337
1.4898e-06,-1.0311
1.4899e-06,-0.98387
1.49e-06,-0.93117
1.4901e-06,-0.80805
1.4902e-06,-0.95798
1.4903e-06,-0.93608
1.4904e-06,-0.86407
1.4905e-06,-0.86314
1.4906e-06,-0.98279
1.4907e-06,-1.2356
1.4908e-06,-1.0227
1.4909e-06,-1.0843
1.491e-06,-1.1744
1.4911e-06,-0.98607
1.4912e-06,-0.98304
1.4913e-06,-1.071
1.4914e-06,-1.2193
1.4915e-06,-1.1366
1.4916e-06,-1.1453
1.4917e-06,-1.1308
1.4918e-06,-1.2074
1.4919e-06,-1.2276
1.492e-06,-1.1829
1.4921e-06,-1.1461
1.4922e-06,-1.2471
1.4923e-06,-1.2902
1.4924e-06,-1.2257
1.4925e-06,-1.1912
1.4926e-06,-1.359
1.4927e-06,-1.4304
1.4928e-06,-1.2745
1.4929e-06,-1.2356
1.493e-06,-1.3359
1.4931e-06,-1.4401
1.4932e-06,-1.3548
1.4933e-06,-1.2874
1.4934e-06,-1.4571
1.4935e-06,-1.407
1.4936e-06,-1.4212
1.4937e-06,-1.519
1.4938e-06,-1.6053
1.4939e-06,-1.503
1.494e-06,-1.4864
1.4941e-06,-1.3371
1.4942e-06,-1.5093
1.4943e-06,-1.6879
1.4944e-06,-1.6148
1.4945e-06,-1.4198
1.4946e-06,-1.4237
1.4947e-06,-1.4359
1.4948e-06,-1.5784
1.4949e-06,-1.6183
1.495e-06,-1.6507
1.4951e-06,-1.6797
1.4952e-06,-1.6787
1.4953e-06,-1.6969
1.4954e-06,-1.8621
1.4955e-06,-1.5899
1.4956e-06,-1.6344
1.4957e-06,-1.6906
1.4958e-06,-1.5884
1.4959e-06,-1.7601
1.496e-06,-1.7414
1.4961e-06,-1.7157
1.4962e-06,-1.932
1.4963e-06,-1.8421
1.4964e-06,-1.7489
1.4965e-06,-2.032
1.4966e-06,-1.8294
1.4967e-06,-1.9273
1.4968e-06,-1.8409
1.4969e-06,-1.7605
1.497e-06,-2.0267
1.4971e-06,-1.7806
1.4972e-06,-1.8848
1.4973e-06,-2.1346
1.4974e-06,-1.9648
1.4975e-06,-1.957
1.4976e-06,-2.0155
1.4977e-06,-2.0882
1.4978e-06,-1.9048
1.4979e-06,-2.2045
1.498e-06,-2.2231
1.4981e-06,-1.9574
1.4982e-06,-1.9929
1.4983e-06,-2.0304
1.4984e-06,-2.0385
1.4985e-06,-1.9965
1.4986e-06,-2.1415
1.4987e-06,-2.1002
1.4988e-06,-2.2592
1.4989e-06,-2.184
1.499e-06,-2.1114
1.4991e-06,-2.3229
1.4992e-06,-2.3175
1.4993e-06,-2.32
1.4994e-06,-2.3943
1.4995e-06,-2.2509
1.4996e-06,-2.3709
1.4997e-06,-2.0822
1.4998e-06,-2.4251
1.4999e-06,-2.3639
1.5e-06,-2.5105
1.5001e-06,-2.4633
1.5002e-06,-2.3418
1.5003e-06,-2.4762
1.5004e-06,-2.5431
1.5005e-06,-2.5577
1.5006e-06,-2.169
1.5007e-06,-2.5922
1.5008e-06,-2.458
1.5009e-06,-2.4463
1.501e-06,-2.4164
1.5011e-06,-2.5443
1.5012e-06,-2.6281
1.5013e-06,-2.5697
1.5014e-06,-2.54
1.5015e-06,-2.5858
1.5016e-06,-2.5754
1.5017e-06,-2.6983
1.5018e-06,-2.5994
1.5019e-06,-2.6077
1.502e-06,-2.8332
1.5021e-06,-2.4756
1.5022e-06,-2.6903
1.5023e-06,-2.7954
1.5024e-06,-2.6377
1.5025e-06,-2.8157
1.5026e-06,-2.9035
1.5027e-06,-2.7588
1.5028e-06,-2.853
1.5029e-06,-2.8083
1.503e-06,-2.7247
1.5031e-06,-2.6713
1.5032e-06,-2.7957
1.5033e-06,-3.052
1.5034e-06,-2.7227
1.5035e-06,-2.832
1.5036e-06,-3.0701
1.5037e-06,-2.9297
1.5038e-06,-3.0539
1.5039e-06,-3.1938
1.504e-06,-3.0977
1.5041e-06,-3.0866
1.5042e-06,-3.0601
1.5043e-06,-3.0727
1.5044e-06,-3.08
1.5045e-06,-2.9368
1.5046e-06,-3.146
1.5047e-06,-3.3084
1.5048e-06,-3.188
1.5049e-06,-3.1073
1.505e-06,-3.0806
1.5051e-06,-3.3744
1.5052e-06,-3.127
1.5053e-06,-3.1125
1.5054e-06,-3.3934
1.5055e-06,-3.3518
1.5056e-06,-3.1951
1.5057e-06,-3.336
1.5058e-06,-3.4468
1.5059e-06,-3.3613
1.506e-06,-3.2794
1.5061e-06,-3.459
1.5062e-06,-3.3217
1.5063e-06,-3.3334
1.5064e-06,-3.3669
1.5065e-06,-3.4695
1.5066e-06,-3.4341
1.5067e-06,-3.5341
1.5068e-06,-3.6871
1.5069e-06,-3.4488
1.507e-06,-3.4649
1.5071e-06,-3.4626
1.5072e-06,-3.6306
1.5073e-06,-3.5938
1.5074e-06,-3.5525
1.5075e-06,-3.7322
1.5076e-06,-3.5473
1.5077e-06,-3.7135
1.5078e-06,-3.6691
1.5079e-06,-3.585
1.508e-06,-3.5304
1.5081e-06,-3.7749
1.5082e-06,-3.6367
1.5083e-06,-3.7453
1.5084e-06,-3.7975
1.5085e-06,-3.7717
1.5086e-06,-3.8209
1.5087e-06,-3.7769
1.5088e-06,-3.7196
1.5089e-06,-4.0035
1.509e-06,-3.8318
1.5091e-06,-3.9024
1.5092e-06,-3.8445
1.5093e-06,-4.0595
1.5094e-06,-3.9661
1.5095e-06,-3.8492
1.5096e-06,-3.8347
1.5097e-06,-3.89
1.5098e-06,-4.1065
1.5099e-06,-4.0926
1.51e-06,-4.1247
1.5101e-06,-4.0649
1.5102e-06,-4.1147
1.5103e-06,-4.0742
1.5104e-06,-4.1297
1.5105e-06,-4.1534
1.5106e-06,-4.2118
1.5107e-06,-4.143
1.5108e-06,-4.3838
1.5109e-06,-4.4231
1.511e-06,-4.3067
1.5111e-06,-4.2667
1.5112e-06,-4.2218
1.5113e-06,-4.5357
1.5114e-06,-4.4007
1.5115e-06,-4.3795
1.5116e-06,-4.3335
1.5117e-06,-4.5857
1.5118e-06,-4.4097
1.5119e-06,-4.5973
1.512e-06,-4.5486
1.5121e-06,-4.5568
1.5122e-06,-4.6298
1.5123e-06,-4.3348
1.5124e-06,-4.5732
1.5125e-06,-4.4918
1.5126e-06,-4.5146
1.5127e-06,-4.5812
1.5128e-06,-4.5788
1.5129e-06,-4.7451
1.513e-06,-4.5553
1.5131e-06,-4.5294
1.5132e-06,-4.6315
1.5133e-06,-4.533
1.5134e-06,-4.8008
1.5135e-06,-4.9427
1.5136e-06,-4.7789
1.5137e-06,-4.694
1.5138e-06,-4.9508
1.5139e-06,-4.8302
1.514e-06,-5.0448
1.5141e-06,-4.9323
1.5142e-06,-4.8676
1.5143e-06,-4.8819
1.5144e-06,-4.8868
1.5145e-06,-4.9348
1.5146e-06,-4.9808
1.5147e-06,-5.1891
1.5148e-06,-4.7931
1.5149e-06,-5.1746
1.515e-06,-5.0824
1.5151e-06,-5.1564
1.5152e-06,-5.1792
1.5153e-06,-5.1196
1.5154e-06,-5.1301
1.5155e-06,-5.1074
1.5156e-06,-5.0717
1.5157e-06,-5.2508
1.5158e-06,-5.1828
1.5159e-06,-5.1456
1.516e-06,-5.218
1.5161e-06,-5.3041
1.5162e-06,-5.1098
1.5163e-06,-5.5643
1.5164e-06,-5.3992
1.5165e-06,-5.3549
1.5166e-06,-5.442
1.5167e-06,-5.6064
1.5168e-06,-5.4102
1.5169e-06,-5.6448
1.517e-06,-5.5479
1.5171e-06,-5.5292
1.5172e-06,-5.8024
1.5173e-06,-5.2685
1.5174e-06,-5.4174
1.5175e-06,-5.4507
1.5176e-06,-5.4252
1.5177e-06,-5.3946
1.5178e-06,-5.4372
1.5179e-06,-5.4853
1.518e-06,-5.7963
1.5181e-06,-5.8091
1.5182e-06,-5.7661
1.5183e-06,-5.72
1.5184e-06,-5.7445
1.5185e-06,-5.7931
1.5186e-06,-5.8641
1.5187e-06,-5.8703
1.5188e-06,-5.8449
1.5189e-06,-5.8508
1.519e-06,-6.0038
1.5191e-06,-5.9917
1.5192e-06,-5.7845
1.5193e-06,-6.0805
1.5194e-06,-6.0091
1.5195e-06,-5.8582
1.5196e-06,-6.0116
1.5197e-06,-6.1369
1.5198e-06,-6.064
1.5199e-06,-6.0098
1.52e-06,-6.0884
1.5201e-06,-6.2458
1.5202e-06,-5.9159
1.5203e-06,-6.0699
1.5204e-06,-6.2369
1.5205e-06,-6.0634
1.5206e-06,-6.0634
1.5207e-06,-6.2817
1.5208e-06,-6.2905
1.5209e-06,-6.1303
1.521e-06,-6.3703
1.5211e-06,-6.3484
1.5212e-06,-6.3458
1.5213e-06,-6.4589
1.5214e-06,-6.4867
1.5215e-06,-6.356
1.5216e-06,-6.3459
1.5217e-06,-6.4555
1.5218e-06,-6.457
1.5219e-06,-6.3891
1.522e-06,-6.6003
1.5221e-06,-6.6358
1.5222e-06,-6.6659
1.5223e-06,-6.563
1.5224e-06,-6.5423
1.5225e-06,-6.5634
1.5226e-06,-6.7265
1.5227e-06,-6.8143
1.5228e-06,-6.8241
1.5229e-06,-6.7826
1.523e-06,-6.6541
1.5231e-06,-6.7088
1.5232e-06,-6.7909
1.5233e-06,-6.9577
1.5234e-06,-6.8607
1.5235e-06,-6.8359
1.5236e-06,-6.6215
1.5237e-06,-6.9469
1.5238e-06,-6.8741
1.5239e-06,-7.0653
1.524e-06,-6.9692
1.5241e-06,-6.9865
1.5242e-06,-6.888
1.5243e-06,-7.2645
1.5244e-06,-7.049
1.5245e-06,-7.1231
1.5246e-06,-7.0593
1.5247e-06,-7.1805
1.5248e-06,-7.147
1.5249e-06,-7.3534
1.525e-06,-7.3768
1.5251e-06,-7.226
1.5252e-06,-7.3421
1.5253e-06,-7.4573
1.5254e-06,-7.3328
1.5255e-06,-7.3626
1.5256e-06,-7.3757
1.5257e-06,-7.3915
1.5258e-06,-7.2615
1.5259e-06,-7.645
1.526e-06,-7.4156
1.5261e-06,-7.3505
1.5262e-06,-7.3751
1.5263e-06,-7.479
1.5264e-06,-7.6734
1.5265e-06,-7.6374
1.5266e-06,-7.61
1.5267e-06,-7.8226
1.5268e-06,-7.7602
1.5269e-06,-7.5838
1.527e-06,-7.6487
1.5271e-06,-7.8323
1.5272e-06,-7.8412
1.5273e-06,-7.813
1.5274e-06,-7.8039
1.5275e-06,-7.8778
1.5276e-06,-8.223
1.5277e-06,-7.7517
1.5278e-06,-7.9272
1.5279e-06,-7.9083
1.528e-06,-7.9896
1.5281e-06,-8.0869
1.5282e-06,-8.0443
1.5283e-06,-7.9384
1.5284e-06,-8.037
1.5285e-06,-8.1399
1.5286e-06,-8.1261
1.5287e-06,-8.0377
1.5288e-06,-8.1577
1.5289e-06,-8.2288
1.529e-06,-8.2332
1.5291e-06,-8.0909
1.5292e-06,-8.1727
1.5293e-06,-8.3141
1.5294e-06,-8.3212
1.5295e-06,-8.2417
1.5296e-06,-8.4509
1.5297e-06,-8.3628
1.5298e-06,-8.3779
1.5299e-06,-8.4415
1.53e-06,-8.3435
1.5301e-06,-8.6786
1.5302e-06,-8.6653
1.5303e-06,-8.5293
1.5304e-06,-8.6504
1.5305e-06,-8.8053
1.5306e-06,-8.7108
1.5307e-06,-8.8551
1.5308e-06,-8.8172
1.5309e-06,-8.647
1.531e-06,-8.8072
1.5311e-06,-8.7248
1.5312e-06,-8.7905
1.5313e-06,-8.9992
1.5314e-06,-9.0764
1.5315e-06,-8.8915
1.5316e-06,-8.9068
1.5317e-06,-9.1662
1.5318e-06,-9.0062
1.5319e-06,-9.2105
1.532e-06,-9.2302
1.5321e-06,-9.1131
1.5322e-06,-9.3058
1.5323e-06,-9.0422
1.5324e-06,-9.192
1.5325e-06,-9.263
1.5326e-06,-9.1098
1.5327e-06,-9.2071
1.5328e-06,-9.1056
1.5329e-06,-9.4032
1.533e-06,-9.4389
1.5331e-06,-9.5008
1.5332e-06,-9.376
1.5333e-06,-9.4009
1.5334e-06,-9.4974
1.5335e-06,-9.4165
1.5336e-06,-9.36
1.5337e-06,-9.5663
1.5338e-06,-9.5248
1.5339e-06,-9.4637
1.534e-06,-9.5938
1.5341e-06,-9.6029
1.5342e-06,-9.7114
1.5343e-06,-9.8674
1.5344e-06,-10.006
1.5345e-06,-9.608
1.5346e-06,-9.8049
1.5347e-06,-9.7417
1.5348e-06,-9.6326
1.5349e-06,-9.9354
1.535e-06,-9.9492
1.5351e-06,-9.9697
1.5352e-06,-9.9903
1.5353e-06,-10.029
1.5354e-06,-10.007
1.5355e-06,-9.9023
1.5356e-06,-9.8574
1.5357e-06,-10.177
1.5358e-06,-10.247
1.5359e-06,-10.069
1.536e-06,-10.213
1.5361e-06,-10.134
1.5362e-06,-10.453
1.5363e-06,-10.298
1.5364e-06,-10.36
1.5365e-06,-10.266
1.5366e-06,-10.278
1.5367e-06,-10.467
1.5368e-06,-10.385
1.5369e-06,-10.392
1.537e-06,-10.422
1.5371e-06,-10.441
1.5372e-06,-10.79
1.5373e-06,-10.51
1.5374e-06,-10.658
1.5375e-06,-10.76
1.5376e-06,-10.7
1.5377e-06,-10.807
1.5378e-06,-10.771
1.5379e-06,-10.815
1.538e-06,-10.797
1.5381e-06,-10.801
1.5382e-06,-10.774
1.5383e-06,-10.637
1.5384e-06,-10.956
1.5385e-06,-10.853
1.5386e-06,-10.918
1.5387e-06,-10.828
1.5388e-06,-11.013
1.5389e-06,-11.176
1.539e-06,-11.308
1.5391e-06,-11.117
1.5392e-06,-11.289
1.5393e-06,-11.107
1.5394e-06,-10.984
1.5395e-06,-11.284
1.5396e-06,-11.423
1.5397e-06,-11.188
1.5398e-06,-11.151
1.5399e-06,-11.261
1.54e-06,-11.265
1.5401e-06,-11.536
1.5402e-06,-11.533
1.5403e-06,-11.499
1.5404e-06,-11.403
1.5405e-06,-11.581
1.5406e-06,-11.49
1.5407e-06,-11.77
1.5408e-06,-11.589
1.5409e-06,-11.769
1.541e-06,-11.77
1.5411e-06,-11.729
1.5412e-06,-11.717
1.5413e-06,-11.77
1.5414e-06,-11.676
1.5415e-06,-11.66
1.5416e-06,-12.179
1.5417e-06,-11.898
1.5418e-06,-11.973
1.5419e-06,-11.879
1.542e-06,-11.89
1.5421e-06,-11.993
1.5422e-06,-11.918
1.5423e-06,-12.239
1.5424e-06,-12.186
1.5425e-06,-12.279
1.5426e-06,-12.232
1.5427e-06,-12.111
1.5428e-06,-12.296
1.5429e-06,-12.288
1.543e-06,-12.239
1.5431e-06,-12.281
1.5432e-06,-12.374
1.5433e-06,-12.402
1.5434e-06,-12.515
1.5435e-06,-12.445
1.5436e-06,-12.727
1.5437e-06,-12.484
1.5438e-06,-12.479
1.5439e-06,-12.471
1.544e-06,-12.512
1.5441e-06,-12.421
1.5442e-06,-12.669
1.5443e-06,-12.53
1.5444e-06,-12.656
1.5445e-06,-12.823
1.5446e-06,-12.765
1.5447e-06,-12.712
1.5448e-06,-12.889
1.5449e-06,-12.935
1.545e-06,-12.793
1.5451e-06,-12.672
1.5452e-06,-12.832
1.5453e-06,-13.038
1.5454e-06,-13.067
1.5455e-06,-13.136
1.5456e-06,-13.031
1.5457e-06,-13.226
1.5458e-06,-12.99
1.5459e-06,-13.263
1.546e-06,-12.885
1.5461e-06,-13.169
1.5462e-06,-13.116
1.5463e-06,-13.102
1.5464e-06,-13.339
1.5465e-06,-13.182
1.5466e-06,-13.254
1.5467e-06,-13.422
1.5468e-06,-13.405
1.5469e-06,-13.434
1.547e-06,-13.334
1.5471e-06,-13.181
1.5472e-06,-13.517
1.5473e-06,-13.523
1.5474e-06,-13.567
1.5475e-06,-13.522
1.5476e-06,-13.332
1.5477e-06,-13.492
1.5478e-06,-13.461
1.5479e-06,-13.534
1.548e-06,-13.67
1.5481e-06,-13.752
1.5482e-06,-13.515
1.5483e-06,-13.679
1.5484e-06,-13.696
1.5485e-06,-13.729
1.5486e-06,-13.948
1.5487e-06,-13.996
1.5488e-06,-13.792
1.5489e-06,-13.926
1.549e-06,-13.773
1.5491e-06,-13.987
1.5492e-06,-13.744
1.5493e-06,-14.082
1.5494e-06,-13.861
1.5495e-06,-13.791
1.5496e-06,-13.914
1.5497e-06,-13.784
1.5498e-06,-14.147
1.5499e-06,-13.846
1.55e-06,-14.063
1.5501e-06,-14.118
1.5502e-06,-14.133
1.5503e-06,-14.231
1.5504e-06,-14.15
1.5505e-06,-13.988
1.5506e-06,-14.041
1.5507e-06,-13.911
1.5508e-06,-14.181
1.5509e-06,-14.28
1.551e-06,-14.132
1.5511e-06,-14.286
1.5512e-06,-14.286
1.5513e-06,-14.054
1.5514e-06,-13.942
1.5515e-06,-14.265
1.5516e-06,-14.259
1.5517e-06,-14.542
1.5518e-06,-14.231
1.5519e-06,-14.558
1.552e-06,-14.277
1.5521e-06,-14.341
1.5522e-06,-14.266
1.5523e-06,-14.446
1.5524e-06,-14.494
1.5525e-06,-14.411
1.5526e-06,-14.476
1.5527e-06,-14.405
1.5528e-06,-14.523
1.5529e-06,-14.505
1.553e-06,-14.41
1.5531e-06,-14.492
1.5532e-06,-14.565
1.5533e-06,-14.504
1.5534e-06,-14.321
1.5535e-06,-14.581
1.5536e-06,-14.592
1.5537e-06,-14.277
1.5538e-06,-14.408
1.5539e-06,-14.516
1.554e-06,-14.617
1.5541e-06,-14.569
1.5542e-06,-14.523
1.5543e-06,-14.471
1.5544e-06,-14.545
1.5545e-06,-14.635
1.5546e-06,-14.604
1.5547e-06,-14.434
1.5548e-06,-14.618
1.5549e-06,-14.577
1.555e-06,-14.513
1.5551e-06,-14.696
1.5552e-06,-14.345
1.5553e-06,-14.558
1.5554e-06,-14.57
1.5555e-06,-14.584
1.5556e-06,-14.701
1.5557e-06,-14.576
1.5558e-06,-14.373
1.5559e-06,-14.631
1.556e-06,-14.515
1.5561e-06,-14.548
1.5562e-06,-14.485
1.5563e-06,-14.546
1.5564e-06,-14.57
1.5565e-06,-14.409
1.5566e-06,-14.415
1.5567e-06,-14.429
1.5568e-06,-14.42
1.5569e-06,-14.505
1.557e-06,-14.288
1.5571e-06,-14.257
1.5572e-06,-14.265
1.5573e-06,-14.545
1.5574e-06,-14.34
1.5575e-06,-14.589
1.5576e-06,-14.472
1.5577e-06,-14.302
1.5578e-06,-14.417
1.5579e-06,-14.439
1.558e-06,-14.324
1.5581e-06,-14.186
1.5582e-06,-14.337
1.5583e-06,-14.362
1.5584e-06,-14.538
1.5585e-06,-14.26
1.5586e-06,-14.383
1.5587e-06,-14.312
1.5588e-06,-14.373
1.5589e-06,-14.452
1.559e-06,-14.496
1.5591e-06,-14.116
1.5592e-06,-14.368
1.5593e-06,-14.246
1.5594e-06,-14.436
1.5595e-06,-14.256
1.5596e-06,-14.082
1.5597e-06,-14.095
1.5598e-06,-14.308
1.5599e-06,-14.157
1.56e-06,-13.909
1.5601e-06,-13.91
1.5602e-06,-14.21
1.5603e-06,-14.313
1.5604e-06,-13.852
1.5605e-06,-13.929
1.5606e-06,-14.075
1.5607e-06,-13.927
1.5608e-06,-13.912
1.5609e-06,-14.141
1.561e-06,-14.081
1.5611e-06,-13.93
1.5612e-06,-13.967
1.5613e-06,-13.87
1.5614e-06,-13.976
1.5615e-06,-14.148
1.5616e-06,-13.904
1.5617e-06,-13.772
1.5618e-06,-13.786
1.5619e-06,-13.809
1.562e-06,-13.941
1.5621e-06,-13.749
1.5622e-06,-13.647
1.5623e-06,-13.918
1.5624e-06,-13.573
1.5625e-06,-13.493
1.5626e-06,-13.751
1.5627e-06,-13.673
1.5628e-06,-13.419
1.5629e-06,-13.522
1.563e-06,-13.424
1.5631e-06,-13.545
1.5632e-06,-13.792
1.5633e-06,-13.559
1.5634e-06,-13.539
1.5635e-06,-13.527
1.5636e-06,-13.274
1.5637e-06,-13.303
1.5638e-06,-13.384
1.5639e-06,-13.384
1.564e-06,-13.437
1.5641e-06,-13.199
1.5642e-06,-13.228
1.5643e-06,-13.402
1.5644e-06,-13.194
1.5645e-06,-13.352
1.5646e-06,-13.203
1.5647e-06,-13.413
1.5648e-06,-13.165
1.5649e-06,-13.173
1.565e-06,-13.079
1.5651e-06,-13.054
1.5652e-06,-12.948
1.5653e-06,-12.983
1.5654e-06,-13.133
1.5655e-06,-12.986
1.5656e-06,-12.919
1.5657e-06,-12.996
1.5658e-06,-13.016
1.5659e-06,-12.777
1.566e-06,-12.871
1.5661e-06,-12.567
1.5662e-06,-12.724
1.5663e-06,-12.615
1.5664e-06,-12.531
1.5665e-06,-12.849
1.5666e-06,-12.523
1.5667e-06,-12.535
1.5668e-06,-12.472
1.5669e-06,-12.627
1.567e-06,-12.809
1.5671e-06,-12.417
1.5672e-06,-12.58
1.5673e-06,-12.385
1.5674e-06,-12.332
1.5675e-06,-12.516
1.5676e-06,-12.392
1.5677e-06,-12.501
1.5678e-06,-12.42
1.5679e-06,-12.224
1.568e-06,-12.225
1.5681e-06,-12.22
1.5682e-06,-12.119
1.5683e-06,-12.377
1.5684e-06,-12.239
1.5685e-06,-12.285
1.5686e-06,-12.281
1.5687e-06,-12.133
1.5688e-06,-12.155
1.5689e-06,-12.103
1.569e-06,-11.979
1.5691e-06,-12.162
1.5692e-06,-11.96
1.5693e-06,-11.972
1.5694e-06,-11.909
1.5695e-06,-12.068
1.5696e-06,-11.827
1.5697e-06,-12.094
1.5698e-06,-11.791
1.5699e-06,-11.745
1.57e-06,-11.707
1.5701e-06,-11.983
1.5702e-06,-11.586
1.5703e-06,-11.777
1.5704e-06,-11.536
1.5705e-06,-11.798
1.5706e-06,-11.756
1.5707e-06,-11.389
1.5708e-06,-11.55
1.5709e-06,-11.467
1.571e-06,-11.503
1.5711e-06,-11.581
1.5712e-06,-11.388
1.5713e-06,-11.513
1.5714e-06,-11.584
1.5715e-06,-11.45
1.5716e-06,-11.303
1.5717e-06,-11.603
1.5718e-06,-11.158
1.5719e-06,-11.405
1.572e-06,-11.191
1.5721e-06,-11.226
1.5722e-06,-11.152
1.5723e-06,-10.92
1.5724e-06,-11.228
1.5725e-06,-11.037
1.5726e-06,-10.967
1.5727e-06,-11.153
1.5728e-06,-11.196
1.5729e-06,-10.909
1.573e-06,-10.988
1.5731e-06,-10.986
1.5732e-06,-11.112
1.5733e-06,-11.084
1.5734e-06,-11.178
1.5735e-06,-10.85
1.5736e-06,-10.933
1.5737e-06,-10.815
1.5738e-06,-10.678
1.5739e-06,-10.872
1.574e-06,-10.754
1.5741e-06,-10.81
1.5742e-06,-10.842
1.5743e-06,-10.517
1.5744e-06,-10.741
1.5745e-06,-10.627
1.5746e-06,-10.513
1.5747e-06,-10.722
1.5748e-06,-10.607
1.5749e-06,-10.685
1.575e-06,-10.45
1.5751e-06,-10.357
1.5752e-06,-10.462
1.5753e-06,-10.45
1.5754e-06,-10.547
1.5755e-06,-10.607
1.5756e-06,-10.248
1.5757e-06,-10.38
1.5758e-06,-10.356
1.5759e-06,-10.246
1.576e-06,-9.9779
1.5761e-06,-10.343
1.5762e-06,-10.078
1.5763e-06,-10.079
1.5764e-06,-10.037
1.5765e-06,-10.046
1.5766e-06,-9.9891
1.5767e-06,-10.315
1.5768e-06,-10.069
1.5769e-06,-10.263
1.577e-06,-10.111
1.5771e-06,-9.9563
1.5772e-06,-9.922
1.5773e-06,-9.8268
1.5774e-06,-9.9113
1.5775e-06,-9.7453
1.5776e-06,-10.012
1.5777e-06,-9.7345
1.5778e-06,-9.673
1.5779e-06,-9.7215
1.578e-06,-9.6461
1.5781e-06,-9.7028
1.5782e-06,-9.7545
1.5783e-06,-9.4113
1.5784e-06,-9.6435
1.5785e-06,-9.5484
1.5786e-06,-9.6947
1.5787e-06,-9.3914
1.5788e-06,-9.4405
1.5789e-06,-9.5126
1.579e-06,-9.4951
1.5791e-06,-9.1798
1.5792e-06,-9.3718
1.5793e-06,-9.2847
1.5794e-06,-9.1305
1.5795e-06,-9.457
1.5796e-06,-9.1789
1.5797e-06,-9.4138
1.5798e-06,-9.4868
1.5799e-06,-9.3278
1.58e-06,-9.3086
1.5801e-06,-8.9835
1.5802e-06,-8.957
1.5803e-06,-9.1515
1.5804e-06,-8.9861
1.5805e-06,-9.024
1.5806e-06,-9.0598
1.5807e-06,-9.1983
1.5808e-06,-9.0732
1.5809e-06,-8.9664
1.581e-06,-9.1228
1.5811e-06,-8.8583
1.5812e-06,-9.2535
1.5813e-06,-9.0291
1.5814e-06,-9.2836
1.5815e-06,-8.9741
1.5816e-06,-8.7593
1.5817e-06,-8.6493
1.5818e-06,-8.8277
1.5819e-06,-8.8805
1.582e-06,-8.8872
1.5821e-06,-8.8435
1.5822e-06,-8.9255
1.5823e-06,-8.8839
1.5824e-06,-8.4821
1.5825e-06,-8.7621
1.5826e-06,-8.6997
1.5827e-06,-8.522
1.5828e-06,-8.4768
1.5829e-06,-8.4911
1.583e-06,-8.4043
1.5831e-06,-8.4768
1.5832e-06,-8.3487
1.5833e-06,-8.4295
1.5834e-06,-8.8323
1.5835e-06,-8.4738
1.5836e-06,-8.3772
1.5837e-06,-8.4082
1.5838e-06,-8.2771
1.5839e-06,-8.2168
1.584e-06,-8.4549
1.5841e-06,-8.4383
1.5842e-06,-8.0822
1.5843e-06,-8.2878
1.5844e-06,-8.3287
1.5845e-06,-8.3726
1.5846e-06,-8.4133
1.5847e-06,-8.0382
1.5848e-06,-7.9156
1.5849e-06,-8.1214
1.585e-06,-7.9992
1.5851e-06,-8.1582
1.5852e-06,-8.0131
1.5853e-06,-8.025
1.5854e-06,-7.9554
1.5855e-06,-8.0495
1.5856e-06,-8.0937
1.5857e-06,-7.8934
1.5858e-06,-8.0347
1.5859e-06,-8.0461
1.586e-06,-7.7217
1.5861e-06,-7.7706
1.5862e-06,-7.7611
1.5863e-06,-7.8608
1.5864e-06,-7.6714
1.5865e-06,-7.8217
1.5866e-06,-7.6196
1.5867e-06,-7.8293
1.5868e-06,-7.9298
1.5869e-06,-7.643
1.587e-06,-7.9458
1.5871e-06,-7.8808
1.5872e-06,-7.6801
1.5873e-06,-7.4647
1.5874e-06,-7.4944
1.5875e-06,-7.6981
1.5876e-06,-7.7723
1.5877e-06,-7.5447
1.5878e-06,-7.7653
1.5879e-06,-7.6156
1.588e-06,-7.3602
1.5881e-06,-7.4607
1.5882e-06,-7.3766
1.5883e-06,-7.197
1.5884e-06,-7.4204
1.5885e-06,-7.4846
1.5886e-06,-7.3222
1.5887e-06,-7.3235
1.5888e-06,-7.2922
1.5889e-06,-7.2934
1.589e-06,-7.3746
1.5891e-06,-7.2941
1.5892e-06,-7.3231
1.5893e-06,-7.1493
1.5894e-06,-7.0138
1.5895e-06,-7.1673
1.5896e-06,-7.3422
1.5897e-06,-7.1645
1.5898e-06,-7.0985
1.5899e-06,-7.1899
1.59e-06,-7.0516
1.5901e-06,-7.2287
1.5902e-06,-6.9635
1.5903e-06,-6.9718
1.5904e-06,-7.1327
1.5905e-06,-7.0668
1.5906e-06,-6.9459
1.5907e-06,-6.7544
1.5908e-06,-7.0244
1.5909e-06,-7.0352
1.591e-06,-6.8322
1.5911e-06,-6.7555
1.5912e-06,-7.1596
1.5913e-06,-6.7943
1.5914e-06,-7.1221
1.5915e-06,-6.6981
1.5916e-06,-6.784
1.5917e-06,-6.7834
1.5918e-06,-6.6796
1.5919e-06,-6.4268
1.592e-06,-6.7404
1.5921e-06,-6.7376
1.5922e-06,-6.7081
1.5923e-06,-6.7607
1.5924e-06,-6.6713
1.5925e-06,-6.5204
1.5926e-06,-6.5488
1.5927e-06,-6.7334
1.5928e-06,-6.3186
1.5929e-06,-6.6165
1.593e-06,-6.6357
1.5931e-06,-6.286
1.5932e-06,-6.5289
1.5933e-06,-6.6676
1.5934e-06,-6.4946
1.5935e-06,-6.3001
1.5936e-06,-6.4022
1.5937e-06,-6.4632
1.5938e-06,-6.3254
1.5939e-06,-6.4932
1.594e-06,-6.3781
1.5941e-06,-6.144
1.5942e-06,-6.4731
1.5943e-06,-6.1668
1.5944e-06,-6.4913
1.5945e-06,-6.4104
1.5946e-06,-6.2185
1.5947e-06,-6.2528
1.5948e-06,-6.1742
1.5949e-06,-6.1202
1.595e-06,-6.1801
1.5951e-06,-6.24
1.5952e-06,-6.1272
1.5953e-06,-6.1145
1.5954e-06,-5.9243
1.5955e-06,-6.0573
1.5956e-06,-6.0752
1.5957e-06,-6.0626
1.5958e-06,-6.1975
1.5959e-06,-6.0725
1.596e-06,-5.8671
1.5961e-06,-5.9514
1.5962e-06,-5.8958
1.5963e-06,-5.8832
1.5964e-06,-6.1133
1.5965e-06,-5.8421
1.5966e-06,-5.9378
1.5967e-06,-5.9566
1.5968e-06,-5.9742
1.5969e-06,-6.0039
1.597e-06,-5.5569
1.5971e-06,-5.7842
1.5972e-06,-5.9335
1.5973e-06,-5.8587
1.5974e-06,-5.7015
1.5975e-06,-5.6506
1.5976e-06,-5.8173
1.5977e-06,-5.815
1.5978e-06,-5.5345
1.5979e-06,-5.8019
1.598e-06,-5.6363
1.5981e-06,-5.6895
1.5982e-06,-5.7623
1.5983e-06,-5.5826
1.5984e-06,-5.6925
1.5985e-06,-5.4324
1.5986e-06,-5.8768
1.5987e-06,-5.453
1.5988e-06,-5.716
1.5989e-06,-5.8759
1.599e-06,-5.3445
1.5991e-06,-5.4537
1.5992e-06,-5.3669
1.5993e-06,-5.281
1.5994e-06,-5.5504
1.5995e-06,-5.2699
1.5996e-06,-5.384
1.5997e-06,-5.2459
1.5998e-06,-5.3847
1.5999e-06,-5.4099
1.6e-06,-5.4362
1.6001e-06,-5.3033
1.6002e-06,-5.579
1.6003e-06,-5.5252
1.6004e-06,-5.3173
1.6005e-06,-5.1059
1.6006e-06,-5.3403
1.6007e-06,-5.3195
1.6008e-06,-5.4391
1.6009e-06,-5.2119
1.601e-06,-5.2084
1.6011e-06,-5.428
1.6012e-06,-5.2136
1.6013e-06,-5.3536
1.6014e-06,-4.9907
1.6015e-06,-5.0014
1.6016e-06,-5.0124
1.6017e-06,-5.1302
1.6018e-06,-5.0166
1.6019e-06,-5.22
1.602e-06,-5.1655
1.6021e-06,-4.9774
1.6022e-06,-5.069
1.6023e-06,-5.0585
1.6024e-06,-4.947
1.6025e-06,-4.868
1.6026e-06,-4.9809
1.6027e-06,-5.0043
1.6028e-06,-4.9205
1.6029e-06,-4.8184
1.603e-06,-5.0764
1.6031e-06,-5.0609
1.6032e-06,-4.9861
1.6033e-06,-4.8921
1.6034e-06,-4.8321
1.6035e-06,-4.938
1.6036e-06,-4.9633
1.6037e-06,-4.5603
1.6038e-06,-4.9402
1.6039e-06,-5.0148
1.604e-06,-4.7282
1.6041e-06,-4.5776
1.6042e-06,-4.5563
1.6043e-06,-4.5813
1.6044e-06,-4.7501
1.6045e-06,-4.8063
1.6046e-06,-4.5527
1.6047e-06,-4.8738
1.6048e-06,-4.7061
1.6049e-06,-4.6479
1.605e-06,-4.4727
1.6051e-06,-4.4225
1.6052e-06,-4.4958
1.6053e-06,-4.6055
1.6054e-06,-4.5327
1.6055e-06,-4.4771
1.6056e-06,-4.5411
1.6057e-06,-4.659
1.6058e-06,-4.5588
1.6059e-06,-4.5581
1.606e-06,-4.5017
1.6061e-06,-4.4414
1.6062e-06,-4.4515
1.6063e-06,-4.6092
1.6064e-06,-4.5112
1.6065e-06,-4.5391
1.6066e-06,-4.1175
1.6067e-06,-4.2513
1.6068e-06,-4.3161
1.6069e-06,-4.3745
1.607e-06,-4.3336
1.6071e-06,-4.6311
1.6072e-06,-4.2769
1.6073e-06,-4.3885
1.6074e-06,-4.4032
1.6075e-06,-4.2059
1.6076e-06,-4.309
1.6077e-06,-4.3244
1.6078e-06,-4.1066
1.6079e-06,-4.2416
1.608e-06,-4.3553
1.6081e-06,-4.2203
1.6082e-06,-4.2437
1.6083e-06,-4.2466
1.6084e-06,-4.308
1.6085e-06,-4.2391
1.6086e-06,-4.1276
1.6087e-06,-4.0621
1.6088e-06,-4.2663
1.6089e-06,-4.2504
1.609e-06,-4.0166
1.6091e-06,-4.096
1.6092e-06,-4.1738
1.6093e-06,-4.0568
1.6094e-06,-3.9518
1.6095e-06,-3.9405
1.6096e-06,-4.1485
1.6097e-06,-3.9716
1.6098e-06,-4.098
1.6099e-06,-3.7663
1.61e-06,-4.0721
1.6101e-06,-3.862
1.6102e-06,-3.7379
1.6103e-06,-3.9054
1.6104e-06,-3.9221
1.6105e-06,-3.948
1.6106e-06,-3.851
1.6107e-06,-3.878
1.6108e-06,-3.9119
1.6109e-06,-3.7532
1.611e-06,-3.8375
1.6111e-06,-3.8798
1.6112e-06,-3.6889
1.6113e-06,-3.8711
1.6114e-06,-3.9456
1.6115e-06,-3.9862
1.6116e-06,-3.8075
1.6117e-06,-3.9063
1.6118e-06,-3.6874
1.6119e-06,-3.7654
1.612e-06,-3.5228
1.6121e-06,-3.6849
1.6122e-06,-3.6782
1.6123e-06,-3.7991
1.6124e-06,-3.605
1.6125e-06,-3.5357
1.6126e-06,-3.6052
1.6127e-06,-3.7161
1.6128e-06,-3.8958
1.6129e-06,-3.8483
1.613e-06,-3.6477
1.6131e-06,-3.5837
1.6132e-06,-3.7279
1.6133e-06,-3.5944
1.6134e-06,-3.6074
1.6135e-06,-3.4623
1.6136e-06,-3.6011
1.6137e-06,-3.3855
1.6138e-06,-3.5541
1.6139e-06,-3.4584
1.614e-06,-3.5734
1.6141e-06,-3.4189
1.6142e-06,-3.5353
1.6143e-06,-3.5002
1.6144e-06,-3.5093
1.6145e-06,-3.3829
1.6146e-06,-3.3172
1.6147e-06,-3.1732
1.6148e-06,-3.2914
1.6149e-06,-3.4738
1.615e-06,-3.6056
1.6151e-06,-3.2715
1.6152e-06,-3.4327
1.6153e-06,-3.4386
1.6154e-06,-3.2493
1.6155e-06,-3.3606
1.6156e-06,-3.1425
1.6157e-06,-3.2138
1.6158e-06,-3.2962
1.6159e-06,-3.3241
1.616e-06,-3.256
1.6161e-06,-3.3985
1.6162e-06,-3.2968
1.6163e-06,-3.1227
1.6164e-06,-3.2539
1.6165e-06,-3.2034
1.6166e-06,-3.1311
1.6167e-06,-3.1636
1.6168e-06,-3.1929
1.6169e-06,-3.1279
1.617e-06,-3.0588
1.6171e-06,-3.3219
1.6172e-06,-3.0047
1.6173e-06,-3.0167
1.6174e-06,-3.1668
1.6175e-06,-3.4054
1.6176e-06,-2.9603
1.6177e-06,-3.3058
1.6178e-06,-3.1067
1.6179e-06,-2.9868
1.618e-06,-2.8213
1.6181e-06,-3.0578
1.6182e-06,-2.9837
1.6183e-06,-3.0436
1.6184e-06,-2.9036
1.6185e-06,-2.9584
1.6186e-06,-3.0912
1.6187e-06,-2.8326
1.6188e-06,-2.7955
1.6189e-06,-3.0038
1.619e-06,-2.866
1.6191e-06,-2.8877
1.6192e-06,-2.7784
1.6193e-06,-2.6931
1.6194e-06,-2.7523
1.6195e-06,-2.9329
1.6196e-06,-2.8472
1.6197e-06,-2.7305
1.6198e-06,-3.0228
1.6199e-06,-3.0305
1.62e-06,-2.8813
1.6201e-06,-3.058
1.6202e-06,-2.8797
1.6203e-06,-2.9293
1.6204e-06,-2.5614
1.6205e-06,-2.8272
1.6206e-06,-2.6833
1.6207e-06,-2.7631
1.6208e-06,-2.4271
1.6209e-06,-2.5296
1.621e-06,-2.7981
1.6211e-06,-2.7926
1.6212e-06,-2.701
1.6213e-06,-2.7187
1.6214e-06,-2.5462
1.6215e-06,-2.6507
1.6216e-06,-2.7852
1.6217e-06,-2.6697
1.6218e-06,-2.7979
1.6219e-06,-2.4934
1.622e-06,-2.47
1.6221e-06,-2.63
1.6222e-06,-2.3803
1.6223e-06,-2.6009
1.6224e-06,-2.3892
1.6225e-06,-2.3852
1.6226e-06,-2.5038
1.6227e-06,-2.5223
1.6228e-06,-2.4507
1.6229e-06,-2.6078
1.623e-06,-2.4837
1.6231e-06,-2.4233
1.6232e-06,-2.594
1.6233e-06,-2.5345
1.6234e-06,-2.3575
1.6235e-06,-2.2132
1.6236e-06,-2.3835
1.6237e-06,-2.5563
1.6238e-06,-2.5453
1.6239e-06,-2.2959
1.624e-06,-2.7351
1.6241e-06,-2.35
1.6242e-06,-2.628
1.6243e-06,-2.3457
1.6244e-06,-2.1092
1.6245e-06,-2.1638
1.6246e-06,-2.5779
1.6247e-06,-2.3821
1.6248e-06,-2.3747
1.6249e-06,-2.5097
1.625e-06,-2.4666
1.6251e-06,-2.334
1.6252e-06,-2.4667
1.6253e-06,-2.2525
1.6254e-06,-2.1568
1.6255e-06,-2.4539
1.6256e-06,-2.3328
1.6257e-06,-2.17
1.6258e-06,-2.0597
1.6259e-06,-2.2419
1.626e-06,-2.0646
1.6261e-06,-2.4063
1.6262e-06,-2.1937
1.6263e-06,-2.0499
1.6264e-06,-2.1591
1.6265e-06,-2.183
1.6266e-06,-2.1827
1.6267e-06,-2.1948
1.6268e-06,-1.7646
1.6269e-06,-2.263
1.627e-06,-2.1019
1.6271e-06,-2.2597
1.6272e-06,-2.1117
1.6273e-06,-1.7686
1.6274e-06,-2.0567
1.6275e-06,-2.2685
1.6276e-06,-1.8711
1.6277e-06,-2.0526
1.6278e-06,-2.0013
1.6279e-06,-1.7512
1.628e-06,-1.9661
1.6281e-06,-1.9769
1.6282e-06,-1.7791
1.6283e-06,-2.0216
1.6284e-06,-2.0144
1.6285e-06,-1.9712
1.6286e-06,-2.0339
1.6287e-06,-1.8437
1.6288e-06,-2.0865
1.6289e-06,-1.8596
1.629e-06,-2.1695
1.6291e-06,-1.9959
1.6292e-06,-1.882
1.6293e-06,-2.044
1.6294e-06,-1.7474
1.6295e-06,-1.7823
1.6296e-06,-2.0184
1.6297e-06,-2.0831
1.6298e-06,-1.787
1.6299e-06,-1.9135
1.63e-06,-1.8171
1.6301e-06,-1.823
1.6302e-06,-1.7423
1.6303e-06,-1.8217
1.6304e-06,-1.9934
1.6305e-06,-1.8988
1.6306e-06,-2.0282
1.6307e-06,-1.7952
1.6308e-06,-2.0469
1.6309e-06,-1.6575
1.631e-06,-1.7518
1.6311e-06,-1.5487
1.6312e-06,-1.6829
1.6313e-06,-1.6298
1.6314e-06,-1.8675
1.6315e-06,-1.6175
1.6316e-06,-1.9209
1.6317e-06,-1.6338
1.6318e-06,-1.5553
1.6319e-06,-1.5321
1.632e-06,-1.6578
1.6321e-06,-1.3581
1.6322e-06,-1.5612
1.6323e-06,-1.5316
1.6324e-06,-1.6339
1.6325e-06,-1.7705
1.6326e-06,-1.6923
1.6327e-06,-1.2887
1.6328e-06,-1.4923
1.6329e-06,-1.5766
1.633e-06,-1.5609
1.6331e-06,-1.6161
1.6332e-06,-1.7987
1.6333e-06,-1.5829
1.6334e-06,-1.2493
1.6335e-06,-1.4705
1.6336e-06,-1.4082
1.6337e-06,-1.3493
1.6338e-06,-1.3761
1.6339e-06,-1.5288
1.634e-06,-1.4604
1.6341e-06,-1.4904
1.6342e-06,-1.3678
1.6343e-06,-1.5276
1.6344e-06,-1.409
1.6345e-06,-1.2101
1.6346e-06,-1.2977
1.6347e-06,-1.3331
1.6348e-06,-1.2381
1.6349e-06,-1.4685
1.635e-06,-1.1596
1.6351e-06,-1.3696
1.6352e-06,-1.2848
1.6353e-06,-1.4037
1.6354e-06,-1.259
1.6355e-06,-1.5132
1.6356e-06,-1.2801
1.6357e-06,-1.3662
1.6358e-06,-1.1374
1.6359e-06,-1.3006
1.636e-06,-1.5796
1.6361e-06,-1.5415
1.6362e-06,-1.4347
1.6363e-06,-1.4131
1.6364e-06,-1.3292
1.6365e-06,-1.1745
1.6366e-06,-1.42
1.6367e-06,-1.2554
1.6368e-06,-1.2803
1.6369e-06,-1.2142
1.637e-06,-1.2759
1.6371e-06,-1.4027
1.6372e-06,-1.0759
1.6373e-06,-1.2907
1.6374e-06,-1.2039
1.6375e-06,-1.1967
1.6376e-06,-1.2845
1.6377e-06,-1.01
1.6378e-06,-0.88384
1.6379e-06,-1.0097
1.638e-06,-1.1666
1.6381e-06,-1.1366
1.6382e-06,-1.2601
1.6383e-06,-1.0089
1.6384e-06,-1.1991
1.6385e-06,-0.87089
1.6386e-06,-1.0964
1.6387e-06,-1.0326
1.6388e-06,-1.1025
1.6389e-06,-0.94383
1.639e-06,-0.96156
1.6391e-06,-1.0596
1.6392e-06,-1.0389
1.6393e-06,-0.80228
1.6394e-06,-1.0724
1.6395e-06,-1.0285
1.6396e-06,-0.93103
1.6397e-06,-0.93031
1.6398e-06,-0.93298
1.6399e-06,-0.94798
1.64e-06,-0.85311
1.6401e-06,-0.8058
1.6402e-06,-0.7842
1.6403e-06,-0.71227
1.6404e-06,-0.83212
1.6405e-06,-0.78078
1.6406e-06,-1.1278
1.6407e-06,-0.85903
1.6408e-06,-0.83976
1.6409e-06,-0.97339
1.641e-06,-0.72548
1.6411e-06,-0.9599
1.6412e-06,-0.74785
1.6413e-06,-0.82872
1.6414e-06,-0.91846
1.6415e-06,-0.82184
1.6416e-06,-0.79545
1.6417e-06,-0.97111
1.6418e-06,-0.63174
1.6419e-06,-0.64686
1.642e-06,-0.98527
1.6421e-06,-0.83881
1.6422e-06,-0.77922
1.6423e-06,-0.7835
1.6424e-06,-0.62503
1.6425e-06,-0.57439
1.6426e-06,-0.83129
1.6427e-06,-0.66718
1.6428e-06,-0.76891
1.6429e-06,-0.70763
1.643e-06,-0.82392
1.6431e-06,-0.75559
1.6432e-06,-0.91462
1.6433e-06,-0.67126
1.6434e-06,-0.93727
1.6435e-06,-0.53562
1.6436e-06,-0.63107
1.6437e-06,-0.92676
1.6438e-06,-0.83269
1.6439e-06,-0.91743
1.644e-06,-0.40585
1.6441e-06,-0.73421
1.6442e-06,-0.61494
1.6443e-06,-0.66523
1.6444e-06,-0.59293
1.6445e-06,-0.62088
1.6446e-06,-0.50001
1.6447e-06,-0.75424
1.6448e-06,-0.67417
1.6449e-06,-0.73344
1.645e-06,-0.48131
1.6451e-06,-0.49219
1.6452e-06,-0.87129
1.6453e-06,-0.46535
1.6454e-06,-0.55861
1.6455e-06,-0.49169
1.6456e-06,-0.70814
1.6457e-06,-0.54424
1.6458e-06,-0.62004
1.6459e-06,-0.41092
1.646e-06,-0.452
1.6461e-06,-0.58194
1.6462e-06,-0.70202
1.6463e-06,-0.77101
1.6464e-06,-0.48761
1.6465e-06,-0.45309
1.6466e-06,-0.50313
1.6467e-06,-0.5183
1.6468e-06,-0.57016
1.6469e-06,-0.44907
1.647e-06,-0.36018
1.6471e-06,-0.40334
1.6472e-06,-0.3686
1.6473e-06,-0.24727
1.6474e-06,-0.65597
1.6475e-06,-0.43628
1.6476e-06,-0.46066
1.6477e-06,-0.39752
1.6478e-06,-0.12754
1.6479e-06,-0.37716
1.648e-06,-0.4874
1.6481e-06,-0.39471
1.6482e-06,-0.19144
1.6483e-06,-0.60273
1.6484e-06,-0.13081
1.6485e-06,-0.24442
1.6486e-06,-0.38215
1.6487e-06,-0.28936
1.6488e-06,-0.30515
1.6489e-06,-0.29498
1.649e-06,-0.26125
1.6491e-06,-0.076291
1.6492e-06,-0.11737
1.6493e-06,-0.20574
1.6494e-06,0.072243
1.6495e-06,-0.29564
1.6496e-06,-0.39429
1.6497e-06,-0.21557
1.6498e-06,-0.29666
1.6499e-06,-0.11773
1.65e-06,0.0017835
