1.35e-06,9.0607
1.3501e-06,9.1238
1.3502e-06,9.1159
1.3503e-06,9.0431
1.3504e-06,8.986
1.3505e-06,9.0339
1.3506e-06,9.0202
1.3507e-06,9.1341
1.3508e-06,9.2108
1.3509e-06,8.9912
1.351e-06,9.1079
1.3511e-06,9.0657
1.3512e-06,9.1368
1.3513e-06,9.0386
1.3514e-06,9.0455
1.3515e-06,9.0419
1.3516e-06,8.9117
1.3517e-06,9.0482
1.3518e-06,9.1039
1.3519e-06,9.0414
1.352e-06,8.8595
1.3521e-06,9.1111
1.3522e-06,9.0353
1.3523e-06,9.0482
1.3524e-06,8.9245
1.3525e-06,8.997
1.3526e-06,8.9445
1.3527e-06,8.8385
1.3528e-06,8.9499
1.3529e-06,8.9706
1.353e-06,9.015
1.3531e-06,8.841
1.3532e-06,8.9084
1.3533e-06,8.8719
1.3534e-06,8.8243
1.3535e-06,8.8565
1.3536e-06,9.0127
1.3537e-06,8.8615
1.3538e-06,8.8607
1.3539e-06,8.8173
1.354e-06,8.9767
1.3541e-06,8.9818
1.3542e-06,8.7119
1.3543e-06,8.9156
1.3544e-06,8.8489
1.3545e-06,8.8428
1.3546e-06,8.8616
1.3547e-06,8.8417
1.3548e-06,8.8807
1.3549e-06,8.8512
1.355e-06,8.8521
1.3551e-06,8.9035
1.3552e-06,8.7693
1.3553e-06,8.8582
1.3554e-06,8.6643
1.3555e-06,8.7709
1.3556e-06,8.7477
1.3557e-06,8.7509
1.3558e-06,8.7241
1.3559e-06,8.7954
1.356e-06,8.808
1.3561e-06,8.892
1.3562e-06,8.8904
1.3563e-06,8.9744
1.3564e-06,8.6445
1.3565e-06,8.9829
1.3566e-06,8.7681
1.3567e-06,8.7313
1.3568e-06,8.8965
1.3569e-06,8.71
1.357e-06,8.8734
1.3571e-06,8.786
1.3572e-06,8.7115
1.3573e-06,8.7128
1.3574e-06,8.7098
1.3575e-06,8.745
1.3576e-06,8.8185
1.3577e-06,8.7534
1.3578e-06,8.7172
1.3579e-06,8.7678
1.358e-06,8.7297
1.3581e-06,8.7125
1.3582e-06,8.7234
1.3583e-06,8.8478
1.3584e-06,8.6891
1.3585e-06,8.8819
1.3586e-06,8.68
1.3587e-06,8.5986
1.3588e-06,8.7978
1.3589e-06,8.6484
1.359e-06,8.6071
1.3591e-06,8.6669
1.3592e-06,8.716
1.3593e-06,8.6481
1.3594e-06,8.6231
1.3595e-06,8.6161
1.3596e-06,8.6144
1.3597e-06,8.6348
1.3598e-06,8.5124
1.3599e-06,8.6331
1.36e-06,8.6465
1.3601e-06,8.5466
1.3602e-06,8.5184
1.3603e-06,8.5599
1.3604e-06,8.5792
1.3605e-06,8.6124
1.3606e-06,8.5992
1.3607e-06,8.4914
1.3608e-06,8.5461
1.3609e-06,8.6115
1.361e-06,8.5589
1.3611e-06,8.5449
1.3612e-06,8.5205
1.3613e-06,8.3777
1.3614e-06,8.4814
1.3615e-06,8.4701
1.3616e-06,8.4809
1.3617e-06,8.5057
1.3618e-06,8.4866
1.3619e-06,8.5307
1.362e-06,8.5075
1.3621e-06,8.5778
1.3622e-06,8.4631
1.3623e-06,8.3688
1.3624e-06,8.5298
1.3625e-06,8.3629
1.3626e-06,8.4582
1.3627e-06,8.5905
1.3628e-06,8.4817
1.3629e-06,8.5736
1.363e-06,8.598
1.3631e-06,8.4512
1.3632e-06,8.4014
1.3633e-06,8.4961
1.3634e-06,8.4233
1.3635e-06,8.4974
1.3636e-06,8.5109
1.3637e-06,8.5449
1.3638e-06,8.5039
1.3639e-06,8.5214
1.364e-06,8.4098
1.3641e-06,8.4126
1.3642e-06,8.5277
1.3643e-06,8.5589
1.3644e-06,8.4054
1.3645e-06,8.4146
1.3646e-06,8.3371
1.3647e-06,8.3592
1.3648e-06,8.3521
1.3649e-06,8.4219
1.365e-06,8.496
1.3651e-06,8.306
1.3652e-06,8.4682
1.3653e-06,8.2161
1.3654e-06,8.2787
1.3655e-06,8.4868
1.3656e-06,8.2985
1.3657e-06,8.3101
1.3658e-06,8.2774
1.3659e-06,8.327
1.366e-06,8.4418
1.3661e-06,8.354
1.3662e-06,8.4142
1.3663e-06,8.2382
1.3664e-06,8.3779
1.3665e-06,8.4315
1.3666e-06,8.3426
1.3667e-06,8.2313
1.3668e-06,8.2842
1.3669e-06,8.3009
1.367e-06,8.219
1.3671e-06,8.2832
1.3672e-06,8.3556
1.3673e-06,8.179
1.3674e-06,8.2578
1.3675e-06,8.1676
1.3676e-06,8.2663
1.3677e-06,8.3215
1.3678e-06,8.2385
1.3679e-06,8.3389
1.368e-06,8.2526
1.3681e-06,8.419
1.3682e-06,8.1995
1.3683e-06,8.2404
1.3684e-06,8.254
1.3685e-06,8.2968
1.3686e-06,8.272
1.3687e-06,8.1317
1.3688e-06,8.2066
1.3689e-06,8.2506
1.369e-06,8.3231
1.3691e-06,8.1443
1.3692e-06,8.2337
1.3693e-06,8.2709
1.3694e-06,8.1251
1.3695e-06,8.201
1.3696e-06,8.1914
1.3697e-06,8.1918
1.3698e-06,8.2792
1.3699e-06,8.1731
1.37e-06,8.1537
1.3701e-06,8.1495
1.3702e-06,8.2529
1.3703e-06,8.1696
1.3704e-06,8.0652
1.3705e-06,8.2065
1.3706e-06,8.3106
1.3707e-06,8.1398
1.3708e-06,8.1262
1.3709e-06,8.0598
1.371e-06,8.1224
1.3711e-06,8.1466
1.3712e-06,8.1525
1.3713e-06,8.1343
1.3714e-06,8.1202
1.3715e-06,8.2013
1.3716e-06,8.0492
1.3717e-06,8.1066
1.3718e-06,8.1457
1.3719e-06,8.2143
1.372e-06,8.1195
1.3721e-06,8.1018
1.3722e-06,8.0646
1.3723e-06,8.1929
1.3724e-06,7.9707
1.3725e-06,7.9687
1.3726e-06,8.0758
1.3727e-06,7.9229
1.3728e-06,7.9943
1.3729e-06,8.0021
1.373e-06,8.0113
1.3731e-06,7.8994
1.3732e-06,7.9367
1.3733e-06,7.9713
1.3734e-06,8.0902
1.3735e-06,7.9319
1.3736e-06,7.8708
1.3737e-06,8.0243
1.3738e-06,8.1114
1.3739e-06,7.9448
1.374e-06,8.0331
1.3741e-06,8.0402
1.3742e-06,7.9233
1.3743e-06,7.9573
1.3744e-06,7.9734
1.3745e-06,7.9817
1.3746e-06,8.0602
1.3747e-06,8.0089
1.3748e-06,8.0373
1.3749e-06,7.9738
1.375e-06,8.0337
1.3751e-06,7.9977
1.3752e-06,7.8692
1.3753e-06,7.9047
1.3754e-06,7.9031
1.3755e-06,7.8542
1.3756e-06,7.8855
1.3757e-06,7.9811
1.3758e-06,8.0122
1.3759e-06,7.8094
1.376e-06,7.8473
1.3761e-06,7.7986
1.3762e-06,8.0696
1.3763e-06,8.0478
1.3764e-06,7.8638
1.3765e-06,7.8958
1.3766e-06,7.9773
1.3767e-06,7.9166
1.3768e-06,7.8439
1.3769e-06,7.9071
1.377e-06,7.944
1.3771e-06,7.8422
1.3772e-06,7.8364
1.3773e-06,7.9634
1.3774e-06,7.8064
1.3775e-06,7.9105
1.3776e-06,7.7563
1.3777e-06,7.7626
1.3778e-06,7.8585
1.3779e-06,7.82
1.378e-06,7.9268
1.3781e-06,7.7369
1.3782e-06,7.8899
1.3783e-06,7.7894
1.3784e-06,7.7324
1.3785e-06,7.6863
1.3786e-06,7.7485
1.3787e-06,7.7365
1.3788e-06,7.729
1.3789e-06,7.8265
1.379e-06,7.6329
1.3791e-06,7.7964
1.3792e-06,7.797
1.3793e-06,7.7194
1.3794e-06,7.6893
1.3795e-06,7.6609
1.3796e-06,7.9271
1.3797e-06,7.6619
1.3798e-06,7.6893
1.3799e-06,7.618
1.38e-06,7.7073
1.3801e-06,7.8217
1.3802e-06,7.7501
1.3803e-06,7.7517
1.3804e-06,7.741
1.3805e-06,7.6164
1.3806e-06,7.8706
1.3807e-06,7.7454
1.3808e-06,7.763
1.3809e-06,7.6072
1.381e-06,7.7342
1.3811e-06,7.6511
1.3812e-06,7.6744
1.3813e-06,7.7379
1.3814e-06,7.6454
1.3815e-06,7.7757
1.3816e-06,7.6743
1.3817e-06,7.6935
1.3818e-06,7.612
1.3819e-06,7.5727
1.382e-06,7.6482
1.3821e-06,7.5959
1.3822e-06,7.5535
1.3823e-06,7.6126
1.3824e-06,7.568
1.3825e-06,7.6138
1.3826e-06,7.7115
1.3827e-06,7.5685
1.3828e-06,7.5556
1.3829e-06,7.5281
1.383e-06,7.7631
1.3831e-06,7.5136
1.3832e-06,7.5388
1.3833e-06,7.4415
1.3834e-06,7.5765
1.3835e-06,7.5323
1.3836e-06,7.6001
1.3837e-06,7.5716
1.3838e-06,7.632
1.3839e-06,7.3919
1.384e-06,7.5348
1.3841e-06,7.4586
1.3842e-06,7.5649
1.3843e-06,7.4138
1.3844e-06,7.4443
1.3845e-06,7.4799
1.3846e-06,7.6154
1.3847e-06,7.5526
1.3848e-06,7.448
1.3849e-06,7.5269
1.385e-06,7.544
1.3851e-06,7.4599
1.3852e-06,7.4537
1.3853e-06,7.4825
1.3854e-06,7.5132
1.3855e-06,7.5902
1.3856e-06,7.4881
1.3857e-06,7.4749
1.3858e-06,7.3447
1.3859e-06,7.507
1.386e-06,7.3964
1.3861e-06,7.51
1.3862e-06,7.3662
1.3863e-06,7.3619
1.3864e-06,7.4101
1.3865e-06,7.3847
1.3866e-06,7.4254
1.3867e-06,7.364
1.3868e-06,7.4949
1.3869e-06,7.3593
1.387e-06,7.4056
1.3871e-06,7.2498
1.3872e-06,7.3652
1.3873e-06,7.465
1.3874e-06,7.1728
1.3875e-06,7.3863
1.3876e-06,7.4042
1.3877e-06,7.3591
1.3878e-06,7.1805
1.3879e-06,7.2829
1.388e-06,7.3842
1.3881e-06,7.3315
1.3882e-06,7.2274
1.3883e-06,7.3586
1.3884e-06,7.2677
1.3885e-06,7.2106
1.3886e-06,7.2982
1.3887e-06,7.2679
1.3888e-06,7.3683
1.3889e-06,7.2262
1.389e-06,7.1345
1.3891e-06,7.2259
1.3892e-06,7.397
1.3893e-06,7.4498
1.3894e-06,7.2481
1.3895e-06,7.2432
1.3896e-06,7.2428
1.3897e-06,7.2637
1.3898e-06,7.2108
1.3899e-06,7.2571
1.39e-06,7.1924
1.3901e-06,7.0833
1.3902e-06,7.2946
1.3903e-06,7.1186
1.3904e-06,7.1923
1.3905e-06,7.1981
1.3906e-06,7.1554
1.3907e-06,7.24
1.3908e-06,7.3465
1.3909e-06,7.1432
1.391e-06,7.0638
1.3911e-06,7.2754
1.3912e-06,7.1063
1.3913e-06,7.0838
1.3914e-06,7.0649
1.3915e-06,7.0812
1.3916e-06,7.331
1.3917e-06,7.2316
1.3918e-06,7.0696
1.3919e-06,7.0943
1.392e-06,7.2208
1.3921e-06,7.0767
1.3922e-06,7.1981
1.3923e-06,7.0004
1.3924e-06,7.1329
1.3925e-06,7.2265
1.3926e-06,7.1099
1.3927e-06,6.9327
1.3928e-06,7.1875
1.3929e-06,7.1466
1.393e-06,7.0598
1.3931e-06,7.0878
1.3932e-06,7.0898
1.3933e-06,7.2543
1.3934e-06,6.9748
1.3935e-06,6.9728
1.3936e-06,6.9581
1.3937e-06,6.9729
1.3938e-06,7.0281
1.3939e-06,7.1659
1.394e-06,7.0997
1.3941e-06,6.9861
1.3942e-06,7.1292
1.3943e-06,7.027
1.3944e-06,7.0628
1.3945e-06,6.8558
1.3946e-06,6.9426
1.3947e-06,6.8601
1.3948e-06,6.9847
1.3949e-06,6.9503
1.395e-06,6.9598
1.3951e-06,6.9406
1.3952e-06,6.9354
1.3953e-06,6.9771
1.3954e-06,6.9122
1.3955e-06,6.8386
1.3956e-06,6.8976
1.3957e-06,6.927
1.3958e-06,7.0913
1.3959e-06,6.9636
1.396e-06,6.8838
1.3961e-06,7.1466
1.3962e-06,6.926
1.3963e-06,6.8548
1.3964e-06,6.7506
1.3965e-06,6.7316
1.3966e-06,6.8373
1.3967e-06,6.8096
1.3968e-06,6.8902
1.3969e-06,6.8335
1.397e-06,6.8061
1.3971e-06,6.8087
1.3972e-06,6.91
1.3973e-06,6.8063
1.3974e-06,6.9452
1.3975e-06,6.8488
1.3976e-06,6.7636
1.3977e-06,6.9155
1.3978e-06,6.7969
1.3979e-06,6.7698
1.398e-06,6.9117
1.3981e-06,6.961
1.3982e-06,6.9559
1.3983e-06,6.8266
1.3984e-06,7.0047
1.3985e-06,6.7723
1.3986e-06,6.7774
1.3987e-06,6.6209
1.3988e-06,6.6886
1.3989e-06,6.6707
1.399e-06,6.6899
1.3991e-06,6.6923
1.3992e-06,6.7351
1.3993e-06,6.6358
1.3994e-06,6.6484
1.3995e-06,6.8609
1.3996e-06,6.6752
1.3997e-06,6.8166
1.3998e-06,6.7271
1.3999e-06,6.664
1.4e-06,6.7117
1.4001e-06,6.6411
1.4002e-06,6.6713
1.4003e-06,6.5713
1.4004e-06,6.6972
1.4005e-06,6.5247
1.4006e-06,6.6428
1.4007e-06,6.7545
1.4008e-06,6.6906
1.4009e-06,6.6689
1.401e-06,6.6199
1.4011e-06,6.4707
1.4012e-06,6.5836
1.4013e-06,6.555
1.4014e-06,6.5063
1.4015e-06,6.5828
1.4016e-06,6.6761
1.4017e-06,6.5631
1.4018e-06,6.6799
1.4019e-06,6.6281
1.402e-06,6.6148
1.4021e-06,6.5751
1.4022e-06,6.5622
1.4023e-06,6.565
1.4024e-06,6.5921
1.4025e-06,6.5901
1.4026e-06,6.563
1.4027e-06,6.4955
1.4028e-06,6.4813
1.4029e-06,6.6077
1.403e-06,6.6425
1.4031e-06,6.5592
1.4032e-06,6.5692
1.4033e-06,6.482
1.4034e-06,6.6471
1.4035e-06,6.3627
1.4036e-06,6.5346
1.4037e-06,6.3936
1.4038e-06,6.4882
1.4039e-06,6.5046
1.404e-06,6.5096
1.4041e-06,6.4973
1.4042e-06,6.3419
1.4043e-06,6.4678
1.4044e-06,6.5462
1.4045e-06,6.5684
1.4046e-06,6.2913
1.4047e-06,6.5125
1.4048e-06,6.4332
1.4049e-06,6.382
1.405e-06,6.2586
1.4051e-06,6.302
1.4052e-06,6.263
1.4053e-06,6.3263
1.4054e-06,6.46
1.4055e-06,6.3417
1.4056e-06,6.3434
1.4057e-06,6.2259
1.4058e-06,6.3343
1.4059e-06,6.4268
1.406e-06,6.3118
1.4061e-06,6.2146
1.4062e-06,6.3747
1.4063e-06,6.3345
1.4064e-06,6.2363
1.4065e-06,6.2699
1.4066e-06,6.4434
1.4067e-06,6.3561
1.4068e-06,6.4277
1.4069e-06,6.2248
1.407e-06,6.311
1.4071e-06,6.3853
1.4072e-06,6.2821
1.4073e-06,6.314
1.4074e-06,6.2132
1.4075e-06,6.3357
1.4076e-06,6.3175
1.4077e-06,6.1506
1.4078e-06,6.0881
1.4079e-06,6.3065
1.408e-06,6.257
1.4081e-06,6.0965
1.4082e-06,6.1217
1.4083e-06,6.0845
1.4084e-06,6.1478
1.4085e-06,6.0872
1.4086e-06,6.3043
1.4087e-06,6.1214
1.4088e-06,6.1151
1.4089e-06,6.2657
1.409e-06,6.2094
1.4091e-06,5.9969
1.4092e-06,6.2035
1.4093e-06,6.1312
1.4094e-06,6.16
1.4095e-06,6.246
1.4096e-06,6.0597
1.4097e-06,6.1257
1.4098e-06,6.082
1.4099e-06,6.1066
1.41e-06,6.0663
1.4101e-06,6.0575
1.4102e-06,6.353
1.4103e-06,5.9931
1.4104e-06,5.9808
1.4105e-06,6.0698
1.4106e-06,6.0399
1.4107e-06,6.1385
1.4108e-06,6.1271
1.4109e-06,6.1626
1.411e-06,6.1488
1.4111e-06,5.9564
1.4112e-06,6.0825
1.4113e-06,5.9567
1.4114e-06,6.1314
1.4115e-06,5.8785
1.4116e-06,5.9001
1.4117e-06,5.9818
1.4118e-06,6.0132
1.4119e-06,5.9944
1.412e-06,5.9859
1.4121e-06,5.9635
1.4122e-06,5.9208
1.4123e-06,6.0607
1.4124e-06,6.0378
1.4125e-06,5.8417
1.4126e-06,5.9417
1.4127e-06,5.8342
1.4128e-06,5.9582
1.4129e-06,5.8633
1.413e-06,5.8081
1.4131e-06,5.8263
1.4132e-06,5.8204
1.4133e-06,5.8425
1.4134e-06,5.8149
1.4135e-06,5.7715
1.4136e-06,5.8877
1.4137e-06,5.8739
1.4138e-06,5.7552
1.4139e-06,5.7697
1.414e-06,5.7864
1.4141e-06,5.9986
1.4142e-06,5.7621
1.4143e-06,5.7002
1.4144e-06,5.7836
1.4145e-06,5.8831
1.4146e-06,5.8618
1.4147e-06,5.8337
1.4148e-06,5.6856
1.4149e-06,5.7664
1.415e-06,5.6718
1.4151e-06,5.9047
1.4152e-06,5.9051
1.4153e-06,5.7103
1.4154e-06,5.7145
1.4155e-06,5.777
1.4156e-06,5.7854
1.4157e-06,5.704
1.4158e-06,5.7891
1.4159e-06,5.7886
1.416e-06,5.8939
1.4161e-06,5.6343
1.4162e-06,5.6242
1.4163e-06,5.7216
1.4164e-06,5.6247
1.4165e-06,5.6581
1.4166e-06,5.426
1.4167e-06,5.7921
1.4168e-06,5.6005
1.4169e-06,5.6748
1.417e-06,5.5671
1.4171e-06,5.7077
1.4172e-06,5.6241
1.4173e-06,5.6882
1.4174e-06,5.6956
1.4175e-06,5.6547
1.4176e-06,5.6594
1.4177e-06,5.636
1.4178e-06,5.4802
1.4179e-06,5.6403
1.418e-06,5.4714
1.4181e-06,5.6322
1.4182e-06,5.6731
1.4183e-06,5.6092
1.4184e-06,5.5574
1.4185e-06,5.3947
1.4186e-06,5.5454
1.4187e-06,5.3641
1.4188e-06,5.5253
1.4189e-06,5.5537
1.419e-06,5.7399
1.4191e-06,5.4692
1.4192e-06,5.3516
1.4193e-06,5.3627
1.4194e-06,5.4896
1.4195e-06,5.5386
1.4196e-06,5.3974
1.4197e-06,5.3597
1.4198e-06,5.5356
1.4199e-06,5.4242
1.42e-06,5.4856
1.4201e-06,5.2532
1.4202e-06,5.6316
1.4203e-06,5.2835
1.4204e-06,5.2582
1.4205e-06,5.322
1.4206e-06,5.3374
1.4207e-06,5.4427
1.4208e-06,5.4389
1.4209e-06,5.2397
1.421e-06,5.53
1.4211e-06,5.2421
1.4212e-06,5.4093
1.4213e-06,5.3452
1.4214e-06,5.2047
1.4215e-06,5.2492
1.4216e-06,5.3817
1.4217e-06,5.5005
1.4218e-06,5.3257
1.4219e-06,5.3025
1.422e-06,5.4593
1.4221e-06,5.2175
1.4222e-06,5.2082
1.4223e-06,5.402
1.4224e-06,5.3035
1.4225e-06,5.3129
1.4226e-06,5.2356
1.4227e-06,5.2189
1.4228e-06,5.1775
1.4229e-06,5.1633
1.423e-06,5.2032
1.4231e-06,5.1337
1.4232e-06,5.1841
1.4233e-06,5.1819
1.4234e-06,5.2384
1.4235e-06,5.2066
1.4236e-06,5.2977
1.4237e-06,5.0251
1.4238e-06,5.3169
1.4239e-06,5.3667
1.424e-06,5.1195
1.4241e-06,5.0637
1.4242e-06,5.2186
1.4243e-06,5.1463
1.4244e-06,5.111
1.4245e-06,5.2663
1.4246e-06,5.1289
1.4247e-06,5.0641
1.4248e-06,5.0556
1.4249e-06,5.0125
1.425e-06,5.1511
1.4251e-06,5.1916
1.4252e-06,4.9892
1.4253e-06,5.0673
1.4254e-06,5.1436
1.4255e-06,5.1514
1.4256e-06,5.0988
1.4257e-06,5.072
1.4258e-06,5.1125
1.4259e-06,5.0853
1.426e-06,5.1565
1.4261e-06,5.1134
1.4262e-06,5.0069
1.4263e-06,5.196
1.4264e-06,4.9271
1.4265e-06,5.096
1.4266e-06,5.0297
1.4267e-06,5.1011
1.4268e-06,4.9448
1.4269e-06,5.1649
1.427e-06,4.9283
1.4271e-06,5.0269
1.4272e-06,4.8333
1.4273e-06,5.0142
1.4274e-06,4.9837
1.4275e-06,4.9741
1.4276e-06,4.9167
1.4277e-06,4.7341
1.4278e-06,4.8611
1.4279e-06,4.7614
1.428e-06,4.8491
1.4281e-06,4.8081
1.4282e-06,4.764
1.4283e-06,4.816
1.4284e-06,4.9227
1.4285e-06,4.7756
1.4286e-06,4.8905
1.4287e-06,4.8655
1.4288e-06,4.8952
1.4289e-06,4.9032
1.429e-06,4.8675
1.4291e-06,4.7107
1.4292e-06,4.7446
1.4293e-06,4.6178
1.4294e-06,4.7288
1.4295e-06,4.8809
1.4296e-06,4.7412
1.4297e-06,4.9118
1.4298e-06,4.7813
1.4299e-06,4.7031
1.43e-06,4.8484
1.4301e-06,4.7505
1.4302e-06,4.6937
1.4303e-06,4.8712
1.4304e-06,4.8349
1.4305e-06,4.7425
1.4306e-06,4.7723
1.4307e-06,4.6793
1.4308e-06,4.8395
1.4309e-06,4.7035
1.431e-06,4.5084
1.4311e-06,4.7625
1.4312e-06,4.5441
1.4313e-06,4.5295
1.4314e-06,4.7627
1.4315e-06,4.5986
1.4316e-06,4.5473
1.4317e-06,4.6605
1.4318e-06,4.7728
1.4319e-06,4.5467
1.432e-06,4.646
1.4321e-06,4.5953
1.4322e-06,4.5988
1.4323e-06,4.5414
1.4324e-06,4.4431
1.4325e-06,4.427
1.4326e-06,4.4702
1.4327e-06,4.5943
1.4328e-06,4.615
1.4329e-06,4.6088
1.433e-06,4.5009
1.4331e-06,4.4939
1.4332e-06,4.4978
1.4333e-06,4.4708
1.4334e-06,4.4071
1.4335e-06,4.5258
1.4336e-06,4.5014
1.4337e-06,4.4196
1.4338e-06,4.3892
1.4339e-06,4.5532
1.434e-06,4.4453
1.4341e-06,4.4349
1.4342e-06,4.4849
1.4343e-06,4.4907
1.4344e-06,4.4218
1.4345e-06,4.4767
1.4346e-06,4.3808
1.4347e-06,4.5448
1.4348e-06,4.4603
1.4349e-06,4.5114
1.435e-06,4.4609
1.4351e-06,4.3961
1.4352e-06,4.3632
1.4353e-06,4.2521
1.4354e-06,4.2744
1.4355e-06,4.2238
1.4356e-06,4.1795
1.4357e-06,4.3946
1.4358e-06,4.308
1.4359e-06,4.4622
1.436e-06,4.3173
1.4361e-06,4.3502
1.4362e-06,4.2098
1.4363e-06,4.2468
1.4364e-06,4.302
1.4365e-06,4.2841
1.4366e-06,4.4287
1.4367e-06,4.204
1.4368e-06,4.0795
1.4369e-06,4.3466
1.437e-06,4.2719
1.4371e-06,4.2325
1.4372e-06,4.2923
1.4373e-06,4.1597
1.4374e-06,4.1743
1.4375e-06,4.0475
1.4376e-06,4.2481
1.4377e-06,4.1213
1.4378e-06,4.1949
1.4379e-06,4.146
1.438e-06,4.2437
1.4381e-06,4.2866
1.4382e-06,4.1766
1.4383e-06,4.0736
1.4384e-06,4.1949
1.4385e-06,4.1159
1.4386e-06,4.1954
1.4387e-06,4.0718
1.4388e-06,4.0447
1.4389e-06,3.993
1.439e-06,3.9318
1.4391e-06,4.085
1.4392e-06,3.9849
1.4393e-06,4.096
1.4394e-06,4.1192
1.4395e-06,4.0907
1.4396e-06,4.0275
1.4397e-06,3.9526
1.4398e-06,4.0973
1.4399e-06,4.01
1.44e-06,4.0545
1.4401e-06,4.0629
1.4402e-06,3.891
1.4403e-06,3.9661
1.4404e-06,3.9067
1.4405e-06,4.0612
1.4406e-06,3.8865
1.4407e-06,4.0239
1.4408e-06,4.0283
1.4409e-06,4.0498
1.441e-06,4.0102
1.4411e-06,3.9737
1.4412e-06,3.696
1.4413e-06,3.8372
1.4414e-06,3.7625
1.4415e-06,3.8949
1.4416e-06,3.7599
1.4417e-06,3.7812
1.4418e-06,3.897
1.4419e-06,3.8639
1.442e-06,3.9892
1.4421e-06,3.8715
1.4422e-06,3.7285
1.4423e-06,3.6846
1.4424e-06,3.8376
1.4425e-06,3.884
1.4426e-06,3.7168
1.4427e-06,3.9095
1.4428e-06,3.8216
1.4429e-06,3.9498
1.443e-06,3.8356
1.4431e-06,3.6859
1.4432e-06,3.7194
1.4433e-06,3.6725
1.4434e-06,3.6736
1.4435e-06,3.8124
1.4436e-06,3.6208
1.4437e-06,3.7356
1.4438e-06,3.6704
1.4439e-06,3.6782
1.444e-06,3.5742
1.4441e-06,3.7329
1.4442e-06,3.6369
1.4443e-06,3.7132
1.4444e-06,3.6531
1.4445e-06,3.7855
1.4446e-06,3.6504
1.4447e-06,3.681
1.4448e-06,3.6959
1.4449e-06,3.8801
1.445e-06,3.5848
1.4451e-06,3.6184
1.4452e-06,3.4137
1.4453e-06,3.6582
1.4454e-06,3.6321
1.4455e-06,3.4781
1.4456e-06,3.5324
1.4457e-06,3.5967
1.4458e-06,3.4506
1.4459e-06,3.666
1.446e-06,3.569
1.4461e-06,3.5271
1.4462e-06,3.4719
1.4463e-06,3.5528
1.4464e-06,3.5019
1.4465e-06,3.4926
1.4466e-06,3.534
1.4467e-06,3.5696
1.4468e-06,3.4162
1.4469e-06,3.3297
1.447e-06,3.4304
1.4471e-06,3.5334
1.4472e-06,3.4968
1.4473e-06,3.3492
1.4474e-06,3.1874
1.4475e-06,3.3628
1.4476e-06,3.2765
1.4477e-06,3.3638
1.4478e-06,3.4257
1.4479e-06,3.3645
1.448e-06,3.3476
1.4481e-06,3.3669
1.4482e-06,3.2798
1.4483e-06,3.1951
1.4484e-06,3.3246
1.4485e-06,3.4346
1.4486e-06,3.3632
1.4487e-06,3.2452
1.4488e-06,3.2779
1.4489e-06,3.279
1.449e-06,3.2907
1.4491e-06,3.1605
1.4492e-06,3.2798
1.4493e-06,3.3167
1.4494e-06,3.3699
1.4495e-06,3.1301
1.4496e-06,3.2321
1.4497e-06,3.175
1.4498e-06,3.1323
1.4499e-06,3.0982
1.45e-06,3.3437
1.4501e-06,3.2785
1.4502e-06,3.1442
1.4503e-06,3.0973
1.4504e-06,2.966
1.4505e-06,3.2112
1.4506e-06,3.0232
1.4507e-06,3.2549
1.4508e-06,3.295
1.4509e-06,3.1968
1.451e-06,3.0773
1.4511e-06,3.135
1.4512e-06,3.0866
1.4513e-06,3.1168
1.4514e-06,3.034
1.4515e-06,3.1723
1.4516e-06,2.9751
1.4517e-06,3.0078
1.4518e-06,3.1639
1.4519e-06,3.0188
1.452e-06,2.9172
1.4521e-06,3.0977
1.4522e-06,3.1268
1.4523e-06,2.9371
1.4524e-06,3.1933
1.4525e-06,3.0034
1.4526e-06,3.0127
1.4527e-06,3.0894
1.4528e-06,3.005
1.4529e-06,2.8398
1.453e-06,3.1492
1.4531e-06,3.0294
1.4532e-06,2.9561
1.4533e-06,3.0226
1.4534e-06,2.8209
1.4535e-06,2.7874
1.4536e-06,2.8356
1.4537e-06,2.7965
1.4538e-06,2.9434
1.4539e-06,2.848
1.454e-06,2.7807
1.4541e-06,3.0458
1.4542e-06,2.8743
1.4543e-06,2.7884
1.4544e-06,2.5787
1.4545e-06,2.8907
1.4546e-06,2.9339
1.4547e-06,2.8846
1.4548e-06,2.7182
1.4549e-06,2.7427
1.455e-06,2.9404
1.4551e-06,2.8038
1.4552e-06,2.802
1.4553e-06,2.5671
1.4554e-06,2.7383
1.4555e-06,2.7879
1.4556e-06,2.6424
1.4557e-06,2.6536
1.4558e-06,2.8191
1.4559e-06,2.7945
1.456e-06,2.7544
1.4561e-06,2.783
1.4562e-06,2.5571
1.4563e-06,2.5756
1.4564e-06,2.5215
1.4565e-06,2.4824
1.4566e-06,2.5023
1.4567e-06,2.6169
1.4568e-06,2.5554
1.4569e-06,2.6749
1.457e-06,2.5558
1.4571e-06,2.5589
1.4572e-06,2.6574
1.4573e-06,2.3984
1.4574e-06,2.289
1.4575e-06,2.5908
1.4576e-06,2.6152
1.4577e-06,2.4785
1.4578e-06,2.6487
1.4579e-06,2.5231
1.458e-06,2.6001
1.4581e-06,2.5392
1.4582e-06,2.3666
1.4583e-06,2.3903
1.4584e-06,2.5732
1.4585e-06,2.4288
1.4586e-06,2.3602
1.4587e-06,2.4645
1.4588e-06,2.331
1.4589e-06,2.2358
1.459e-06,2.2237
1.4591e-06,2.5158
1.4592e-06,2.2996
1.4593e-06,2.3169
1.4594e-06,2.1931
1.4595e-06,2.4032
1.4596e-06,2.3845
1.4597e-06,2.2453
1.4598e-06,2.401
1.4599e-06,2.4355
1.46e-06,2.2278
1.4601e-06,2.2563
1.4602e-06,2.1946
1.4603e-06,2.3701
1.4604e-06,2.296
1.4605e-06,2.1217
1.4606e-06,2.2766
1.4607e-06,2.1861
1.4608e-06,2.3738
1.4609e-06,2.2225
1.461e-06,2.3182
1.4611e-06,2.3112
1.4612e-06,2.1721
1.4613e-06,2.2207
1.4614e-06,2.0271
1.4615e-06,2.2905
1.4616e-06,2.2475
1.4617e-06,2.2109
1.4618e-06,2.2257
1.4619e-06,2.012
1.462e-06,2.2738
1.4621e-06,2.0293
1.4622e-06,2.1904
1.4623e-06,2.1915
1.4624e-06,2.2955
1.4625e-06,2.1908
1.4626e-06,2.0924
1.4627e-06,2.1177
1.4628e-06,2.067
1.4629e-06,1.9909
1.463e-06,1.94
1.4631e-06,1.9081
1.4632e-06,1.9838
1.4633e-06,2.0209
1.4634e-06,1.9304
1.4635e-06,1.8768
1.4636e-06,1.894
1.4637e-06,1.855
1.4638e-06,1.9451
1.4639e-06,1.9894
1.464e-06,1.8971
1.4641e-06,1.8903
1.4642e-06,1.9485
1.4643e-06,1.8291
1.4644e-06,1.8673
1.4645e-06,1.8023
1.4646e-06,1.7646
1.4647e-06,1.8558
1.4648e-06,1.7034
1.4649e-06,1.7387
1.465e-06,1.7903
1.4651e-06,1.8815
1.4652e-06,1.7906
1.4653e-06,1.6624
1.4654e-06,1.945
1.4655e-06,1.7043
1.4656e-06,1.7076
1.4657e-06,1.6622
1.4658e-06,1.7598
1.4659e-06,1.567
1.466e-06,1.7211
1.4661e-06,1.6898
1.4662e-06,1.8309
1.4663e-06,1.6519
1.4664e-06,1.8564
1.4665e-06,1.6043
1.4666e-06,1.5308
1.4667e-06,1.5226
1.4668e-06,1.6858
1.4669e-06,1.5996
1.467e-06,1.6031
1.4671e-06,1.6433
1.4672e-06,1.5611
1.4673e-06,1.5757
1.4674e-06,1.6749
1.4675e-06,1.5588
1.4676e-06,1.5378
1.4677e-06,1.4916
1.4678e-06,1.53
1.4679e-06,1.4712
1.468e-06,1.5326
1.4681e-06,1.5146
1.4682e-06,1.638
1.4683e-06,1.403
1.4684e-06,1.4142
1.4685e-06,1.459
1.4686e-06,1.3051
1.4687e-06,1.3417
1.4688e-06,1.4213
1.4689e-06,1.3952
1.469e-06,1.4561
1.4691e-06,1.3233
1.4692e-06,1.423
1.4693e-06,1.4332
1.4694e-06,1.2422
1.4695e-06,1.4431
1.4696e-06,1.4545
1.4697e-06,1.2421
1.4698e-06,1.3481
1.4699e-06,1.2744
1.47e-06,1.219
1.4701e-06,1.2462
1.4702e-06,1.2864
1.4703e-06,1.3534
1.4704e-06,1.2357
1.4705e-06,1.2792
1.4706e-06,1.186
1.4707e-06,1.1672
1.4708e-06,1.1156
1.4709e-06,1.2301
1.471e-06,1.3915
1.4711e-06,1.1295
1.4712e-06,1.0877
1.4713e-06,1.167
1.4714e-06,1.174
1.4715e-06,1.1672
1.4716e-06,1.0749
1.4717e-06,1.0609
1.4718e-06,1.0641
1.4719e-06,1.2203
1.472e-06,1.279
1.4721e-06,0.97531
1.4722e-06,1.1396
1.4723e-06,0.86159
1.4724e-06,0.90605
1.4725e-06,0.99699
1.4726e-06,0.97895
1.4727e-06,1.0776
1.4728e-06,1.0465
1.4729e-06,1.1092
1.473e-06,1.0336
1.4731e-06,1.0119
1.4732e-06,1.0335
1.4733e-06,0.92426
1.4734e-06,0.88419
1.4735e-06,1.0826
1.4736e-06,0.86404
1.4737e-06,0.94386
1.4738e-06,0.93127
1.4739e-06,1.0365
1.474e-06,1.03
1.4741e-06,1.0169
1.4742e-06,0.94005
1.4743e-06,0.64811
1.4744e-06,0.93589
1.4745e-06,0.61701
1.4746e-06,0.85224
1.4747e-06,0.74787
1.4748e-06,0.75474
1.4749e-06,0.75943
1.475e-06,0.81141
1.4751e-06,0.84187
1.4752e-06,0.73416
1.4753e-06,0.69932
1.4754e-06,0.83005
1.4755e-06,0.77415
1.4756e-06,0.66312
1.4757e-06,0.68466
1.4758e-06,0.70048
1.4759e-06,0.7668
1.476e-06,0.64128
1.4761e-06,0.4718
1.4762e-06,0.71807
1.4763e-06,0.66128
1.4764e-06,0.77377
1.4765e-06,0.54182
1.4766e-06,0.74303
1.4767e-06,0.64664
1.4768e-06,0.54683
1.4769e-06,0.5514
1.477e-06,0.54876
1.4771e-06,0.50793
1.4772e-06,0.54756
1.4773e-06,0.5551
1.4774e-06,0.46309
1.4775e-06,0.32662
1.4776e-06,0.44947
1.4777e-06,0.46204
1.4778e-06,0.47795
1.4779e-06,0.3063
1.478e-06,0.67224
1.4781e-06,0.50338
1.4782e-06,0.59452
1.4783e-06,0.60375
1.4784e-06,0.49345
1.4785e-06,0.35818
1.4786e-06,0.33779
1.4787e-06,0.35564
1.4788e-06,0.32682
1.4789e-06,0.19112
1.479e-06,0.28013
1.4791e-06,0.38228
1.4792e-06,0.16216
1.4793e-06,0.16533
1.4794e-06,0.15174
1.4795e-06,0.18448
1.4796e-06,0.20808
1.4797e-06,0.26252
1.4798e-06,0.33594
1.4799e-06,0.27649
1.48e-06,0.19537
1.4801e-06,0.15105
1.4802e-06,0.14588
1.4803e-06,0.094335
1.4804e-06,0.086626
1.4805e-06,0.25077
1.4806e-06,0.23714
1.4807e-06,0.17975
1.4808e-06,0.12847
1.4809e-06,0.15153
1.481e-06,0.079123
1.4811e-06,0.14854
1.4812e-06,-0.1261
1.4813e-06,0.13749
1.4814e-06,0.099432
1.4815e-06,0.19115
1.4816e-06,0.069976
1.4817e-06,-0.050582
1.4818e-06,0.017891
1.4819e-06,0.171
1.482e-06,-0.081206
1.4821e-06,-0.1374
1.4822e-06,0.023133
1.4823e-06,0.045141
1.4824e-06,-0.20388
1.4825e-06,-0.032931
1.4826e-06,-0.080808
1.4827e-06,0.021664
1.4828e-06,-0.057396
1.4829e-06,-0.054668
1.483e-06,-0.17288
1.4831e-06,-0.19662
1.4832e-06,-0.15915
1.4833e-06,-0.28948
1.4834e-06,-0.073207
1.4835e-06,-0.12976
1.4836e-06,-0.12812
1.4837e-06,-0.017333
1.4838e-06,-0.24498
1.4839e-06,-0.28087
1.484e-06,-0.29651
1.4841e-06,-0.34469
1.4842e-06,-0.45067
1.4843e-06,-0.56738
1.4844e-06,-0.32154
1.4845e-06,-0.36312
1.4846e-06,-0.42817
1.4847e-06,-0.35894
1.4848e-06,-0.22258
1.4849e-06,-0.58121
1.485e-06,-0.40145
1.4851e-06,-0.36206
1.4852e-06,-0.44083
1.4853e-06,-0.40019
1.4854e-06,-0.33755
1.4855e-06,-0.38028
1.4856e-06,-0.35406
1.4857e-06,-0.40158
1.4858e-06,-0.57303
1.4859e-06,-0.59779
1.486e-06,-0.28676
1.4861e-06,-0.60282
1.4862e-06,-0.52273
1.4863e-06,-0.37626
1.4864e-06,-0.69642
1.4865e-06,-0.48655
1.4866e-06,-0.55214
1.4867e-06,-0.66531
1.4868e-06,-0.55344
1.4869e-06,-0.71905
1.487e-06,-0.78984
1.4871e-06,-0.73372
1.4872e-06,-0.50327
1.4873e-06,-0.70574
1.4874e-06,-0.69226
1.4875e-06,-0.83721
1.4876e-06,-0.62933
1.4877e-06,-0.88171
1.4878e-06,-0.89009
1.4879e-06,-0.73305
1.488e-06,-0.84499
1.4881e-06,-0.65344
1.4882e-06,-0.76735
1.4883e-06,-0.69171
1.4884e-06,-0.83778
1.4885e-06,-0.78126
1.4886e-06,-1.0123
1.4887e-06,-0.86372
1.4888e-06,-0.69485
1.4889e-06,-0.92935
1.489e-06,-0.96643
1.4891e-06,-0.95796
1.4892e-06,-0.92828
1.4893e-06,-1.0007
1.4894e-06,-1.0211
1.4895e-06,-0.98366
1.4896e-06,-0.92927
1.4897e-06,-0.92576
1.4898e-06,-0.95039
1.4899e-06,-1.0283
1.49e-06,-1.0825
1.4901e-06,-1.0314
1.4902e-06,-1.1106
1.4903e-06,-1.031
1.4904e-06,-1.1166
1.4905e-06,-1.131
1.4906e-06,-1.0835
1.4907e-06,-1.2239
1.4908e-06,-1.2334
1.4909e-06,-1.2795
1.491e-06,-1.2425
1.4911e-06,-1.1366
1.4912e-06,-1.1405
1.4913e-06,-1.1571
1.4914e-06,-1.3205
1.4915e-06,-1.2487
1.4916e-06,-1.2004
1.4917e-06,-1.2627
1.4918e-06,-1.301
1.4919e-06,-1.2959
1.492e-06,-1.3734
1.4921e-06,-1.3881
1.4922e-06,-1.3011
1.4923e-06,-1.3524
1.4924e-06,-1.3184
1.4925e-06,-1.4618
1.4926e-06,-1.4604
1.4927e-06,-1.4874
1.4928e-06,-1.425
1.4929e-06,-1.4115
1.493e-06,-1.4408
1.4931e-06,-1.4803
1.4932e-06,-1.4001
1.4933e-06,-1.4575
1.4934e-06,-1.4289
1.4935e-06,-1.4701
1.4936e-06,-1.571
1.4937e-06,-1.5654
1.4938e-06,-1.5978
1.4939e-06,-1.52
1.494e-06,-1.5605
1.4941e-06,-1.5106
1.4942e-06,-1.5485
1.4943e-06,-1.5516
1.4944e-06,-1.6307
1.4945e-06,-1.7103
1.4946e-06,-1.4924
1.4947e-06,-1.6568
1.4948e-06,-1.659
1.4949e-06,-1.7052
1.495e-06,-1.6936
1.4951e-06,-1.7609
1.4952e-06,-1.6294
1.4953e-06,-1.6423
1.4954e-06,-1.7346
1.4955e-06,-1.7425
1.4956e-06,-1.7754
1.4957e-06,-1.8747
1.4958e-06,-1.8466
1.4959e-06,-1.794
1.496e-06,-1.8075
1.4961e-06,-1.6643
1.4962e-06,-2.0688
1.4963e-06,-1.8554
1.4964e-06,-1.8313
1.4965e-06,-2.0639
1.4966e-06,-1.9833
1.4967e-06,-1.9859
1.4968e-06,-1.8607
1.4969e-06,-1.9696
1.497e-06,-2.0408
1.4971e-06,-1.8943
1.4972e-06,-1.9891
1.4973e-06,-2.0956
1.4974e-06,-1.9853
1.4975e-06,-2.0615
1.4976e-06,-2.1452
1.4977e-06,-2.0764
1.4978e-06,-1.9262
1.4979e-06,-2.223
1.498e-06,-2.1332
1.4981e-06,-1.9798
1.4982e-06,-2.1998
1.4983e-06,-2.0715
1.4984e-06,-2.1646
1.4985e-06,-2.179
1.4986e-06,-2.2534
1.4987e-06,-2.225
1.4988e-06,-2.2433
1.4989e-06,-2.3201
1.499e-06,-2.336
1.4991e-06,-2.3988
1.4992e-06,-2.3111
1.4993e-06,-2.3937
1.4994e-06,-2.3617
1.4995e-06,-2.4692
1.4996e-06,-2.4353
1.4997e-06,-2.1554
1.4998e-06,-2.4201
1.4999e-06,-2.37
1.5e-06,-2.5031
1.5001e-06,-2.5645
1.5002e-06,-2.3848
1.5003e-06,-2.5701
1.5004e-06,-2.5879
1.5005e-06,-2.5038
1.5006e-06,-2.4573
1.5007e-06,-2.6354
1.5008e-06,-2.4181
1.5009e-06,-2.4644
1.501e-06,-2.4348
1.5011e-06,-2.5565
1.5012e-06,-2.6547
1.5013e-06,-2.5132
1.5014e-06,-2.6421
1.5015e-06,-2.7433
1.5016e-06,-2.5673
1.5017e-06,-2.7053
1.5018e-06,-2.7143
1.5019e-06,-2.6469
1.502e-06,-2.8253
1.5021e-06,-2.5737
1.5022e-06,-2.8968
1.5023e-06,-2.8633
1.5024e-06,-2.7987
1.5025e-06,-2.817
1.5026e-06,-2.9197
1.5027e-06,-2.761
1.5028e-06,-2.8354
1.5029e-06,-2.6815
1.503e-06,-2.8705
1.5031e-06,-2.6772
1.5032e-06,-2.8975
1.5033e-06,-3.073
1.5034e-06,-2.8241
1.5035e-06,-2.7588
1.5036e-06,-2.9965
1.5037e-06,-2.9391
1.5038e-06,-3.2574
1.5039e-06,-3.351
1.504e-06,-3.0213
1.5041e-06,-3.1342
1.5042e-06,-2.9464
1.5043e-06,-3.1534
1.5044e-06,-3.1138
1.5045e-06,-3.0927
1.5046e-06,-3.107
1.5047e-06,-3.1786
1.5048e-06,-3.2559
1.5049e-06,-3.0247
1.505e-06,-3.1999
1.5051e-06,-3.2382
1.5052e-06,-3.1746
1.5053e-06,-3.1871
1.5054e-06,-3.2435
1.5055e-06,-3.3149
1.5056e-06,-3.1466
1.5057e-06,-3.3728
1.5058e-06,-3.223
1.5059e-06,-3.2266
1.506e-06,-3.302
1.5061e-06,-3.4346
1.5062e-06,-3.3566
1.5063e-06,-3.5432
1.5064e-06,-3.5572
1.5065e-06,-3.478
1.5066e-06,-3.3585
1.5067e-06,-3.3386
1.5068e-06,-3.4827
1.5069e-06,-3.532
1.507e-06,-3.5842
1.5071e-06,-3.6046
1.5072e-06,-3.5244
1.5073e-06,-3.475
1.5074e-06,-3.6549
1.5075e-06,-3.6265
1.5076e-06,-3.514
1.5077e-06,-3.6878
1.5078e-06,-3.6501
1.5079e-06,-3.5828
1.508e-06,-3.4997
1.5081e-06,-3.7474
1.5082e-06,-3.6979
1.5083e-06,-3.7269
1.5084e-06,-3.8173
1.5085e-06,-3.7502
1.5086e-06,-3.7591
1.5087e-06,-3.7189
1.5088e-06,-3.7255
1.5089e-06,-4.0119
1.509e-06,-3.9248
1.5091e-06,-3.9122
1.5092e-06,-3.8353
1.5093e-06,-3.8592
1.5094e-06,-4.001
1.5095e-06,-3.8055
1.5096e-06,-3.7168
1.5097e-06,-3.783
1.5098e-06,-4.0205
1.5099e-06,-4.0844
1.51e-06,-4.0438
1.5101e-06,-4.0223
1.5102e-06,-4.1543
1.5103e-06,-3.9653
1.5104e-06,-4.2212
1.5105e-06,-4.2447
1.5106e-06,-4.1804
1.5107e-06,-4.0688
1.5108e-06,-4.235
1.5109e-06,-4.3258
1.511e-06,-4.358
1.5111e-06,-4.1435
1.5112e-06,-4.0497
1.5113e-06,-4.3896
1.5114e-06,-4.2946
1.5115e-06,-4.2961
1.5116e-06,-4.2777
1.5117e-06,-4.3969
1.5118e-06,-4.3149
1.5119e-06,-4.628
1.512e-06,-4.4638
1.5121e-06,-4.468
1.5122e-06,-4.4903
1.5123e-06,-4.2895
1.5124e-06,-4.5091
1.5125e-06,-4.496
1.5126e-06,-4.5653
1.5127e-06,-4.4993
1.5128e-06,-4.4608
1.5129e-06,-4.617
1.513e-06,-4.3737
1.5131e-06,-4.4874
1.5132e-06,-4.5211
1.5133e-06,-4.4396
1.5134e-06,-4.6412
1.5135e-06,-4.6389
1.5136e-06,-4.7275
1.5137e-06,-4.8092
1.5138e-06,-4.7419
1.5139e-06,-4.7567
1.514e-06,-4.8265
1.5141e-06,-4.8356
1.5142e-06,-4.7787
1.5143e-06,-4.7071
1.5144e-06,-4.851
1.5145e-06,-4.8019
1.5146e-06,-4.8512
1.5147e-06,-4.8723
1.5148e-06,-4.6942
1.5149e-06,-4.7475
1.515e-06,-5.0434
1.5151e-06,-5.0766
1.5152e-06,-5.0305
1.5153e-06,-4.9149
1.5154e-06,-5.1434
1.5155e-06,-4.9963
1.5156e-06,-5.1326
1.5157e-06,-5.0119
1.5158e-06,-4.9882
1.5159e-06,-4.9785
1.516e-06,-5.015
1.5161e-06,-5.0745
1.5162e-06,-4.9977
1.5163e-06,-5.3557
1.5164e-06,-5.209
1.5165e-06,-5.3349
1.5166e-06,-5.1139
1.5167e-06,-5.3193
1.5168e-06,-5.1668
1.5169e-06,-5.3812
1.517e-06,-5.4541
1.5171e-06,-5.2174
1.5172e-06,-5.3629
1.5173e-06,-5.1962
1.5174e-06,-5.2835
1.5175e-06,-5.3532
1.5176e-06,-5.3473
1.5177e-06,-5.2877
1.5178e-06,-5.1604
1.5179e-06,-5.3382
1.518e-06,-5.632
1.5181e-06,-5.5911
1.5182e-06,-5.5734
1.5183e-06,-5.5
1.5184e-06,-5.5549
1.5185e-06,-5.494
1.5186e-06,-5.6779
1.5187e-06,-5.6897
1.5188e-06,-5.6264
1.5189e-06,-5.6383
1.519e-06,-5.6124
1.5191e-06,-5.7319
1.5192e-06,-5.5143
1.5193e-06,-5.6715
1.5194e-06,-5.7071
1.5195e-06,-5.6192
1.5196e-06,-5.8823
1.5197e-06,-5.8048
1.5198e-06,-5.6985
1.5199e-06,-5.8265
1.52e-06,-5.6958
1.5201e-06,-6.0287
1.5202e-06,-5.8165
1.5203e-06,-5.9086
1.5204e-06,-5.824
1.5205e-06,-5.9013
1.5206e-06,-5.9985
1.5207e-06,-6.1192
1.5208e-06,-6.0998
1.5209e-06,-5.847
1.521e-06,-6.1142
1.5211e-06,-6.1696
1.5212e-06,-6.1582
1.5213e-06,-6.2374
1.5214e-06,-6.2249
1.5215e-06,-5.9762
1.5216e-06,-6.2116
1.5217e-06,-5.9284
1.5218e-06,-6.1347
1.5219e-06,-6.06
1.522e-06,-6.259
1.5221e-06,-6.3156
1.5222e-06,-6.3673
1.5223e-06,-6.2858
1.5224e-06,-6.4009
1.5225e-06,-6.4061
1.5226e-06,-6.3453
1.5227e-06,-6.5096
1.5228e-06,-6.4336
1.5229e-06,-6.5042
1.523e-06,-6.3913
1.5231e-06,-6.4672
1.5232e-06,-6.4718
1.5233e-06,-6.7225
1.5234e-06,-6.6618
1.5235e-06,-6.3913
1.5236e-06,-6.2862
1.5237e-06,-6.6231
1.5238e-06,-6.5995
1.5239e-06,-6.7493
1.524e-06,-6.5564
1.5241e-06,-6.7522
1.5242e-06,-6.7931
1.5243e-06,-6.8942
1.5244e-06,-6.7215
1.5245e-06,-6.7131
1.5246e-06,-6.8775
1.5247e-06,-6.8239
1.5248e-06,-6.8712
1.5249e-06,-6.8458
1.525e-06,-6.8175
1.5251e-06,-6.7927
1.5252e-06,-7.0095
1.5253e-06,-6.7845
1.5254e-06,-7.1675
1.5255e-06,-7.0157
1.5256e-06,-6.9816
1.5257e-06,-6.9654
1.5258e-06,-7.0257
1.5259e-06,-7.3864
1.526e-06,-7.1827
1.5261e-06,-7.0054
1.5262e-06,-7.154
1.5263e-06,-7.0832
1.5264e-06,-7.2448
1.5265e-06,-7.2211
1.5266e-06,-7.2237
1.5267e-06,-7.356
1.5268e-06,-7.2729
1.5269e-06,-7.1934
1.527e-06,-7.3644
1.5271e-06,-7.3443
1.5272e-06,-7.5101
1.5273e-06,-7.4594
1.5274e-06,-7.2547
1.5275e-06,-7.3799
1.5276e-06,-7.4645
1.5277e-06,-7.351
1.5278e-06,-7.4968
1.5279e-06,-7.3876
1.528e-06,-7.4643
1.5281e-06,-7.6793
1.5282e-06,-7.7043
1.5283e-06,-7.6201
1.5284e-06,-7.6263
1.5285e-06,-7.7203
1.5286e-06,-7.6638
1.5287e-06,-7.7126
1.5288e-06,-7.57
1.5289e-06,-7.7715
1.529e-06,-7.8742
1.5291e-06,-7.6395
1.5292e-06,-7.7126
1.5293e-06,-7.8506
1.5294e-06,-7.9004
1.5295e-06,-7.6842
1.5296e-06,-7.8232
1.5297e-06,-7.7636
1.5298e-06,-7.8936
1.5299e-06,-8.134
1.53e-06,-7.7379
1.5301e-06,-8.1046
1.5302e-06,-8.0218
1.5303e-06,-7.8335
1.5304e-06,-8.0727
1.5305e-06,-8.0963
1.5306e-06,-8.237
1.5307e-06,-8.1753
1.5308e-06,-8.3279
1.5309e-06,-8.1659
1.531e-06,-8.0611
1.5311e-06,-8.1499
1.5312e-06,-8.2743
1.5313e-06,-8.3689
1.5314e-06,-8.4231
1.5315e-06,-8.2675
1.5316e-06,-8.4979
1.5317e-06,-8.5359
1.5318e-06,-8.3533
1.5319e-06,-8.4546
1.532e-06,-8.4605
1.5321e-06,-8.2969
1.5322e-06,-8.4556
1.5323e-06,-8.326
1.5324e-06,-8.5754
1.5325e-06,-8.566
1.5326e-06,-8.535
1.5327e-06,-8.4976
1.5328e-06,-8.6474
1.5329e-06,-8.6239
1.533e-06,-8.7556
1.5331e-06,-8.6573
1.5332e-06,-8.5467
1.5333e-06,-8.6811
1.5334e-06,-8.8715
1.5335e-06,-8.8613
1.5336e-06,-8.8169
1.5337e-06,-8.8783
1.5338e-06,-8.769
1.5339e-06,-8.6987
1.534e-06,-8.97
1.5341e-06,-8.8439
1.5342e-06,-8.7682
1.5343e-06,-9.1134
1.5344e-06,-9.1182
1.5345e-06,-8.7753
1.5346e-06,-9.2127
1.5347e-06,-8.9747
1.5348e-06,-8.9813
1.5349e-06,-9.1305
1.535e-06,-9.1629
1.5351e-06,-9.1973
1.5352e-06,-9.2772
1.5353e-06,-9.1561
1.5354e-06,-9.419
1.5355e-06,-9.327
1.5356e-06,-9.0532
1.5357e-06,-9.1703
1.5358e-06,-9.2823
1.5359e-06,-9.4171
1.536e-06,-9.3131
1.5361e-06,-9.3439
1.5362e-06,-9.4649
1.5363e-06,-9.5175
1.5364e-06,-9.4415
1.5365e-06,-9.3249
1.5366e-06,-9.4024
1.5367e-06,-9.5134
1.5368e-06,-9.4856
1.5369e-06,-9.5502
1.537e-06,-9.4533
1.5371e-06,-9.4586
1.5372e-06,-9.7516
1.5373e-06,-9.6233
1.5374e-06,-9.6543
1.5375e-06,-9.8061
1.5376e-06,-9.8316
1.5377e-06,-9.8251
1.5378e-06,-9.7633
1.5379e-06,-9.8871
1.538e-06,-9.9051
1.5381e-06,-9.6517
1.5382e-06,-9.8481
1.5383e-06,-9.7988
1.5384e-06,-9.9415
1.5385e-06,-9.9442
1.5386e-06,-10.01
1.5387e-06,-10.148
1.5388e-06,-9.9761
1.5389e-06,-10.149
1.539e-06,-10.142
1.5391e-06,-10.169
1.5392e-06,-10.359
1.5393e-06,-10.052
1.5394e-06,-10.057
1.5395e-06,-10.2
1.5396e-06,-10.238
1.5397e-06,-9.8696
1.5398e-06,-10.124
1.5399e-06,-10.172
1.54e-06,-10.106
1.5401e-06,-10.411
1.5402e-06,-10.402
1.5403e-06,-10.141
1.5404e-06,-10.534
1.5405e-06,-10.25
1.5406e-06,-10.366
1.5407e-06,-10.612
1.5408e-06,-10.398
1.5409e-06,-10.474
1.541e-06,-10.499
1.5411e-06,-10.456
1.5412e-06,-10.539
1.5413e-06,-10.457
1.5414e-06,-10.582
1.5415e-06,-10.611
1.5416e-06,-10.709
1.5417e-06,-10.593
1.5418e-06,-10.648
1.5419e-06,-10.562
1.542e-06,-10.474
1.5421e-06,-10.838
1.5422e-06,-10.617
1.5423e-06,-10.963
1.5424e-06,-10.784
1.5425e-06,-11.174
1.5426e-06,-10.981
1.5427e-06,-10.728
1.5428e-06,-10.95
1.5429e-06,-11.056
1.543e-06,-10.788
1.5431e-06,-10.837
1.5432e-06,-11.081
1.5433e-06,-10.938
1.5434e-06,-11.183
1.5435e-06,-11.132
1.5436e-06,-11.313
1.5437e-06,-10.985
1.5438e-06,-11.174
1.5439e-06,-10.971
1.544e-06,-11.007
1.5441e-06,-11.035
1.5442e-06,-11.202
1.5443e-06,-11.235
1.5444e-06,-11.349
1.5445e-06,-11.318
1.5446e-06,-11.138
1.5447e-06,-11.349
1.5448e-06,-11.391
1.5449e-06,-11.203
1.545e-06,-11.487
1.5451e-06,-11.094
1.5452e-06,-11.317
1.5453e-06,-11.223
1.5454e-06,-11.571
1.5455e-06,-11.538
1.5456e-06,-11.419
1.5457e-06,-11.673
1.5458e-06,-11.466
1.5459e-06,-11.534
1.546e-06,-11.282
1.5461e-06,-11.717
1.5462e-06,-11.479
1.5463e-06,-11.7
1.5464e-06,-11.595
1.5465e-06,-11.705
1.5466e-06,-11.577
1.5467e-06,-11.55
1.5468e-06,-11.733
1.5469e-06,-11.644
1.547e-06,-11.524
1.5471e-06,-11.673
1.5472e-06,-11.661
1.5473e-06,-11.824
1.5474e-06,-11.706
1.5475e-06,-11.801
1.5476e-06,-11.681
1.5477e-06,-11.965
1.5478e-06,-11.761
1.5479e-06,-12.064
1.548e-06,-11.872
1.5481e-06,-11.937
1.5482e-06,-11.932
1.5483e-06,-12.096
1.5484e-06,-11.951
1.5485e-06,-11.869
1.5486e-06,-12.057
1.5487e-06,-12.004
1.5488e-06,-12.051
1.5489e-06,-12.197
1.549e-06,-11.92
1.5491e-06,-12.237
1.5492e-06,-12.13
1.5493e-06,-12.125
1.5494e-06,-12.142
1.5495e-06,-12.09
1.5496e-06,-12.043
1.5497e-06,-12.225
1.5498e-06,-12.349
1.5499e-06,-12.149
1.55e-06,-12.212
1.5501e-06,-12.012
1.5502e-06,-12.031
1.5503e-06,-12.225
1.5504e-06,-12.101
1.5505e-06,-12.088
1.5506e-06,-12.267
1.5507e-06,-12.13
1.5508e-06,-12.42
1.5509e-06,-12.329
1.551e-06,-12.223
1.5511e-06,-12.35
1.5512e-06,-12.221
1.5513e-06,-12.213
1.5514e-06,-11.864
1.5515e-06,-12.364
1.5516e-06,-12.327
1.5517e-06,-12.415
1.5518e-06,-12.226
1.5519e-06,-12.329
1.552e-06,-12.259
1.5521e-06,-12.165
1.5522e-06,-12.434
1.5523e-06,-12.508
1.5524e-06,-12.659
1.5525e-06,-12.495
1.5526e-06,-12.403
1.5527e-06,-12.47
1.5528e-06,-12.367
1.5529e-06,-12.478
1.553e-06,-12.502
1.5531e-06,-12.461
1.5532e-06,-12.469
1.5533e-06,-12.4
1.5534e-06,-12.336
1.5535e-06,-12.361
1.5536e-06,-12.62
1.5537e-06,-12.452
1.5538e-06,-12.395
1.5539e-06,-12.708
1.554e-06,-12.64
1.5541e-06,-12.684
1.5542e-06,-12.516
1.5543e-06,-12.489
1.5544e-06,-12.662
1.5545e-06,-12.649
1.5546e-06,-12.44
1.5547e-06,-12.525
1.5548e-06,-12.36
1.5549e-06,-12.703
1.555e-06,-12.48
1.5551e-06,-12.496
1.5552e-06,-12.608
1.5553e-06,-12.461
1.5554e-06,-12.506
1.5555e-06,-12.545
1.5556e-06,-12.838
1.5557e-06,-12.653
1.5558e-06,-12.478
1.5559e-06,-12.597
1.556e-06,-12.553
1.5561e-06,-12.491
1.5562e-06,-12.548
1.5563e-06,-12.732
1.5564e-06,-12.457
1.5565e-06,-12.54
1.5566e-06,-12.507
1.5567e-06,-12.513
1.5568e-06,-12.635
1.5569e-06,-12.593
1.557e-06,-12.559
1.5571e-06,-12.394
1.5572e-06,-12.268
1.5573e-06,-12.391
1.5574e-06,-12.535
1.5575e-06,-12.531
1.5576e-06,-12.594
1.5577e-06,-12.34
1.5578e-06,-12.503
1.5579e-06,-12.518
1.558e-06,-12.452
1.5581e-06,-12.341
1.5582e-06,-12.478
1.5583e-06,-12.258
1.5584e-06,-12.494
1.5585e-06,-12.442
1.5586e-06,-12.532
1.5587e-06,-12.546
1.5588e-06,-12.348
1.5589e-06,-12.263
1.559e-06,-12.749
1.5591e-06,-12.314
1.5592e-06,-12.495
1.5593e-06,-12.361
1.5594e-06,-12.51
1.5595e-06,-12.362
1.5596e-06,-12.395
1.5597e-06,-12.288
1.5598e-06,-12.325
1.5599e-06,-12.226
1.56e-06,-12.102
1.5601e-06,-12.236
1.5602e-06,-12.439
1.5603e-06,-12.321
1.5604e-06,-12.204
1.5605e-06,-12.16
1.5606e-06,-12.291
1.5607e-06,-12.124
1.5608e-06,-12.276
1.5609e-06,-12.392
1.561e-06,-12.35
1.5611e-06,-12.326
1.5612e-06,-12.174
1.5613e-06,-12.266
1.5614e-06,-12.206
1.5615e-06,-12.209
1.5616e-06,-12.242
1.5617e-06,-12.227
1.5618e-06,-12.252
1.5619e-06,-12.095
1.562e-06,-12.331
1.5621e-06,-12.057
1.5622e-06,-12.173
1.5623e-06,-12.253
1.5624e-06,-12.013
1.5625e-06,-12.138
1.5626e-06,-12.039
1.5627e-06,-12.072
1.5628e-06,-11.823
1.5629e-06,-12.035
1.563e-06,-12.093
1.5631e-06,-12.003
1.5632e-06,-12.016
1.5633e-06,-11.987
1.5634e-06,-11.965
1.5635e-06,-11.955
1.5636e-06,-11.82
1.5637e-06,-11.862
1.5638e-06,-11.815
1.5639e-06,-12.047
1.564e-06,-11.832
1.5641e-06,-11.74
1.5642e-06,-11.725
1.5643e-06,-11.837
1.5644e-06,-11.818
1.5645e-06,-12.08
1.5646e-06,-11.729
1.5647e-06,-11.908
1.5648e-06,-11.817
1.5649e-06,-11.69
1.565e-06,-11.78
1.5651e-06,-11.749
1.5652e-06,-11.581
1.5653e-06,-11.737
1.5654e-06,-11.908
1.5655e-06,-11.602
1.5656e-06,-11.655
1.5657e-06,-11.787
1.5658e-06,-11.694
1.5659e-06,-11.746
1.566e-06,-11.602
1.5661e-06,-11.274
1.5662e-06,-11.556
1.5663e-06,-11.453
1.5664e-06,-11.408
1.5665e-06,-11.623
1.5666e-06,-11.356
1.5667e-06,-11.294
1.5668e-06,-11.297
1.5669e-06,-11.27
1.567e-06,-11.47
1.5671e-06,-11.22
1.5672e-06,-11.471
1.5673e-06,-11.311
1.5674e-06,-11.216
1.5675e-06,-11.263
1.5676e-06,-11.153
1.5677e-06,-11.431
1.5678e-06,-11.182
1.5679e-06,-11.159
1.568e-06,-11.062
1.5681e-06,-11.197
1.5682e-06,-11.181
1.5683e-06,-11.23
1.5684e-06,-11.242
1.5685e-06,-11.069
1.5686e-06,-11.142
1.5687e-06,-11.053
1.5688e-06,-10.972
1.5689e-06,-11.109
1.569e-06,-11.001
1.5691e-06,-11.134
1.5692e-06,-10.822
1.5693e-06,-10.798
1.5694e-06,-10.846
1.5695e-06,-11.133
1.5696e-06,-10.892
1.5697e-06,-11.035
1.5698e-06,-10.856
1.5699e-06,-10.827
1.57e-06,-10.879
1.5701e-06,-10.955
1.5702e-06,-10.706
1.5703e-06,-10.903
1.5704e-06,-10.523
1.5705e-06,-10.748
1.5706e-06,-10.714
1.5707e-06,-10.571
1.5708e-06,-10.783
1.5709e-06,-10.581
1.571e-06,-10.536
1.5711e-06,-10.829
1.5712e-06,-10.744
1.5713e-06,-10.645
1.5714e-06,-10.874
1.5715e-06,-10.667
1.5716e-06,-10.666
1.5717e-06,-10.543
1.5718e-06,-10.425
1.5719e-06,-10.506
1.572e-06,-10.479
1.5721e-06,-10.604
1.5722e-06,-10.41
1.5723e-06,-10.265
1.5724e-06,-10.441
1.5725e-06,-10.283
1.5726e-06,-10.288
1.5727e-06,-10.39
1.5728e-06,-10.58
1.5729e-06,-10.293
1.573e-06,-10.093
1.5731e-06,-10.579
1.5732e-06,-10.321
1.5733e-06,-10.253
1.5734e-06,-10.214
1.5735e-06,-10.168
1.5736e-06,-10.249
1.5737e-06,-10.012
1.5738e-06,-10.017
1.5739e-06,-10.313
1.574e-06,-9.9831
1.5741e-06,-9.9473
1.5742e-06,-10.15
1.5743e-06,-9.8953
1.5744e-06,-9.9017
1.5745e-06,-10.037
1.5746e-06,-9.8876
1.5747e-06,-9.9447
1.5748e-06,-10.167
1.5749e-06,-9.8586
1.575e-06,-9.941
1.5751e-06,-9.868
1.5752e-06,-9.8619
1.5753e-06,-9.9702
1.5754e-06,-9.7899
1.5755e-06,-9.7145
1.5756e-06,-9.6774
1.5757e-06,-9.8189
1.5758e-06,-9.8333
1.5759e-06,-9.5391
1.576e-06,-9.667
1.5761e-06,-9.6101
1.5762e-06,-9.4994
1.5763e-06,-9.4583
1.5764e-06,-9.5168
1.5765e-06,-9.5569
1.5766e-06,-9.3372
1.5767e-06,-9.6629
1.5768e-06,-9.5813
1.5769e-06,-9.5088
1.577e-06,-9.534
1.5771e-06,-9.4027
1.5772e-06,-9.4203
1.5773e-06,-9.4543
1.5774e-06,-9.3683
1.5775e-06,-9.2867
1.5776e-06,-9.4252
1.5777e-06,-9.249
1.5778e-06,-9.2551
1.5779e-06,-9.1749
1.578e-06,-9.226
1.5781e-06,-9.3639
1.5782e-06,-9.0567
1.5783e-06,-8.9951
1.5784e-06,-9.161
1.5785e-06,-9.149
1.5786e-06,-9.224
1.5787e-06,-9.1598
1.5788e-06,-9.0593
1.5789e-06,-9.0437
1.579e-06,-9.0619
1.5791e-06,-8.6758
1.5792e-06,-8.9091
1.5793e-06,-9.0018
1.5794e-06,-9.0796
1.5795e-06,-8.862
1.5796e-06,-8.9857
1.5797e-06,-8.9165
1.5798e-06,-8.9572
1.5799e-06,-8.8126
1.58e-06,-8.9321
1.5801e-06,-8.6714
1.5802e-06,-8.7575
1.5803e-06,-8.6988
1.5804e-06,-8.4935
1.5805e-06,-8.7721
1.5806e-06,-8.8213
1.5807e-06,-8.8863
1.5808e-06,-8.8933
1.5809e-06,-8.8037
1.581e-06,-8.622
1.5811e-06,-8.5424
1.5812e-06,-8.9218
1.5813e-06,-8.7851
1.5814e-06,-8.797
1.5815e-06,-8.5017
1.5816e-06,-8.4214
1.5817e-06,-8.3644
1.5818e-06,-8.4627
1.5819e-06,-8.4959
1.582e-06,-8.4736
1.5821e-06,-8.5135
1.5822e-06,-8.5606
1.5823e-06,-8.5013
1.5824e-06,-8.3621
1.5825e-06,-8.5087
1.5826e-06,-8.3718
1.5827e-06,-8.2951
1.5828e-06,-8.1132
1.5829e-06,-8.1437
1.583e-06,-8.1874
1.5831e-06,-8.1504
1.5832e-06,-8.1871
1.5833e-06,-8.1839
1.5834e-06,-8.4018
1.5835e-06,-8.2308
1.5836e-06,-8.1263
1.5837e-06,-8.1415
1.5838e-06,-8.0263
1.5839e-06,-8.0179
1.584e-06,-8.1931
1.5841e-06,-8.0115
1.5842e-06,-7.9621
1.5843e-06,-7.984
1.5844e-06,-8.3597
1.5845e-06,-8.0841
1.5846e-06,-8.1001
1.5847e-06,-7.9486
1.5848e-06,-7.977
1.5849e-06,-7.9043
1.585e-06,-7.9033
1.5851e-06,-7.5795
1.5852e-06,-7.9363
1.5853e-06,-7.7896
1.5854e-06,-7.7806
1.5855e-06,-7.8794
1.5856e-06,-7.9218
1.5857e-06,-7.7844
1.5858e-06,-7.8841
1.5859e-06,-7.6993
1.586e-06,-7.6882
1.5861e-06,-7.6091
1.5862e-06,-7.7177
1.5863e-06,-7.8497
1.5864e-06,-7.5415
1.5865e-06,-7.6881
1.5866e-06,-7.5699
1.5867e-06,-7.5395
1.5868e-06,-7.5409
1.5869e-06,-7.5213
1.587e-06,-7.6335
1.5871e-06,-7.73
1.5872e-06,-7.4741
1.5873e-06,-7.3254
1.5874e-06,-7.4325
1.5875e-06,-7.4348
1.5876e-06,-7.5576
1.5877e-06,-7.4173
1.5878e-06,-7.2754
1.5879e-06,-7.3016
1.588e-06,-7.0984
1.5881e-06,-7.2114
1.5882e-06,-7.4208
1.5883e-06,-7.1395
1.5884e-06,-7.2141
1.5885e-06,-7.1419
1.5886e-06,-7.2896
1.5887e-06,-7.2005
1.5888e-06,-7.2695
1.5889e-06,-7.3034
1.589e-06,-7.2607
1.5891e-06,-7.2147
1.5892e-06,-7.2725
1.5893e-06,-6.8664
1.5894e-06,-7.0364
1.5895e-06,-7.0907
1.5896e-06,-7.1602
1.5897e-06,-7.0501
1.5898e-06,-7.0768
1.5899e-06,-7.0198
1.59e-06,-6.9193
1.5901e-06,-7.0894
1.5902e-06,-6.898
1.5903e-06,-6.8139
1.5904e-06,-6.9892
1.5905e-06,-7.0534
1.5906e-06,-7.0378
1.5907e-06,-6.6069
1.5908e-06,-6.8827
1.5909e-06,-6.902
1.591e-06,-6.9712
1.5911e-06,-6.745
1.5912e-06,-7.043
1.5913e-06,-6.7744
1.5914e-06,-6.8856
1.5915e-06,-6.817
1.5916e-06,-6.6617
1.5917e-06,-6.7349
1.5918e-06,-6.8056
1.5919e-06,-6.8142
1.592e-06,-6.5478
1.5921e-06,-6.7025
1.5922e-06,-6.767
1.5923e-06,-6.823
1.5924e-06,-6.6737
1.5925e-06,-6.5182
1.5926e-06,-6.7148
1.5927e-06,-6.5557
1.5928e-06,-6.398
1.5929e-06,-6.65
1.593e-06,-6.3938
1.5931e-06,-6.5049
1.5932e-06,-6.4576
1.5933e-06,-6.5933
1.5934e-06,-6.4062
1.5935e-06,-6.3472
1.5936e-06,-6.7851
1.5937e-06,-6.5318
1.5938e-06,-6.4427
1.5939e-06,-6.4648
1.594e-06,-6.3589
1.5941e-06,-6.1609
1.5942e-06,-6.3371
1.5943e-06,-6.2674
1.5944e-06,-6.4075
1.5945e-06,-6.4185
1.5946e-06,-6.4245
1.5947e-06,-6.4219
1.5948e-06,-6.2613
1.5949e-06,-6.2671
1.595e-06,-6.237
1.5951e-06,-6.2661
1.5952e-06,-6.1741
1.5953e-06,-6.0141
1.5954e-06,-6.1285
1.5955e-06,-6.166
1.5956e-06,-6.0123
1.5957e-06,-6.0841
1.5958e-06,-6.1999
1.5959e-06,-5.9142
1.596e-06,-6.0727
1.5961e-06,-5.9476
1.5962e-06,-5.9516
1.5963e-06,-5.9867
1.5964e-06,-6.1233
1.5965e-06,-5.9441
1.5966e-06,-5.9609
1.5967e-06,-6.0661
1.5968e-06,-5.8765
1.5969e-06,-5.9787
1.597e-06,-5.7463
1.5971e-06,-5.7208
1.5972e-06,-5.846
1.5973e-06,-5.6629
1.5974e-06,-5.5123
1.5975e-06,-5.6858
1.5976e-06,-5.8699
1.5977e-06,-5.7136
1.5978e-06,-5.6282
1.5979e-06,-5.9007
1.598e-06,-5.7923
1.5981e-06,-5.7291
1.5982e-06,-5.7375
1.5983e-06,-5.8223
1.5984e-06,-5.6938
1.5985e-06,-5.6355
1.5986e-06,-5.8808
1.5987e-06,-5.6229
1.5988e-06,-5.7128
1.5989e-06,-5.7049
1.599e-06,-5.7037
1.5991e-06,-5.4986
1.5992e-06,-5.4603
1.5993e-06,-5.4297
1.5994e-06,-5.6257
1.5995e-06,-5.2728
1.5996e-06,-5.4958
1.5997e-06,-5.4207
1.5998e-06,-5.4475
1.5999e-06,-5.6173
1.6e-06,-5.3571
1.6001e-06,-5.2618
1.6002e-06,-5.6027
1.6003e-06,-5.5573
1.6004e-06,-5.4101
1.6005e-06,-5.1755
1.6006e-06,-5.3926
1.6007e-06,-5.3191
1.6008e-06,-5.4745
1.6009e-06,-5.4066
1.601e-06,-5.4411
1.6011e-06,-5.5119
1.6012e-06,-5.2702
1.6013e-06,-5.353
1.6014e-06,-5.2782
1.6015e-06,-5.0788
1.6016e-06,-5.0141
1.6017e-06,-5.2944
1.6018e-06,-5.072
1.6019e-06,-5.1032
1.602e-06,-5.1228
1.6021e-06,-5.3481
1.6022e-06,-5.3076
1.6023e-06,-4.9576
1.6024e-06,-5.1651
1.6025e-06,-5.1861
1.6026e-06,-4.9523
1.6027e-06,-5.3451
1.6028e-06,-5.1297
1.6029e-06,-5.0077
1.603e-06,-5.077
1.6031e-06,-5.2403
1.6032e-06,-5.0223
1.6033e-06,-5.0355
1.6034e-06,-5.069
1.6035e-06,-4.822
1.6036e-06,-4.9541
1.6037e-06,-4.8353
1.6038e-06,-5.0017
1.6039e-06,-5.0136
1.604e-06,-4.852
1.6041e-06,-4.9105
1.6042e-06,-4.7199
1.6043e-06,-4.9934
1.6044e-06,-4.8715
1.6045e-06,-4.9885
1.6046e-06,-4.8475
1.6047e-06,-4.8993
1.6048e-06,-4.7764
1.6049e-06,-4.9336
1.605e-06,-4.5591
1.6051e-06,-4.734
1.6052e-06,-4.6414
1.6053e-06,-4.6459
1.6054e-06,-4.8587
1.6055e-06,-4.6792
1.6056e-06,-4.7065
1.6057e-06,-4.4947
1.6058e-06,-4.592
1.6059e-06,-4.7916
1.606e-06,-4.8008
1.6061e-06,-4.5776
1.6062e-06,-4.6196
1.6063e-06,-4.7551
1.6064e-06,-4.7079
1.6065e-06,-4.6643
1.6066e-06,-4.3266
1.6067e-06,-4.4088
1.6068e-06,-4.3054
1.6069e-06,-4.5387
1.607e-06,-4.379
1.6071e-06,-4.5382
1.6072e-06,-4.2455
1.6073e-06,-4.4688
1.6074e-06,-4.6752
1.6075e-06,-4.3439
1.6076e-06,-4.652
1.6077e-06,-4.4678
1.6078e-06,-4.3973
1.6079e-06,-4.3984
1.608e-06,-4.4019
1.6081e-06,-4.2413
1.6082e-06,-4.486
1.6083e-06,-4.3919
1.6084e-06,-4.354
1.6085e-06,-4.2813
1.6086e-06,-4.3803
1.6087e-06,-4.2723
1.6088e-06,-4.3708
1.6089e-06,-4.3999
1.609e-06,-4.4732
1.6091e-06,-4.0852
1.6092e-06,-4.225
1.6093e-06,-4.4461
1.6094e-06,-4.2183
1.6095e-06,-4.2485
1.6096e-06,-4.0966
1.6097e-06,-4.181
1.6098e-06,-4.1651
1.6099e-06,-3.9052
1.61e-06,-4.1728
1.6101e-06,-4.2975
1.6102e-06,-4.044
1.6103e-06,-3.9923
1.6104e-06,-4.3536
1.6105e-06,-4.0428
1.6106e-06,-4.0197
1.6107e-06,-4.0274
1.6108e-06,-4.1722
1.6109e-06,-3.9809
1.611e-06,-4.0503
1.6111e-06,-4.1829
1.6112e-06,-3.9731
1.6113e-06,-3.9765
1.6114e-06,-4.0063
1.6115e-06,-4.0203
1.6116e-06,-4.1022
1.6117e-06,-3.9336
1.6118e-06,-4.0686
1.6119e-06,-3.9756
1.612e-06,-3.822
1.6121e-06,-3.7581
1.6122e-06,-3.7392
1.6123e-06,-3.9088
1.6124e-06,-3.6322
1.6125e-06,-3.7519
1.6126e-06,-3.8735
1.6127e-06,-3.8547
1.6128e-06,-3.9104
1.6129e-06,-3.9974
1.613e-06,-3.7172
1.6131e-06,-3.5195
1.6132e-06,-3.7031
1.6133e-06,-3.7032
1.6134e-06,-3.9304
1.6135e-06,-3.6176
1.6136e-06,-3.8433
1.6137e-06,-3.6345
1.6138e-06,-3.7074
1.6139e-06,-3.6927
1.614e-06,-3.7645
1.6141e-06,-3.5549
1.6142e-06,-3.6735
1.6143e-06,-3.4193
1.6144e-06,-3.6049
1.6145e-06,-3.6586
1.6146e-06,-3.559
1.6147e-06,-3.4733
1.6148e-06,-3.2947
1.6149e-06,-3.6652
1.615e-06,-3.6942
1.6151e-06,-3.4917
1.6152e-06,-3.4636
1.6153e-06,-3.487
1.6154e-06,-3.2737
1.6155e-06,-3.6717
1.6156e-06,-3.4947
1.6157e-06,-3.5516
1.6158e-06,-3.6422
1.6159e-06,-3.6453
1.616e-06,-3.6364
1.6161e-06,-3.5807
1.6162e-06,-3.5041
1.6163e-06,-3.3522
1.6164e-06,-3.4362
1.6165e-06,-3.4692
1.6166e-06,-3.1927
1.6167e-06,-3.4752
1.6168e-06,-3.3298
1.6169e-06,-3.489
1.617e-06,-3.2272
1.6171e-06,-3.5187
1.6172e-06,-3.1845
1.6173e-06,-3.1707
1.6174e-06,-3.4233
1.6175e-06,-3.4547
1.6176e-06,-3.2585
1.6177e-06,-3.2423
1.6178e-06,-3.2415
1.6179e-06,-3.4227
1.618e-06,-3.3576
1.6181e-06,-3.1061
1.6182e-06,-3.1633
1.6183e-06,-3.1933
1.6184e-06,-3.1716
1.6185e-06,-3.1604
1.6186e-06,-3.1246
1.6187e-06,-3.0748
1.6188e-06,-3.0324
1.6189e-06,-3.2925
1.619e-06,-2.88
1.6191e-06,-3.0633
1.6192e-06,-3.0144
1.6193e-06,-2.9501
1.6194e-06,-2.8963
1.6195e-06,-3.147
1.6196e-06,-2.9877
1.6197e-06,-3.1127
1.6198e-06,-3.1901
1.6199e-06,-3.1474
1.62e-06,-2.9722
1.6201e-06,-2.98
1.6202e-06,-3.0218
1.6203e-06,-3.0504
1.6204e-06,-2.826
1.6205e-06,-3.0471
1.6206e-06,-2.8912
1.6207e-06,-3.0735
1.6208e-06,-2.6234
1.6209e-06,-2.6935
1.621e-06,-3.0226
1.6211e-06,-3.0674
1.6212e-06,-3.05
1.6213e-06,-2.9136
1.6214e-06,-2.6775
1.6215e-06,-2.8755
1.6216e-06,-2.874
1.6217e-06,-2.8983
1.6218e-06,-2.7201
1.6219e-06,-2.6957
1.622e-06,-2.8636
1.6221e-06,-2.8259
1.6222e-06,-2.7617
1.6223e-06,-2.9598
1.6224e-06,-2.6946
1.6225e-06,-2.5234
1.6226e-06,-2.9018
1.6227e-06,-2.6355
1.6228e-06,-2.7745
1.6229e-06,-2.8648
1.623e-06,-2.6723
1.6231e-06,-2.593
1.6232e-06,-2.5433
1.6233e-06,-2.6999
1.6234e-06,-2.7805
1.6235e-06,-2.4732
1.6236e-06,-2.4751
1.6237e-06,-2.7788
1.6238e-06,-2.6217
1.6239e-06,-2.3428
1.624e-06,-2.8199
1.6241e-06,-2.6391
1.6242e-06,-2.7032
1.6243e-06,-2.4893
1.6244e-06,-2.394
1.6245e-06,-2.5682
1.6246e-06,-2.5701
1.6247e-06,-2.5511
1.6248e-06,-2.6232
1.6249e-06,-2.4688
1.625e-06,-2.5672
1.6251e-06,-2.4901
1.6252e-06,-2.7011
1.6253e-06,-2.6395
1.6254e-06,-2.4816
1.6255e-06,-2.4869
1.6256e-06,-2.5757
1.6257e-06,-2.2374
1.6258e-06,-2.3745
1.6259e-06,-2.3821
1.626e-06,-2.1635
1.6261e-06,-2.5316
1.6262e-06,-2.3016
1.6263e-06,-2.379
1.6264e-06,-2.3032
1.6265e-06,-2.379
1.6266e-06,-2.3301
1.6267e-06,-2.2846
1.6268e-06,-2.1864
1.6269e-06,-2.4387
1.627e-06,-2.2051
1.6271e-06,-2.3703
1.6272e-06,-2.4
1.6273e-06,-2.2409
1.6274e-06,-2.1341
1.6275e-06,-2.2927
1.6276e-06,-2.2254
1.6277e-06,-2.2793
1.6278e-06,-2.3411
1.6279e-06,-2.2012
1.628e-06,-2.2934
1.6281e-06,-2.105
1.6282e-06,-1.9119
1.6283e-06,-2.1573
1.6284e-06,-2.0614
1.6285e-06,-2.269
1.6286e-06,-2.3851
1.6287e-06,-2.0477
1.6288e-06,-2.4624
1.6289e-06,-2.0162
1.629e-06,-2.3223
1.6291e-06,-2.259
1.6292e-06,-2.225
1.6293e-06,-2.223
1.6294e-06,-1.9219
1.6295e-06,-2.1464
1.6296e-06,-2.1247
1.6297e-06,-2.2692
1.6298e-06,-2.0631
1.6299e-06,-2.1467
1.63e-06,-2.176
1.6301e-06,-2.0688
1.6302e-06,-1.9067
1.6303e-06,-1.8976
1.6304e-06,-2.1212
1.6305e-06,-2.0221
1.6306e-06,-2.2473
1.6307e-06,-2.0278
1.6308e-06,-2.2333
1.6309e-06,-2.0473
1.631e-06,-2.0466
1.6311e-06,-1.7593
1.6312e-06,-1.92
1.6313e-06,-1.7945
1.6314e-06,-1.8781
1.6315e-06,-2.0613
1.6316e-06,-2.0492
1.6317e-06,-1.9524
1.6318e-06,-2.0147
1.6319e-06,-1.868
1.632e-06,-2.0449
1.6321e-06,-1.9094
1.6322e-06,-1.9269
1.6323e-06,-1.7933
1.6324e-06,-1.7198
1.6325e-06,-1.7643
1.6326e-06,-1.858
1.6327e-06,-1.7694
1.6328e-06,-1.693
1.6329e-06,-1.4992
1.633e-06,-1.7889
1.6331e-06,-1.8361
1.6332e-06,-1.7588
1.6333e-06,-1.7017
1.6334e-06,-1.6875
1.6335e-06,-1.7478
1.6336e-06,-1.8415
1.6337e-06,-1.6737
1.6338e-06,-1.6534
1.6339e-06,-1.9272
1.634e-06,-1.8127
1.6341e-06,-1.6899
1.6342e-06,-1.6853
1.6343e-06,-1.6095
1.6344e-06,-1.49
1.6345e-06,-1.4784
1.6346e-06,-1.6633
1.6347e-06,-1.6278
1.6348e-06,-1.4566
1.6349e-06,-1.5862
1.635e-06,-1.5999
1.6351e-06,-1.6521
1.6352e-06,-1.6117
1.6353e-06,-1.5985
1.6354e-06,-1.4849
1.6355e-06,-1.5689
1.6356e-06,-1.5647
1.6357e-06,-1.7595
1.6358e-06,-1.6289
1.6359e-06,-1.647
1.636e-06,-1.5896
1.6361e-06,-1.7409
1.6362e-06,-1.4119
1.6363e-06,-1.7792
1.6364e-06,-1.3423
1.6365e-06,-1.4964
1.6366e-06,-1.4462
1.6367e-06,-1.2656
1.6368e-06,-1.3142
1.6369e-06,-1.3032
1.637e-06,-1.6558
1.6371e-06,-1.7136
1.6372e-06,-1.3824
1.6373e-06,-1.5511
1.6374e-06,-1.6394
1.6375e-06,-1.806
1.6376e-06,-1.3185
1.6377e-06,-1.4317
1.6378e-06,-1.3506
1.6379e-06,-1.495
1.638e-06,-1.2333
1.6381e-06,-1.3803
1.6382e-06,-1.4493
1.6383e-06,-1.2716
1.6384e-06,-1.3139
1.6385e-06,-1.1592
1.6386e-06,-1.0978
1.6387e-06,-1.1766
1.6388e-06,-1.1676
1.6389e-06,-1.1348
1.639e-06,-1.289
1.6391e-06,-1.3163
1.6392e-06,-1.0655
1.6393e-06,-1.128
1.6394e-06,-1.2598
1.6395e-06,-1.1843
1.6396e-06,-1.2331
1.6397e-06,-1.3033
1.6398e-06,-1.3067
1.6399e-06,-1.4291
1.64e-06,-1.1707
1.6401e-06,-1.2623
1.6402e-06,-1.2141
1.6403e-06,-1.0924
1.6404e-06,-1.002
1.6405e-06,-1.1751
1.6406e-06,-1.3439
1.6407e-06,-1.2434
1.6408e-06,-1.1995
1.6409e-06,-1.1778
1.641e-06,-0.90376
1.6411e-06,-0.8873
1.6412e-06,-1.1549
1.6413e-06,-1.1924
1.6414e-06,-1.1335
1.6415e-06,-1.0614
1.6416e-06,-1.1736
1.6417e-06,-1.1776
1.6418e-06,-0.88581
1.6419e-06,-0.86579
1.642e-06,-0.97283
1.6421e-06,-1.1598
1.6422e-06,-1.0895
1.6423e-06,-0.92431
1.6424e-06,-1.0192
1.6425e-06,-0.91374
1.6426e-06,-1.0971
1.6427e-06,-0.98921
1.6428e-06,-0.89678
1.6429e-06,-0.77731
1.643e-06,-0.91112
1.6431e-06,-0.98288
1.6432e-06,-1.1939
1.6433e-06,-0.95172
1.6434e-06,-1.4343
1.6435e-06,-0.80142
1.6436e-06,-0.83041
1.6437e-06,-0.85162
1.6438e-06,-1.0466
1.6439e-06,-0.90745
1.644e-06,-0.78521
1.6441e-06,-0.94285
1.6442e-06,-0.90578
1.6443e-06,-1.0412
1.6444e-06,-1.1419
1.6445e-06,-0.86404
1.6446e-06,-0.66336
1.6447e-06,-0.84592
1.6448e-06,-0.84037
1.6449e-06,-1.103
1.645e-06,-0.8699
1.6451e-06,-0.75279
1.6452e-06,-0.88763
1.6453e-06,-0.60004
1.6454e-06,-0.86173
1.6455e-06,-0.86321
1.6456e-06,-0.97648
1.6457e-06,-0.92647
1.6458e-06,-0.62877
1.6459e-06,-0.74812
1.646e-06,-0.57069
1.6461e-06,-0.85962
1.6462e-06,-0.67448
1.6463e-06,-1.0023
1.6464e-06,-0.83503
1.6465e-06,-0.79651
1.6466e-06,-0.63826
1.6467e-06,-0.71674
1.6468e-06,-0.90527
1.6469e-06,-0.70724
1.647e-06,-0.63199
1.6471e-06,-0.68003
1.6472e-06,-0.85251
1.6473e-06,-0.48991
1.6474e-06,-0.63209
1.6475e-06,-0.51952
1.6476e-06,-0.55001
1.6477e-06,-0.69344
1.6478e-06,-0.27824
1.6479e-06,-0.77227
1.648e-06,-0.86024
1.6481e-06,-0.50979
1.6482e-06,-0.52646
1.6483e-06,-0.76688
1.6484e-06,-0.66973
1.6485e-06,-0.41515
1.6486e-06,-0.76471
1.6487e-06,-0.56507
1.6488e-06,-0.71594
1.6489e-06,-0.50281
1.649e-06,-0.39301
1.6491e-06,-0.38316
1.6492e-06,-0.7105
1.6493e-06,-0.52255
1.6494e-06,-0.18637
1.6495e-06,-0.48119
1.6496e-06,-0.61592
1.6497e-06,-0.76438
1.6498e-06,-0.46729
1.6499e-06,-0.33695
1.65e-06,-0.30843
