1.35e-06,9.7793
1.3501e-06,9.8643
1.3502e-06,9.8031
1.3503e-06,9.732
1.3504e-06,9.6895
1.3505e-06,9.6751
1.3506e-06,9.839
1.3507e-06,9.7645
1.3508e-06,9.8178
1.3509e-06,9.8695
1.351e-06,9.7856
1.3511e-06,9.6645
1.3512e-06,9.7385
1.3513e-06,9.7724
1.3514e-06,9.8167
1.3515e-06,9.7857
1.3516e-06,9.7792
1.3517e-06,9.6725
1.3518e-06,9.6941
1.3519e-06,9.7796
1.352e-06,9.7714
1.3521e-06,9.7201
1.3522e-06,9.6888
1.3523e-06,9.7557
1.3524e-06,9.5664
1.3525e-06,9.6878
1.3526e-06,9.5744
1.3527e-06,9.6801
1.3528e-06,9.5083
1.3529e-06,9.6011
1.353e-06,9.8392
1.3531e-06,9.6489
1.3532e-06,9.5548
1.3533e-06,9.5767
1.3534e-06,9.554
1.3535e-06,9.6317
1.3536e-06,9.6953
1.3537e-06,9.6096
1.3538e-06,9.6041
1.3539e-06,9.6164
1.354e-06,9.6614
1.3541e-06,9.6238
1.3542e-06,9.4524
1.3543e-06,9.6378
1.3544e-06,9.5505
1.3545e-06,9.5444
1.3546e-06,9.5046
1.3547e-06,9.5003
1.3548e-06,9.648
1.3549e-06,9.4394
1.355e-06,9.49
1.3551e-06,9.477
1.3552e-06,9.4671
1.3553e-06,9.4945
1.3554e-06,9.4602
1.3555e-06,9.5031
1.3556e-06,9.5142
1.3557e-06,9.5806
1.3558e-06,9.5442
1.3559e-06,9.5849
1.356e-06,9.4818
1.3561e-06,9.5818
1.3562e-06,9.4391
1.3563e-06,9.5205
1.3564e-06,9.4925
1.3565e-06,9.7001
1.3566e-06,9.5677
1.3567e-06,9.4851
1.3568e-06,9.4705
1.3569e-06,9.4166
1.357e-06,9.4816
1.3571e-06,9.4446
1.3572e-06,9.4627
1.3573e-06,9.4936
1.3574e-06,9.418
1.3575e-06,9.4688
1.3576e-06,9.4195
1.3577e-06,9.4427
1.3578e-06,9.3454
1.3579e-06,9.4875
1.358e-06,9.3843
1.3581e-06,9.3848
1.3582e-06,9.4681
1.3583e-06,9.5175
1.3584e-06,9.4181
1.3585e-06,9.4525
1.3586e-06,9.3967
1.3587e-06,9.374
1.3588e-06,9.4617
1.3589e-06,9.3973
1.359e-06,9.4064
1.3591e-06,9.4298
1.3592e-06,9.4357
1.3593e-06,9.3638
1.3594e-06,9.3721
1.3595e-06,9.2585
1.3596e-06,9.3248
1.3597e-06,9.3967
1.3598e-06,9.1988
1.3599e-06,9.4638
1.36e-06,9.2229
1.3601e-06,9.2451
1.3602e-06,9.1798
1.3603e-06,9.2178
1.3604e-06,9.3027
1.3605e-06,9.1586
1.3606e-06,9.3046
1.3607e-06,9.3268
1.3608e-06,9.267
1.3609e-06,9.2825
1.361e-06,9.2637
1.3611e-06,9.2458
1.3612e-06,9.2396
1.3613e-06,9.093
1.3614e-06,9.3314
1.3615e-06,9.2377
1.3616e-06,9.2145
1.3617e-06,9.2373
1.3618e-06,9.2119
1.3619e-06,9.2479
1.362e-06,9.2364
1.3621e-06,9.2711
1.3622e-06,9.2009
1.3623e-06,9.2146
1.3624e-06,9.192
1.3625e-06,9.1634
1.3626e-06,9.0497
1.3627e-06,9.3266
1.3628e-06,9.1504
1.3629e-06,9.1251
1.363e-06,9.1807
1.3631e-06,9.245
1.3632e-06,9.1771
1.3633e-06,9.224
1.3634e-06,9.1517
1.3635e-06,9.2146
1.3636e-06,9.1899
1.3637e-06,9.1405
1.3638e-06,9.3019
1.3639e-06,9.242
1.364e-06,9.0732
1.3641e-06,9.1901
1.3642e-06,9.2664
1.3643e-06,9.1377
1.3644e-06,9.0083
1.3645e-06,9.0245
1.3646e-06,9.1752
1.3647e-06,9.1384
1.3648e-06,9.0443
1.3649e-06,9.179
1.365e-06,9.2115
1.3651e-06,9.1289
1.3652e-06,9.1832
1.3653e-06,9.0094
1.3654e-06,9.0567
1.3655e-06,9.2827
1.3656e-06,8.9111
1.3657e-06,9.0165
1.3658e-06,8.9347
1.3659e-06,9.0524
1.366e-06,9.0946
1.3661e-06,9.0641
1.3662e-06,9.0145
1.3663e-06,8.9513
1.3664e-06,9.0117
1.3665e-06,9.0172
1.3666e-06,9.1621
1.3667e-06,8.9628
1.3668e-06,8.9291
1.3669e-06,9.0799
1.367e-06,9.0892
1.3671e-06,8.9536
1.3672e-06,9.0772
1.3673e-06,8.8881
1.3674e-06,8.9593
1.3675e-06,8.8622
1.3676e-06,8.9208
1.3677e-06,9.0582
1.3678e-06,9.0242
1.3679e-06,8.9747
1.368e-06,8.9461
1.3681e-06,9.0998
1.3682e-06,8.9667
1.3683e-06,8.9441
1.3684e-06,9.0579
1.3685e-06,8.7673
1.3686e-06,8.8502
1.3687e-06,8.8035
1.3688e-06,8.9687
1.3689e-06,8.9734
1.369e-06,8.8605
1.3691e-06,8.9176
1.3692e-06,8.9721
1.3693e-06,8.9058
1.3694e-06,8.7739
1.3695e-06,9.0094
1.3696e-06,8.8474
1.3697e-06,8.8706
1.3698e-06,8.9118
1.3699e-06,8.8121
1.37e-06,8.9186
1.3701e-06,8.8943
1.3702e-06,8.9792
1.3703e-06,8.9634
1.3704e-06,8.8067
1.3705e-06,8.8974
1.3706e-06,9.0368
1.3707e-06,8.8605
1.3708e-06,8.7519
1.3709e-06,8.8526
1.371e-06,8.8321
1.3711e-06,8.8983
1.3712e-06,8.8225
1.3713e-06,8.914
1.3714e-06,8.7966
1.3715e-06,8.8521
1.3716e-06,8.8706
1.3717e-06,8.711
1.3718e-06,8.8729
1.3719e-06,8.9435
1.372e-06,8.7988
1.3721e-06,8.9134
1.3722e-06,8.649
1.3723e-06,8.8499
1.3724e-06,8.6384
1.3725e-06,8.6506
1.3726e-06,8.7737
1.3727e-06,8.6174
1.3728e-06,8.7288
1.3729e-06,8.5172
1.373e-06,8.6991
1.3731e-06,8.7117
1.3732e-06,8.8031
1.3733e-06,8.6129
1.3734e-06,8.7382
1.3735e-06,8.7311
1.3736e-06,8.7452
1.3737e-06,8.6142
1.3738e-06,8.7784
1.3739e-06,8.6317
1.374e-06,8.7881
1.3741e-06,8.7793
1.3742e-06,8.6551
1.3743e-06,8.6452
1.3744e-06,8.7254
1.3745e-06,8.6336
1.3746e-06,8.6784
1.3747e-06,8.6178
1.3748e-06,8.6078
1.3749e-06,8.7189
1.375e-06,8.7327
1.3751e-06,8.6543
1.3752e-06,8.6487
1.3753e-06,8.6425
1.3754e-06,8.6635
1.3755e-06,8.7179
1.3756e-06,8.6339
1.3757e-06,8.705
1.3758e-06,8.827
1.3759e-06,8.4896
1.376e-06,8.4983
1.3761e-06,8.5278
1.3762e-06,8.6541
1.3763e-06,8.634
1.3764e-06,8.5536
1.3765e-06,8.6317
1.3766e-06,8.5969
1.3767e-06,8.6601
1.3768e-06,8.6435
1.3769e-06,8.571
1.377e-06,8.5617
1.3771e-06,8.5308
1.3772e-06,8.5426
1.3773e-06,8.486
1.3774e-06,8.4489
1.3775e-06,8.5185
1.3776e-06,8.406
1.3777e-06,8.4831
1.3778e-06,8.6135
1.3779e-06,8.5143
1.378e-06,8.4208
1.3781e-06,8.3534
1.3782e-06,8.4228
1.3783e-06,8.4692
1.3784e-06,8.3321
1.3785e-06,8.5523
1.3786e-06,8.5039
1.3787e-06,8.4213
1.3788e-06,8.4238
1.3789e-06,8.3937
1.379e-06,8.3508
1.3791e-06,8.4393
1.3792e-06,8.4459
1.3793e-06,8.5007
1.3794e-06,8.4007
1.3795e-06,8.3742
1.3796e-06,8.5898
1.3797e-06,8.4091
1.3798e-06,8.3098
1.3799e-06,8.3574
1.38e-06,8.3855
1.3801e-06,8.4312
1.3802e-06,8.4478
1.3803e-06,8.4269
1.3804e-06,8.4308
1.3805e-06,8.2949
1.3806e-06,8.5542
1.3807e-06,8.3455
1.3808e-06,8.3383
1.3809e-06,8.2931
1.381e-06,8.3996
1.3811e-06,8.3882
1.3812e-06,8.4408
1.3813e-06,8.3719
1.3814e-06,8.3256
1.3815e-06,8.3912
1.3816e-06,8.3612
1.3817e-06,8.2799
1.3818e-06,8.3414
1.3819e-06,8.2655
1.382e-06,8.2424
1.3821e-06,8.259
1.3822e-06,8.1981
1.3823e-06,8.291
1.3824e-06,8.2819
1.3825e-06,8.2718
1.3826e-06,8.3334
1.3827e-06,8.3308
1.3828e-06,8.1763
1.3829e-06,8.048
1.383e-06,8.2579
1.3831e-06,8.1668
1.3832e-06,8.1741
1.3833e-06,8.1178
1.3834e-06,8.153
1.3835e-06,8.2085
1.3836e-06,8.2275
1.3837e-06,8.1003
1.3838e-06,8.2235
1.3839e-06,8.136
1.384e-06,8.2515
1.3841e-06,8.0561
1.3842e-06,8.1088
1.3843e-06,8.1266
1.3844e-06,8.0732
1.3845e-06,8.1993
1.3846e-06,8.2475
1.3847e-06,8.1727
1.3848e-06,8.1173
1.3849e-06,8.2196
1.385e-06,8.1083
1.3851e-06,8.1292
1.3852e-06,8.2571
1.3853e-06,8.1967
1.3854e-06,8.1671
1.3855e-06,8.0605
1.3856e-06,8.2178
1.3857e-06,8.1496
1.3858e-06,8.0563
1.3859e-06,8.1922
1.386e-06,8.0324
1.3861e-06,8.0371
1.3862e-06,8.0658
1.3863e-06,8.1463
1.3864e-06,8.0109
1.3865e-06,8.0352
1.3866e-06,7.9751
1.3867e-06,8.1661
1.3868e-06,7.9373
1.3869e-06,8.0541
1.387e-06,8.0513
1.3871e-06,7.8433
1.3872e-06,8.0689
1.3873e-06,8.1411
1.3874e-06,7.9675
1.3875e-06,8.1724
1.3876e-06,8.0717
1.3877e-06,8.0488
1.3878e-06,7.8671
1.3879e-06,8.0216
1.388e-06,8.0108
1.3881e-06,7.9128
1.3882e-06,7.9932
1.3883e-06,7.9182
1.3884e-06,8.0319
1.3885e-06,7.9579
1.3886e-06,7.9383
1.3887e-06,7.9852
1.3888e-06,8.0553
1.3889e-06,7.8865
1.389e-06,7.8781
1.3891e-06,7.8104
1.3892e-06,8.1152
1.3893e-06,7.9848
1.3894e-06,7.949
1.3895e-06,7.8657
1.3896e-06,7.8146
1.3897e-06,7.977
1.3898e-06,7.7596
1.3899e-06,7.776
1.39e-06,7.977
1.3901e-06,7.7778
1.3902e-06,7.9112
1.3903e-06,7.8248
1.3904e-06,7.8384
1.3905e-06,7.9511
1.3906e-06,7.754
1.3907e-06,7.9302
1.3908e-06,7.9021
1.3909e-06,7.6682
1.391e-06,7.8774
1.3911e-06,7.9496
1.3912e-06,7.6017
1.3913e-06,7.8005
1.3914e-06,7.5334
1.3915e-06,7.7229
1.3916e-06,7.8393
1.3917e-06,7.7786
1.3918e-06,7.759
1.3919e-06,7.7683
1.392e-06,7.8252
1.3921e-06,7.6886
1.3922e-06,7.7878
1.3923e-06,7.7319
1.3924e-06,7.8317
1.3925e-06,7.7638
1.3926e-06,7.6785
1.3927e-06,7.7248
1.3928e-06,7.829
1.3929e-06,7.7162
1.393e-06,7.5448
1.3931e-06,7.8278
1.3932e-06,7.8655
1.3933e-06,7.7959
1.3934e-06,7.8049
1.3935e-06,7.6847
1.3936e-06,7.5398
1.3937e-06,7.7135
1.3938e-06,7.7457
1.3939e-06,7.6441
1.394e-06,7.6643
1.3941e-06,7.7154
1.3942e-06,7.7425
1.3943e-06,7.5936
1.3944e-06,7.6326
1.3945e-06,7.5989
1.3946e-06,7.682
1.3947e-06,7.5904
1.3948e-06,7.6133
1.3949e-06,7.5546
1.395e-06,7.5241
1.3951e-06,7.5153
1.3952e-06,7.5534
1.3953e-06,7.5091
1.3954e-06,7.5858
1.3955e-06,7.5787
1.3956e-06,7.594
1.3957e-06,7.5455
1.3958e-06,7.587
1.3959e-06,7.5954
1.396e-06,7.4962
1.3961e-06,7.6489
1.3962e-06,7.591
1.3963e-06,7.4258
1.3964e-06,7.4921
1.3965e-06,7.3412
1.3966e-06,7.5056
1.3967e-06,7.5333
1.3968e-06,7.4904
1.3969e-06,7.5542
1.397e-06,7.4913
1.3971e-06,7.4228
1.3972e-06,7.5273
1.3973e-06,7.4289
1.3974e-06,7.4683
1.3975e-06,7.3903
1.3976e-06,7.4055
1.3977e-06,7.3481
1.3978e-06,7.3515
1.3979e-06,7.4133
1.398e-06,7.5439
1.3981e-06,7.4888
1.3982e-06,7.425
1.3983e-06,7.3465
1.3984e-06,7.518
1.3985e-06,7.3709
1.3986e-06,7.2935
1.3987e-06,7.2618
1.3988e-06,7.3204
1.3989e-06,7.3799
1.399e-06,7.3721
1.3991e-06,7.2443
1.3992e-06,7.2592
1.3993e-06,7.3791
1.3994e-06,7.3784
1.3995e-06,7.3884
1.3996e-06,7.2197
1.3997e-06,7.3178
1.3998e-06,7.335
1.3999e-06,7.195
1.4e-06,7.155
1.4001e-06,7.2701
1.4002e-06,7.336
1.4003e-06,7.0575
1.4004e-06,7.3369
1.4005e-06,7.1339
1.4006e-06,7.1995
1.4007e-06,7.3104
1.4008e-06,7.2709
1.4009e-06,7.2595
1.401e-06,7.1555
1.4011e-06,6.9516
1.4012e-06,7.2386
1.4013e-06,7.2038
1.4014e-06,7.1243
1.4015e-06,7.179
1.4016e-06,7.2472
1.4017e-06,7.2324
1.4018e-06,7.0879
1.4019e-06,7.1756
1.402e-06,7.1448
1.4021e-06,7.1207
1.4022e-06,7.106
1.4023e-06,7.1312
1.4024e-06,7.2832
1.4025e-06,7.0843
1.4026e-06,7.1767
1.4027e-06,7.0771
1.4028e-06,7.0378
1.4029e-06,7.2317
1.403e-06,7.0257
1.4031e-06,7.1085
1.4032e-06,7.2034
1.4033e-06,7.0318
1.4034e-06,7.0789
1.4035e-06,7.0304
1.4036e-06,6.9745
1.4037e-06,6.9882
1.4038e-06,7.0913
1.4039e-06,7.07
1.404e-06,7.0996
1.4041e-06,7.1878
1.4042e-06,7.078
1.4043e-06,6.987
1.4044e-06,7.1535
1.4045e-06,7.078
1.4046e-06,6.9071
1.4047e-06,6.9643
1.4048e-06,7.0049
1.4049e-06,7.0574
1.405e-06,6.9148
1.4051e-06,7.0152
1.4052e-06,7.0376
1.4053e-06,6.8153
1.4054e-06,6.9602
1.4055e-06,6.9737
1.4056e-06,6.8097
1.4057e-06,6.9077
1.4058e-06,6.9862
1.4059e-06,6.9
1.406e-06,6.7731
1.4061e-06,6.9015
1.4062e-06,6.9141
1.4063e-06,6.8776
1.4064e-06,6.8807
1.4065e-06,6.8881
1.4066e-06,6.7638
1.4067e-06,6.9465
1.4068e-06,7.0632
1.4069e-06,6.8329
1.407e-06,6.8074
1.4071e-06,6.9153
1.4072e-06,6.8811
1.4073e-06,6.8215
1.4074e-06,6.8705
1.4075e-06,6.8846
1.4076e-06,6.7792
1.4077e-06,6.8839
1.4078e-06,6.7375
1.4079e-06,6.8836
1.408e-06,6.8651
1.4081e-06,6.6794
1.4082e-06,6.7558
1.4083e-06,6.6258
1.4084e-06,6.6722
1.4085e-06,6.7469
1.4086e-06,6.9208
1.4087e-06,6.7025
1.4088e-06,6.7371
1.4089e-06,6.7772
1.409e-06,6.7537
1.4091e-06,6.6411
1.4092e-06,6.7134
1.4093e-06,6.5405
1.4094e-06,6.6727
1.4095e-06,6.6955
1.4096e-06,6.6537
1.4097e-06,6.8027
1.4098e-06,6.5675
1.4099e-06,6.6781
1.41e-06,6.5491
1.4101e-06,6.5673
1.4102e-06,6.7894
1.4103e-06,6.5465
1.4104e-06,6.5906
1.4105e-06,6.6831
1.4106e-06,6.6981
1.4107e-06,6.4999
1.4108e-06,6.7087
1.4109e-06,6.6846
1.411e-06,6.6147
1.4111e-06,6.546
1.4112e-06,6.5908
1.4113e-06,6.5494
1.4114e-06,6.631
1.4115e-06,6.4855
1.4116e-06,6.5277
1.4117e-06,6.6031
1.4118e-06,6.513
1.4119e-06,6.5738
1.412e-06,6.4667
1.4121e-06,6.4653
1.4122e-06,6.3878
1.4123e-06,6.5423
1.4124e-06,6.5088
1.4125e-06,6.3009
1.4126e-06,6.322
1.4127e-06,6.2587
1.4128e-06,6.4847
1.4129e-06,6.3663
1.413e-06,6.3758
1.4131e-06,6.4036
1.4132e-06,6.4416
1.4133e-06,6.4091
1.4134e-06,6.4008
1.4135e-06,6.4066
1.4136e-06,6.4652
1.4137e-06,6.31
1.4138e-06,6.2587
1.4139e-06,6.338
1.414e-06,6.3654
1.4141e-06,6.4466
1.4142e-06,6.216
1.4143e-06,6.477
1.4144e-06,6.336
1.4145e-06,6.5062
1.4146e-06,6.4057
1.4147e-06,6.4477
1.4148e-06,6.1208
1.4149e-06,6.2486
1.415e-06,6.2753
1.4151e-06,6.4187
1.4152e-06,6.4038
1.4153e-06,6.2436
1.4154e-06,6.1964
1.4155e-06,6.3556
1.4156e-06,6.1599
1.4157e-06,6.1352
1.4158e-06,6.28
1.4159e-06,6.1223
1.416e-06,6.2627
1.4161e-06,6.1654
1.4162e-06,6.3136
1.4163e-06,6.1318
1.4164e-06,6.0239
1.4165e-06,6.2666
1.4166e-06,6.027
1.4167e-06,6.2644
1.4168e-06,6.1099
1.4169e-06,6.0879
1.417e-06,6.1274
1.4171e-06,6.2604
1.4172e-06,6.1474
1.4173e-06,6.2087
1.4174e-06,6.1321
1.4175e-06,6.1153
1.4176e-06,6.151
1.4177e-06,6.1301
1.4178e-06,6.1618
1.4179e-06,5.9253
1.418e-06,5.9542
1.4181e-06,6.0822
1.4182e-06,6.279
1.4183e-06,6.1119
1.4184e-06,6.0614
1.4185e-06,6.0242
1.4186e-06,5.9872
1.4187e-06,5.8445
1.4188e-06,5.9997
1.4189e-06,6.0531
1.419e-06,6.1704
1.4191e-06,5.9387
1.4192e-06,5.8663
1.4193e-06,5.9968
1.4194e-06,6.028
1.4195e-06,5.9262
1.4196e-06,5.9241
1.4197e-06,5.9546
1.4198e-06,5.9157
1.4199e-06,5.8424
1.42e-06,5.9356
1.4201e-06,5.8232
1.4202e-06,6.0215
1.4203e-06,5.9095
1.4204e-06,5.8198
1.4205e-06,5.8367
1.4206e-06,5.8991
1.4207e-06,5.8593
1.4208e-06,5.7926
1.4209e-06,5.6183
1.421e-06,5.9288
1.4211e-06,5.7626
1.4212e-06,5.801
1.4213e-06,5.794
1.4214e-06,5.7651
1.4215e-06,5.6783
1.4216e-06,5.796
1.4217e-06,5.8808
1.4218e-06,5.8607
1.4219e-06,5.6929
1.422e-06,5.9182
1.4221e-06,5.7391
1.4222e-06,5.6159
1.4223e-06,5.6758
1.4224e-06,5.8546
1.4225e-06,5.7571
1.4226e-06,5.6432
1.4227e-06,5.5715
1.4228e-06,5.7122
1.4229e-06,5.6426
1.423e-06,5.5482
1.4231e-06,5.5689
1.4232e-06,5.5925
1.4233e-06,5.6575
1.4234e-06,5.5491
1.4235e-06,5.5948
1.4236e-06,5.6652
1.4237e-06,5.4078
1.4238e-06,5.6956
1.4239e-06,5.6394
1.424e-06,5.603
1.4241e-06,5.6082
1.4242e-06,5.5691
1.4243e-06,5.7092
1.4244e-06,5.5873
1.4245e-06,5.6375
1.4246e-06,5.6809
1.4247e-06,5.4471
1.4248e-06,5.4925
1.4249e-06,5.5388
1.425e-06,5.6964
1.4251e-06,5.4973
1.4252e-06,5.48
1.4253e-06,5.5476
1.4254e-06,5.6642
1.4255e-06,5.584
1.4256e-06,5.6065
1.4257e-06,5.491
1.4258e-06,5.5461
1.4259e-06,5.4654
1.426e-06,5.6316
1.4261e-06,5.3183
1.4262e-06,5.4366
1.4263e-06,5.3799
1.4264e-06,5.398
1.4265e-06,5.453
1.4266e-06,5.411
1.4267e-06,5.4322
1.4268e-06,5.3497
1.4269e-06,5.3978
1.427e-06,5.3552
1.4271e-06,5.4517
1.4272e-06,5.3781
1.4273e-06,5.4358
1.4274e-06,5.4508
1.4275e-06,5.3461
1.4276e-06,5.3603
1.4277e-06,5.1459
1.4278e-06,5.1877
1.4279e-06,5.2411
1.428e-06,5.3224
1.4281e-06,5.1796
1.4282e-06,5.1338
1.4283e-06,5.1888
1.4284e-06,5.2194
1.4285e-06,5.138
1.4286e-06,5.2198
1.4287e-06,5.1738
1.4288e-06,5.2241
1.4289e-06,5.1783
1.429e-06,5.1699
1.4291e-06,5.0959
1.4292e-06,5.1297
1.4293e-06,5.0417
1.4294e-06,5.0637
1.4295e-06,5.2189
1.4296e-06,5.0348
1.4297e-06,5.1202
1.4298e-06,5.0214
1.4299e-06,4.9213
1.43e-06,5.1701
1.4301e-06,5.0408
1.4302e-06,5.1155
1.4303e-06,5.0623
1.4304e-06,5.2152
1.4305e-06,5.066
1.4306e-06,5.1631
1.4307e-06,4.9845
1.4308e-06,5.1681
1.4309e-06,5.0245
1.431e-06,4.9873
1.4311e-06,5.108
1.4312e-06,4.9902
1.4313e-06,4.8905
1.4314e-06,5.0737
1.4315e-06,5.0432
1.4316e-06,4.9803
1.4317e-06,5.1165
1.4318e-06,5.0849
1.4319e-06,5.0252
1.432e-06,5.0471
1.4321e-06,4.991
1.4322e-06,4.9418
1.4323e-06,4.8363
1.4324e-06,4.9823
1.4325e-06,4.9345
1.4326e-06,4.8773
1.4327e-06,4.9164
1.4328e-06,4.9416
1.4329e-06,4.8236
1.433e-06,4.7786
1.4331e-06,4.8415
1.4332e-06,4.8674
1.4333e-06,4.944
1.4334e-06,4.7813
1.4335e-06,4.7654
1.4336e-06,4.6713
1.4337e-06,4.7237
1.4338e-06,4.7171
1.4339e-06,4.834
1.434e-06,4.799
1.4341e-06,4.7221
1.4342e-06,4.7811
1.4343e-06,4.709
1.4344e-06,4.7537
1.4345e-06,4.8628
1.4346e-06,4.705
1.4347e-06,4.8076
1.4348e-06,4.8263
1.4349e-06,4.8836
1.435e-06,4.7453
1.4351e-06,4.6551
1.4352e-06,4.6306
1.4353e-06,4.6728
1.4354e-06,4.4832
1.4355e-06,4.5309
1.4356e-06,4.4951
1.4357e-06,4.7005
1.4358e-06,4.6171
1.4359e-06,4.6288
1.436e-06,4.61
1.4361e-06,4.5874
1.4362e-06,4.6038
1.4363e-06,4.5047
1.4364e-06,4.5847
1.4365e-06,4.4996
1.4366e-06,4.5177
1.4367e-06,4.5397
1.4368e-06,4.3812
1.4369e-06,4.6649
1.437e-06,4.4621
1.4371e-06,4.5426
1.4372e-06,4.5451
1.4373e-06,4.392
1.4374e-06,4.3771
1.4375e-06,4.4555
1.4376e-06,4.5007
1.4377e-06,4.3716
1.4378e-06,4.4434
1.4379e-06,4.4652
1.438e-06,4.4137
1.4381e-06,4.5706
1.4382e-06,4.4916
1.4383e-06,4.405
1.4384e-06,4.3582
1.4385e-06,4.3843
1.4386e-06,4.4175
1.4387e-06,4.2964
1.4388e-06,4.3239
1.4389e-06,4.3117
1.439e-06,4.3172
1.4391e-06,4.2475
1.4392e-06,4.2541
1.4393e-06,4.3236
1.4394e-06,4.4046
1.4395e-06,4.3809
1.4396e-06,4.2469
1.4397e-06,4.2211
1.4398e-06,4.3905
1.4399e-06,4.1827
1.44e-06,4.1992
1.4401e-06,4.4272
1.4402e-06,4.2175
1.4403e-06,4.1203
1.4404e-06,4.0736
1.4405e-06,4.175
1.4406e-06,4.1543
1.4407e-06,4.1223
1.4408e-06,4.3111
1.4409e-06,4.209
1.441e-06,4.1242
1.4411e-06,4.183
1.4412e-06,3.9399
1.4413e-06,4.0863
1.4414e-06,4.1159
1.4415e-06,4.0931
1.4416e-06,4.0749
1.4417e-06,4.0008
1.4418e-06,4.0329
1.4419e-06,3.9946
1.442e-06,4.1729
1.4421e-06,4.0935
1.4422e-06,4.011
1.4423e-06,3.9036
1.4424e-06,4.0142
1.4425e-06,4.0074
1.4426e-06,3.9726
1.4427e-06,4.0728
1.4428e-06,4.0848
1.4429e-06,4.0781
1.443e-06,4.0245
1.4431e-06,4.0277
1.4432e-06,3.9808
1.4433e-06,3.809
1.4434e-06,3.8698
1.4435e-06,3.9642
1.4436e-06,3.9414
1.4437e-06,3.9898
1.4438e-06,3.7337
1.4439e-06,4.0073
1.444e-06,3.779
1.4441e-06,3.9156
1.4442e-06,3.9034
1.4443e-06,3.6736
1.4444e-06,3.8218
1.4445e-06,3.8648
1.4446e-06,3.8394
1.4447e-06,3.8718
1.4448e-06,3.9582
1.4449e-06,4.001
1.445e-06,3.8239
1.4451e-06,3.7037
1.4452e-06,3.6589
1.4453e-06,3.7433
1.4454e-06,3.7477
1.4455e-06,3.6962
1.4456e-06,3.7182
1.4457e-06,3.6147
1.4458e-06,3.5716
1.4459e-06,3.8239
1.446e-06,3.6961
1.4461e-06,3.7685
1.4462e-06,3.529
1.4463e-06,3.645
1.4464e-06,3.6952
1.4465e-06,3.712
1.4466e-06,3.5458
1.4467e-06,3.7488
1.4468e-06,3.5826
1.4469e-06,3.5381
1.447e-06,3.5737
1.4471e-06,3.7626
1.4472e-06,3.6918
1.4473e-06,3.4549
1.4474e-06,3.4989
1.4475e-06,3.6755
1.4476e-06,3.4569
1.4477e-06,3.3577
1.4478e-06,3.4765
1.4479e-06,3.3985
1.448e-06,3.3584
1.4481e-06,3.4443
1.4482e-06,3.5225
1.4483e-06,3.493
1.4484e-06,3.364
1.4485e-06,3.4142
1.4486e-06,3.6317
1.4487e-06,3.3636
1.4488e-06,3.4724
1.4489e-06,3.3215
1.449e-06,3.3064
1.4491e-06,3.3505
1.4492e-06,3.3019
1.4493e-06,3.396
1.4494e-06,3.3878
1.4495e-06,3.2693
1.4496e-06,3.3198
1.4497e-06,3.1568
1.4498e-06,3.2092
1.4499e-06,3.1618
1.45e-06,3.2942
1.4501e-06,3.3616
1.4502e-06,3.2364
1.4503e-06,3.2335
1.4504e-06,3.1724
1.4505e-06,3.1678
1.4506e-06,3.0517
1.4507e-06,3.0018
1.4508e-06,3.2661
1.4509e-06,3.3145
1.451e-06,3.2798
1.4511e-06,3.1418
1.4512e-06,3.1623
1.4513e-06,3.1835
1.4514e-06,3.1523
1.4515e-06,3.1047
1.4516e-06,3.0996
1.4517e-06,3.144
1.4518e-06,3.2833
1.4519e-06,3.1558
1.452e-06,3.0198
1.4521e-06,3.0818
1.4522e-06,2.9885
1.4523e-06,3.0026
1.4524e-06,2.974
1.4525e-06,3.1395
1.4526e-06,2.9741
1.4527e-06,2.9719
1.4528e-06,3.0372
1.4529e-06,2.9862
1.453e-06,3.1646
1.4531e-06,3.0456
1.4532e-06,2.9239
1.4533e-06,3.0721
1.4534e-06,3.0165
1.4535e-06,2.931
1.4536e-06,2.9002
1.4537e-06,2.8092
1.4538e-06,2.9238
1.4539e-06,2.8692
1.454e-06,2.8191
1.4541e-06,3.0874
1.4542e-06,2.7539
1.4543e-06,2.8805
1.4544e-06,2.6973
1.4545e-06,2.7741
1.4546e-06,2.6903
1.4547e-06,2.9485
1.4548e-06,2.7703
1.4549e-06,2.9005
1.455e-06,2.7379
1.4551e-06,2.7775
1.4552e-06,2.704
1.4553e-06,2.634
1.4554e-06,2.7647
1.4555e-06,2.7201
1.4556e-06,2.8792
1.4557e-06,2.6889
1.4558e-06,2.6584
1.4559e-06,2.6448
1.456e-06,2.6112
1.4561e-06,2.7816
1.4562e-06,2.5918
1.4563e-06,2.4849
1.4564e-06,2.5958
1.4565e-06,2.6499
1.4566e-06,2.6026
1.4567e-06,2.6714
1.4568e-06,2.5057
1.4569e-06,2.6196
1.457e-06,2.3525
1.4571e-06,2.5876
1.4572e-06,2.5729
1.4573e-06,2.4013
1.4574e-06,2.3198
1.4575e-06,2.394
1.4576e-06,2.4084
1.4577e-06,2.4914
1.4578e-06,2.6188
1.4579e-06,2.5686
1.458e-06,2.568
1.4581e-06,2.4213
1.4582e-06,2.3039
1.4583e-06,2.3981
1.4584e-06,2.3053
1.4585e-06,2.3509
1.4586e-06,2.3786
1.4587e-06,2.4316
1.4588e-06,2.3666
1.4589e-06,2.2716
1.459e-06,2.231
1.4591e-06,2.2818
1.4592e-06,2.1475
1.4593e-06,2.3035
1.4594e-06,2.2833
1.4595e-06,2.2136
1.4596e-06,2.4212
1.4597e-06,2.2649
1.4598e-06,2.2013
1.4599e-06,2.3005
1.46e-06,2.2831
1.4601e-06,2.2438
1.4602e-06,2.1868
1.4603e-06,2.2548
1.4604e-06,2.2055
1.4605e-06,2.2211
1.4606e-06,2.2541
1.4607e-06,2.0154
1.4608e-06,2.172
1.4609e-06,2.1437
1.461e-06,2.2029
1.4611e-06,1.9009
1.4612e-06,2.089
1.4613e-06,2.0531
1.4614e-06,1.999
1.4615e-06,2.1329
1.4616e-06,2.1092
1.4617e-06,2.0071
1.4618e-06,1.8105
1.4619e-06,1.8826
1.462e-06,2.1582
1.4621e-06,1.8223
1.4622e-06,1.9276
1.4623e-06,1.9901
1.4624e-06,2.159
1.4625e-06,2.0094
1.4626e-06,1.9389
1.4627e-06,1.9004
1.4628e-06,2.0641
1.4629e-06,1.8278
1.463e-06,1.7925
1.4631e-06,1.8903
1.4632e-06,1.6999
1.4633e-06,1.9194
1.4634e-06,1.7605
1.4635e-06,1.6645
1.4636e-06,1.8509
1.4637e-06,1.7238
1.4638e-06,1.7733
1.4639e-06,1.7968
1.464e-06,1.8125
1.4641e-06,1.797
1.4642e-06,1.6391
1.4643e-06,1.6134
1.4644e-06,1.6123
1.4645e-06,1.6185
1.4646e-06,1.7104
1.4647e-06,1.7758
1.4648e-06,1.6846
1.4649e-06,1.5983
1.465e-06,1.5408
1.4651e-06,1.5593
1.4652e-06,1.6558
1.4653e-06,1.5506
1.4654e-06,1.6879
1.4655e-06,1.627
1.4656e-06,1.4619
1.4657e-06,1.6334
1.4658e-06,1.4687
1.4659e-06,1.5745
1.466e-06,1.5897
1.4661e-06,1.516
1.4662e-06,1.3689
1.4663e-06,1.5282
1.4664e-06,1.4548
1.4665e-06,1.4844
1.4666e-06,1.2565
1.4667e-06,1.3707
1.4668e-06,1.4173
1.4669e-06,1.5
1.467e-06,1.4472
1.4671e-06,1.3947
1.4672e-06,1.4629
1.4673e-06,1.2875
1.4674e-06,1.4193
1.4675e-06,1.4035
1.4676e-06,1.3651
1.4677e-06,1.1383
1.4678e-06,1.3753
1.4679e-06,1.1746
1.468e-06,1.2449
1.4681e-06,1.1769
1.4682e-06,1.2512
1.4683e-06,1.1584
1.4684e-06,1.2298
1.4685e-06,1.2157
1.4686e-06,1.0979
1.4687e-06,1.1409
1.4688e-06,1.2304
1.4689e-06,1.1666
1.469e-06,1.1159
1.4691e-06,1.1248
1.4692e-06,1.2139
1.4693e-06,1.1541
1.4694e-06,1.0012
1.4695e-06,1.0937
1.4696e-06,1.1017
1.4697e-06,0.95213
1.4698e-06,1.0781
1.4699e-06,0.98716
1.47e-06,0.98496
1.4701e-06,0.90471
1.4702e-06,0.97823
1.4703e-06,0.94542
1.4704e-06,0.96129
1.4705e-06,1.0113
1.4706e-06,1.0227
1.4707e-06,0.87138
1.4708e-06,0.92867
1.4709e-06,0.95581
1.471e-06,0.95892
1.4711e-06,0.90448
1.4712e-06,0.85689
1.4713e-06,0.87939
1.4714e-06,0.69874
1.4715e-06,1.0257
1.4716e-06,0.74463
1.4717e-06,0.8112
1.4718e-06,0.86376
1.4719e-06,0.72555
1.472e-06,0.84599
1.4721e-06,0.66647
1.4722e-06,0.66204
1.4723e-06,0.6004
1.4724e-06,0.52506
1.4725e-06,0.71814
1.4726e-06,0.57501
1.4727e-06,0.6851
1.4728e-06,0.70514
1.4729e-06,0.6372
1.473e-06,0.52572
1.4731e-06,0.65447
1.4732e-06,0.63812
1.4733e-06,0.51555
1.4734e-06,0.5471
1.4735e-06,0.65132
1.4736e-06,0.46103
1.4737e-06,0.48578
1.4738e-06,0.588
1.4739e-06,0.64681
1.474e-06,0.53788
1.4741e-06,0.58693
1.4742e-06,0.50129
1.4743e-06,0.27906
1.4744e-06,0.58228
1.4745e-06,0.32405
1.4746e-06,0.40099
1.4747e-06,0.40695
1.4748e-06,0.41514
1.4749e-06,0.33918
1.475e-06,0.25121
1.4751e-06,0.41018
1.4752e-06,0.3613
1.4753e-06,0.3271
1.4754e-06,0.36873
1.4755e-06,0.3754
1.4756e-06,0.29855
1.4757e-06,0.29801
1.4758e-06,0.22409
1.4759e-06,0.30734
1.476e-06,0.25239
1.4761e-06,0.031848
1.4762e-06,0.2259
1.4763e-06,0.088918
1.4764e-06,0.059246
1.4765e-06,0.10588
1.4766e-06,0.26199
1.4767e-06,0.056615
1.4768e-06,0.077208
1.4769e-06,-0.037937
1.477e-06,0.068234
1.4771e-06,-0.031879
1.4772e-06,0.10123
1.4773e-06,0.015448
1.4774e-06,0.016201
1.4775e-06,-0.051892
1.4776e-06,-0.27034
1.4777e-06,0.0009674
1.4778e-06,0.037641
1.4779e-06,-0.058007
1.478e-06,0.11198
1.4781e-06,-0.11923
1.4782e-06,-0.059008
1.4783e-06,-0.030747
1.4784e-06,-0.10464
1.4785e-06,-0.16112
1.4786e-06,-0.0247
1.4787e-06,-0.14707
1.4788e-06,-0.077336
1.4789e-06,-0.32275
1.479e-06,-0.27751
1.4791e-06,-0.18005
1.4792e-06,-0.37815
1.4793e-06,-0.40343
1.4794e-06,-0.35995
1.4795e-06,-0.32954
1.4796e-06,-0.3676
1.4797e-06,-0.2558
1.4798e-06,-0.30903
1.4799e-06,-0.49328
1.48e-06,-0.25796
1.4801e-06,-0.22485
1.4802e-06,-0.31046
1.4803e-06,-0.51815
1.4804e-06,-0.46106
1.4805e-06,-0.38582
1.4806e-06,-0.22588
1.4807e-06,-0.33294
1.4808e-06,-0.48713
1.4809e-06,-0.533
1.481e-06,-0.70935
1.4811e-06,-0.52925
1.4812e-06,-0.55443
1.4813e-06,-0.50268
1.4814e-06,-0.41754
1.4815e-06,-0.41294
1.4816e-06,-0.66473
1.4817e-06,-0.69123
1.4818e-06,-0.54114
1.4819e-06,-0.63743
1.482e-06,-0.70221
1.4821e-06,-0.55619
1.4822e-06,-0.65274
1.4823e-06,-0.54906
1.4824e-06,-0.71138
1.4825e-06,-0.64355
1.4826e-06,-0.64521
1.4827e-06,-0.64551
1.4828e-06,-0.66182
1.4829e-06,-0.83018
1.483e-06,-0.70545
1.4831e-06,-0.87739
1.4832e-06,-0.90794
1.4833e-06,-1.0342
1.4834e-06,-0.8198
1.4835e-06,-0.91168
1.4836e-06,-0.87096
1.4837e-06,-0.81177
1.4838e-06,-0.93261
1.4839e-06,-0.81443
1.484e-06,-1.0604
1.4841e-06,-1.0231
1.4842e-06,-1.0168
1.4843e-06,-1.0308
1.4844e-06,-0.90232
1.4845e-06,-1.1059
1.4846e-06,-1.2563
1.4847e-06,-1.0846
1.4848e-06,-1.1194
1.4849e-06,-1.34
1.485e-06,-1.156
1.4851e-06,-1.0731
1.4852e-06,-1.1204
1.4853e-06,-1.1283
1.4854e-06,-1.2443
1.4855e-06,-1.0766
1.4856e-06,-1.1923
1.4857e-06,-1.0794
1.4858e-06,-1.2125
1.4859e-06,-1.2006
1.486e-06,-1.1311
1.4861e-06,-1.3986
1.4862e-06,-1.3739
1.4863e-06,-1.3596
1.4864e-06,-1.417
1.4865e-06,-1.3381
1.4866e-06,-1.2936
1.4867e-06,-1.5256
1.4868e-06,-1.2741
1.4869e-06,-1.4656
1.487e-06,-1.3579
1.4871e-06,-1.2667
1.4872e-06,-1.3991
1.4873e-06,-1.5403
1.4874e-06,-1.3898
1.4875e-06,-1.5403
1.4876e-06,-1.5351
1.4877e-06,-1.7127
1.4878e-06,-1.5791
1.4879e-06,-1.6115
1.488e-06,-1.7975
1.4881e-06,-1.5509
1.4882e-06,-1.5246
1.4883e-06,-1.4404
1.4884e-06,-1.6219
1.4885e-06,-1.5265
1.4886e-06,-1.6825
1.4887e-06,-1.6872
1.4888e-06,-1.5614
1.4889e-06,-1.5325
1.489e-06,-1.8438
1.4891e-06,-1.8007
1.4892e-06,-1.7138
1.4893e-06,-1.8207
1.4894e-06,-1.7807
1.4895e-06,-1.6695
1.4896e-06,-1.7455
1.4897e-06,-1.6626
1.4898e-06,-1.8246
1.4899e-06,-1.8721
1.49e-06,-1.8029
1.4901e-06,-1.8915
1.4902e-06,-1.8797
1.4903e-06,-1.9074
1.4904e-06,-1.9012
1.4905e-06,-1.81
1.4906e-06,-1.9913
1.4907e-06,-2.0606
1.4908e-06,-1.9533
1.4909e-06,-2.1259
1.491e-06,-2.0606
1.4911e-06,-1.8845
1.4912e-06,-2.0697
1.4913e-06,-1.9986
1.4914e-06,-2.0142
1.4915e-06,-2.1453
1.4916e-06,-2.1449
1.4917e-06,-2.0675
1.4918e-06,-2.2456
1.4919e-06,-2.2799
1.492e-06,-2.1814
1.4921e-06,-2.2962
1.4922e-06,-2.3349
1.4923e-06,-2.2537
1.4924e-06,-2.2394
1.4925e-06,-2.2941
1.4926e-06,-2.385
1.4927e-06,-2.391
1.4928e-06,-2.3058
1.4929e-06,-2.2868
1.493e-06,-2.3072
1.4931e-06,-2.3156
1.4932e-06,-2.3516
1.4933e-06,-2.4126
1.4934e-06,-2.4404
1.4935e-06,-2.3659
1.4936e-06,-2.4799
1.4937e-06,-2.4605
1.4938e-06,-2.5988
1.4939e-06,-2.4928
1.494e-06,-2.4728
1.4941e-06,-2.2813
1.4942e-06,-2.5713
1.4943e-06,-2.6722
1.4944e-06,-2.5356
1.4945e-06,-2.8106
1.4946e-06,-2.6034
1.4947e-06,-2.5238
1.4948e-06,-2.547
1.4949e-06,-2.7219
1.495e-06,-2.7168
1.4951e-06,-2.7109
1.4952e-06,-2.5474
1.4953e-06,-2.6152
1.4954e-06,-2.8405
1.4955e-06,-2.7184
1.4956e-06,-2.7911
1.4957e-06,-2.8067
1.4958e-06,-2.8009
1.4959e-06,-2.9323
1.496e-06,-2.7798
1.4961e-06,-2.8412
1.4962e-06,-2.8779
1.4963e-06,-2.7599
1.4964e-06,-2.8665
1.4965e-06,-3.0185
1.4966e-06,-3.0495
1.4967e-06,-2.9047
1.4968e-06,-2.8522
1.4969e-06,-3.0221
1.497e-06,-3.0248
1.4971e-06,-2.9426
1.4972e-06,-2.9089
1.4973e-06,-3.1586
1.4974e-06,-2.8949
1.4975e-06,-3.0551
1.4976e-06,-3.099
1.4977e-06,-2.9022
1.4978e-06,-3.1798
1.4979e-06,-3.15
1.498e-06,-3.1603
1.4981e-06,-3.0738
1.4982e-06,-3.1092
1.4983e-06,-3.0269
1.4984e-06,-3.1914
1.4985e-06,-3.2046
1.4986e-06,-3.3036
1.4987e-06,-3.3293
1.4988e-06,-3.2072
1.4989e-06,-3.2849
1.499e-06,-3.398
1.4991e-06,-3.4392
1.4992e-06,-3.197
1.4993e-06,-3.4156
1.4994e-06,-3.3714
1.4995e-06,-3.4527
1.4996e-06,-3.356
1.4997e-06,-3.2487
1.4998e-06,-3.3603
1.4999e-06,-3.4923
1.5e-06,-3.5182
1.5001e-06,-3.4251
1.5002e-06,-3.5956
1.5003e-06,-3.5178
1.5004e-06,-3.6609
1.5005e-06,-3.5877
1.5006e-06,-3.3987
1.5007e-06,-3.5613
1.5008e-06,-3.6401
1.5009e-06,-3.5512
1.501e-06,-3.6147
1.5011e-06,-3.6024
1.5012e-06,-3.7263
1.5013e-06,-3.551
1.5014e-06,-3.6648
1.5015e-06,-3.7101
1.5016e-06,-3.7416
1.5017e-06,-3.8575
1.5018e-06,-3.7859
1.5019e-06,-3.9683
1.502e-06,-3.9457
1.5021e-06,-3.7067
1.5022e-06,-3.9417
1.5023e-06,-4.0221
1.5024e-06,-3.8108
1.5025e-06,-3.8483
1.5026e-06,-3.9674
1.5027e-06,-4.0146
1.5028e-06,-4.0162
1.5029e-06,-3.9767
1.503e-06,-3.9667
1.5031e-06,-3.9113
1.5032e-06,-3.9607
1.5033e-06,-4.1113
1.5034e-06,-3.9187
1.5035e-06,-3.909
1.5036e-06,-4.0182
1.5037e-06,-4.0082
1.5038e-06,-4.2091
1.5039e-06,-4.144
1.504e-06,-4.1149
1.5041e-06,-4.3435
1.5042e-06,-4.2084
1.5043e-06,-4.2575
1.5044e-06,-4.2103
1.5045e-06,-4.1902
1.5046e-06,-4.2271
1.5047e-06,-4.2882
1.5048e-06,-4.2756
1.5049e-06,-4.2721
1.505e-06,-4.2135
1.5051e-06,-4.3239
1.5052e-06,-4.3005
1.5053e-06,-4.3481
1.5054e-06,-4.3886
1.5055e-06,-4.5467
1.5056e-06,-4.4024
1.5057e-06,-4.4271
1.5058e-06,-4.4297
1.5059e-06,-4.3131
1.506e-06,-4.5488
1.5061e-06,-4.4098
1.5062e-06,-4.3112
1.5063e-06,-4.516
1.5064e-06,-4.5483
1.5065e-06,-4.5318
1.5066e-06,-4.5628
1.5067e-06,-4.6167
1.5068e-06,-4.7065
1.5069e-06,-4.6403
1.507e-06,-4.5664
1.5071e-06,-4.5515
1.5072e-06,-4.6368
1.5073e-06,-4.6663
1.5074e-06,-4.8043
1.5075e-06,-4.9338
1.5076e-06,-4.5486
1.5077e-06,-4.8484
1.5078e-06,-4.6158
1.5079e-06,-4.5385
1.508e-06,-4.6291
1.5081e-06,-4.7517
1.5082e-06,-4.8843
1.5083e-06,-4.8105
1.5084e-06,-4.7746
1.5085e-06,-4.8468
1.5086e-06,-4.816
1.5087e-06,-4.7
1.5088e-06,-4.8334
1.5089e-06,-5.1521
1.509e-06,-4.8359
1.5091e-06,-4.8623
1.5092e-06,-4.8685
1.5093e-06,-5.0142
1.5094e-06,-5.0791
1.5095e-06,-4.8644
1.5096e-06,-4.9714
1.5097e-06,-5.009
1.5098e-06,-5.0528
1.5099e-06,-5.3683
1.51e-06,-5.1631
1.5101e-06,-5.0227
1.5102e-06,-5.0852
1.5103e-06,-4.9267
1.5104e-06,-5.1402
1.5105e-06,-5.1847
1.5106e-06,-5.3507
1.5107e-06,-5.1434
1.5108e-06,-5.3459
1.5109e-06,-5.2731
1.511e-06,-5.2295
1.5111e-06,-5.3114
1.5112e-06,-5.1817
1.5113e-06,-5.3037
1.5114e-06,-5.3131
1.5115e-06,-5.34
1.5116e-06,-5.3326
1.5117e-06,-5.5473
1.5118e-06,-5.3991
1.5119e-06,-5.3759
1.512e-06,-5.3745
1.5121e-06,-5.366
1.5122e-06,-5.4726
1.5123e-06,-5.3839
1.5124e-06,-5.5118
1.5125e-06,-5.5945
1.5126e-06,-5.4373
1.5127e-06,-5.5436
1.5128e-06,-5.4138
1.5129e-06,-5.6851
1.513e-06,-5.5045
1.5131e-06,-5.4318
1.5132e-06,-5.5752
1.5133e-06,-5.4801
1.5134e-06,-5.513
1.5135e-06,-5.665
1.5136e-06,-5.7295
1.5137e-06,-5.8504
1.5138e-06,-5.9332
1.5139e-06,-5.6083
1.514e-06,-5.7141
1.5141e-06,-5.8182
1.5142e-06,-5.699
1.5143e-06,-5.538
1.5144e-06,-5.7573
1.5145e-06,-5.8806
1.5146e-06,-5.8988
1.5147e-06,-5.7126
1.5148e-06,-5.4719
1.5149e-06,-5.877
1.515e-06,-6.0664
1.5151e-06,-5.9544
1.5152e-06,-5.7834
1.5153e-06,-5.9196
1.5154e-06,-6.0663
1.5155e-06,-5.8784
1.5156e-06,-5.9802
1.5157e-06,-5.8114
1.5158e-06,-5.9106
1.5159e-06,-5.8888
1.516e-06,-5.9577
1.5161e-06,-5.9103
1.5162e-06,-5.9319
1.5163e-06,-6.1576
1.5164e-06,-6.2265
1.5165e-06,-5.9372
1.5166e-06,-6.0165
1.5167e-06,-5.9716
1.5168e-06,-6.1053
1.5169e-06,-6.0667
1.517e-06,-6.1498
1.5171e-06,-6.1196
1.5172e-06,-6.3058
1.5173e-06,-6.0646
1.5174e-06,-6.0644
1.5175e-06,-6.0987
1.5176e-06,-6.1501
1.5177e-06,-6.0046
1.5178e-06,-5.9197
1.5179e-06,-6.1386
1.518e-06,-6.3762
1.5181e-06,-6.2932
1.5182e-06,-6.2404
1.5183e-06,-6.3123
1.5184e-06,-6.2378
1.5185e-06,-6.3348
1.5186e-06,-6.3003
1.5187e-06,-6.2498
1.5188e-06,-6.3519
1.5189e-06,-6.463
1.519e-06,-6.4196
1.5191e-06,-6.3457
1.5192e-06,-6.1104
1.5193e-06,-6.4281
1.5194e-06,-6.2849
1.5195e-06,-6.1968
1.5196e-06,-6.3933
1.5197e-06,-6.4498
1.5198e-06,-6.3839
1.5199e-06,-6.3427
1.52e-06,-6.3284
1.5201e-06,-6.497
1.5202e-06,-6.3588
1.5203e-06,-6.5016
1.5204e-06,-6.4048
1.5205e-06,-6.3667
1.5206e-06,-6.397
1.5207e-06,-6.3775
1.5208e-06,-6.5481
1.5209e-06,-6.4144
1.521e-06,-6.5121
1.5211e-06,-6.4865
1.5212e-06,-6.607
1.5213e-06,-6.6701
1.5214e-06,-6.7331
1.5215e-06,-6.4587
1.5216e-06,-6.6787
1.5217e-06,-6.4882
1.5218e-06,-6.5459
1.5219e-06,-6.5212
1.522e-06,-6.6772
1.5221e-06,-6.7327
1.5222e-06,-6.6588
1.5223e-06,-6.4578
1.5224e-06,-6.6545
1.5225e-06,-6.51
1.5226e-06,-6.6072
1.5227e-06,-6.7618
1.5228e-06,-6.7344
1.5229e-06,-6.6098
1.523e-06,-6.543
1.5231e-06,-6.7013
1.5232e-06,-6.6046
1.5233e-06,-6.6179
1.5234e-06,-6.779
1.5235e-06,-6.6572
1.5236e-06,-6.4793
1.5237e-06,-6.8838
1.5238e-06,-6.5299
1.5239e-06,-6.8728
1.524e-06,-6.6157
1.5241e-06,-6.6782
1.5242e-06,-6.7828
1.5243e-06,-6.8546
1.5244e-06,-6.7775
1.5245e-06,-6.6712
1.5246e-06,-6.7857
1.5247e-06,-6.7866
1.5248e-06,-6.6738
1.5249e-06,-6.8597
1.525e-06,-6.7251
1.5251e-06,-6.6175
1.5252e-06,-6.8741
1.5253e-06,-6.6805
1.5254e-06,-6.8059
1.5255e-06,-6.8425
1.5256e-06,-6.7981
1.5257e-06,-6.7795
1.5258e-06,-6.8414
1.5259e-06,-6.9631
1.526e-06,-6.7842
1.5261e-06,-6.7454
1.5262e-06,-6.8278
1.5263e-06,-6.6612
1.5264e-06,-6.8645
1.5265e-06,-6.9962
1.5266e-06,-6.8533
1.5267e-06,-7.0342
1.5268e-06,-6.8418
1.5269e-06,-6.8259
1.527e-06,-6.9165
1.5271e-06,-6.9649
1.5272e-06,-6.9802
1.5273e-06,-6.9224
1.5274e-06,-6.9181
1.5275e-06,-6.7226
1.5276e-06,-7.0544
1.5277e-06,-6.8889
1.5278e-06,-7.0043
1.5279e-06,-6.8219
1.528e-06,-6.8622
1.5281e-06,-6.939
1.5282e-06,-6.8893
1.5283e-06,-6.7355
1.5284e-06,-6.6962
1.5285e-06,-6.8229
1.5286e-06,-7.0077
1.5287e-06,-6.914
1.5288e-06,-6.8784
1.5289e-06,-6.8823
1.529e-06,-6.9468
1.5291e-06,-6.596
1.5292e-06,-6.8124
1.5293e-06,-6.9455
1.5294e-06,-7.0145
1.5295e-06,-6.7285
1.5296e-06,-6.8089
1.5297e-06,-6.7558
1.5298e-06,-6.8483
1.5299e-06,-7.068
1.53e-06,-6.6023
1.5301e-06,-7.0281
1.5302e-06,-6.815
1.5303e-06,-6.6698
1.5304e-06,-6.9343
1.5305e-06,-6.8769
1.5306e-06,-6.934
1.5307e-06,-6.8242
1.5308e-06,-6.9934
1.5309e-06,-6.7915
1.531e-06,-6.8519
1.5311e-06,-6.7625
1.5312e-06,-6.8031
1.5313e-06,-7.1195
1.5314e-06,-7.0525
1.5315e-06,-6.8969
1.5316e-06,-6.9104
1.5317e-06,-6.9972
1.5318e-06,-6.9031
1.5319e-06,-7.0433
1.532e-06,-6.9787
1.5321e-06,-6.6756
1.5322e-06,-6.7903
1.5323e-06,-6.7947
1.5324e-06,-6.8048
1.5325e-06,-6.8821
1.5326e-06,-6.8587
1.5327e-06,-6.7603
1.5328e-06,-6.6622
1.5329e-06,-6.7921
1.533e-06,-6.9035
1.5331e-06,-6.911
1.5332e-06,-6.6919
1.5333e-06,-6.7874
1.5334e-06,-7.0968
1.5335e-06,-6.8662
1.5336e-06,-6.7112
1.5337e-06,-6.6767
1.5338e-06,-6.5978
1.5339e-06,-6.7541
1.534e-06,-6.8959
1.5341e-06,-6.8048
1.5342e-06,-6.7797
1.5343e-06,-6.7565
1.5344e-06,-6.8891
1.5345e-06,-6.7674
1.5346e-06,-6.8608
1.5347e-06,-6.7656
1.5348e-06,-6.8248
1.5349e-06,-6.805
1.535e-06,-6.7598
1.5351e-06,-6.683
1.5352e-06,-6.6494
1.5353e-06,-6.7948
1.5354e-06,-6.8047
1.5355e-06,-6.7401
1.5356e-06,-6.4957
1.5357e-06,-6.6966
1.5358e-06,-6.6031
1.5359e-06,-6.6108
1.536e-06,-6.6307
1.5361e-06,-6.5553
1.5362e-06,-6.8778
1.5363e-06,-6.8301
1.5364e-06,-6.7049
1.5365e-06,-6.5892
1.5366e-06,-6.7068
1.5367e-06,-6.7712
1.5368e-06,-6.5903
1.5369e-06,-6.6477
1.537e-06,-6.5549
1.5371e-06,-6.4552
1.5372e-06,-6.6912
1.5373e-06,-6.4008
1.5374e-06,-6.6878
1.5375e-06,-6.6583
1.5376e-06,-6.4815
1.5377e-06,-6.7125
1.5378e-06,-6.5476
1.5379e-06,-6.6209
1.538e-06,-6.5861
1.5381e-06,-6.5407
1.5382e-06,-6.6781
1.5383e-06,-6.428
1.5384e-06,-6.6037
1.5385e-06,-6.3066
1.5386e-06,-6.5351
1.5387e-06,-6.5785
1.5388e-06,-6.4656
1.5389e-06,-6.3924
1.539e-06,-6.5178
1.5391e-06,-6.3888
1.5392e-06,-6.5477
1.5393e-06,-6.4023
1.5394e-06,-6.3459
1.5395e-06,-6.5319
1.5396e-06,-6.4327
1.5397e-06,-6.044
1.5398e-06,-6.3029
1.5399e-06,-6.25
1.54e-06,-6.2419
1.5401e-06,-6.4477
1.5402e-06,-6.4098
1.5403e-06,-6.2376
1.5404e-06,-6.3417
1.5405e-06,-6.3115
1.5406e-06,-6.2781
1.5407e-06,-6.3095
1.5408e-06,-6.2683
1.5409e-06,-6.3396
1.541e-06,-6.1333
1.5411e-06,-6.243
1.5412e-06,-6.3627
1.5413e-06,-6.0721
1.5414e-06,-6.1548
1.5415e-06,-6.1043
1.5416e-06,-6.4666
1.5417e-06,-6.2617
1.5418e-06,-6.2101
1.5419e-06,-6.088
1.542e-06,-6.0457
1.5421e-06,-6.3962
1.5422e-06,-5.9434
1.5423e-06,-6.0984
1.5424e-06,-6.2795
1.5425e-06,-6.1509
1.5426e-06,-6.3161
1.5427e-06,-6.0413
1.5428e-06,-6.1154
1.5429e-06,-6.1189
1.543e-06,-6.117
1.5431e-06,-6.0644
1.5432e-06,-5.9801
1.5433e-06,-6.0737
1.5434e-06,-6.1265
1.5435e-06,-6.0597
1.5436e-06,-6.084
1.5437e-06,-5.9564
1.5438e-06,-5.946
1.5439e-06,-5.7763
1.544e-06,-5.9265
1.5441e-06,-5.8494
1.5442e-06,-5.9383
1.5443e-06,-5.7674
1.5444e-06,-6.1064
1.5445e-06,-5.8324
1.5446e-06,-5.978
1.5447e-06,-5.8792
1.5448e-06,-5.796
1.5449e-06,-5.785
1.545e-06,-5.8209
1.5451e-06,-5.6966
1.5452e-06,-5.6527
1.5453e-06,-5.8545
1.5454e-06,-5.9877
1.5455e-06,-5.9261
1.5456e-06,-5.8716
1.5457e-06,-5.8847
1.5458e-06,-5.7645
1.5459e-06,-5.8534
1.546e-06,-5.5457
1.5461e-06,-5.8013
1.5462e-06,-5.5546
1.5463e-06,-5.6818
1.5464e-06,-5.7407
1.5465e-06,-5.6319
1.5466e-06,-5.6765
1.5467e-06,-5.5094
1.5468e-06,-5.6921
1.5469e-06,-5.5147
1.547e-06,-5.5773
1.5471e-06,-5.4909
1.5472e-06,-5.648
1.5473e-06,-5.8012
1.5474e-06,-5.4388
1.5475e-06,-5.4529
1.5476e-06,-5.41
1.5477e-06,-5.4234
1.5478e-06,-5.267
1.5479e-06,-5.6464
1.548e-06,-5.5496
1.5481e-06,-5.4217
1.5482e-06,-5.3847
1.5483e-06,-5.5884
1.5484e-06,-5.4525
1.5485e-06,-5.4203
1.5486e-06,-5.5548
1.5487e-06,-5.5627
1.5488e-06,-5.3157
1.5489e-06,-5.5516
1.549e-06,-5.1968
1.5491e-06,-5.4329
1.5492e-06,-5.233
1.5493e-06,-5.2513
1.5494e-06,-5.3729
1.5495e-06,-5.3413
1.5496e-06,-5.3213
1.5497e-06,-5.0857
1.5498e-06,-5.2859
1.5499e-06,-5.1185
1.55e-06,-5.0644
1.5501e-06,-5.1184
1.5502e-06,-5.2862
1.5503e-06,-5.2985
1.5504e-06,-5.0965
1.5505e-06,-4.9857
1.5506e-06,-4.9818
1.5507e-06,-5.0586
1.5508e-06,-5.3208
1.5509e-06,-5.1552
1.551e-06,-5.2047
1.5511e-06,-5.196
1.5512e-06,-5.1009
1.5513e-06,-4.9593
1.5514e-06,-4.817
1.5515e-06,-4.9478
1.5516e-06,-5.1156
1.5517e-06,-4.9083
1.5518e-06,-4.7494
1.5519e-06,-4.8366
1.552e-06,-4.8298
1.5521e-06,-4.8378
1.5522e-06,-4.8146
1.5523e-06,-5.0103
1.5524e-06,-5.0883
1.5525e-06,-4.8864
1.5526e-06,-4.8347
1.5527e-06,-4.8254
1.5528e-06,-4.8399
1.5529e-06,-4.7478
1.553e-06,-4.934
1.5531e-06,-4.7989
1.5532e-06,-4.7796
1.5533e-06,-4.5698
1.5534e-06,-4.5624
1.5535e-06,-4.8443
1.5536e-06,-4.6967
1.5537e-06,-4.5538
1.5538e-06,-4.6167
1.5539e-06,-4.8345
1.554e-06,-4.7918
1.5541e-06,-4.7847
1.5542e-06,-4.6843
1.5543e-06,-4.6019
1.5544e-06,-4.6715
1.5545e-06,-4.7189
1.5546e-06,-4.5321
1.5547e-06,-4.5895
1.5548e-06,-4.5628
1.5549e-06,-4.6891
1.555e-06,-4.3882
1.5551e-06,-4.7381
1.5552e-06,-4.6392
1.5553e-06,-4.7058
1.5554e-06,-4.5861
1.5555e-06,-4.2835
1.5556e-06,-4.6811
1.5557e-06,-4.4712
1.5558e-06,-4.3659
1.5559e-06,-4.4297
1.556e-06,-4.3929
1.5561e-06,-4.3622
1.5562e-06,-4.2885
1.5563e-06,-4.2098
1.5564e-06,-4.1314
1.5565e-06,-4.4733
1.5566e-06,-4.2147
1.5567e-06,-4.3926
1.5568e-06,-4.4909
1.5569e-06,-4.1489
1.557e-06,-4.0342
1.5571e-06,-4.1658
1.5572e-06,-4.3131
1.5573e-06,-4.0983
1.5574e-06,-4.1695
1.5575e-06,-4.323
1.5576e-06,-4.2372
1.5577e-06,-4.2388
1.5578e-06,-4.3715
1.5579e-06,-4.0977
1.558e-06,-4.0263
1.5581e-06,-3.9925
1.5582e-06,-4.1196
1.5583e-06,-4.0894
1.5584e-06,-4.0913
1.5585e-06,-4.1375
1.5586e-06,-4.06
1.5587e-06,-4.1266
1.5588e-06,-3.876
1.5589e-06,-4.0145
1.559e-06,-4.014
1.5591e-06,-3.8546
1.5592e-06,-4.0445
1.5593e-06,-3.9558
1.5594e-06,-4.0729
1.5595e-06,-3.915
1.5596e-06,-3.9753
1.5597e-06,-3.622
1.5598e-06,-3.8136
1.5599e-06,-3.7074
1.56e-06,-3.6099
1.5601e-06,-3.7204
1.5602e-06,-3.7583
1.5603e-06,-3.791
1.5604e-06,-3.7799
1.5605e-06,-3.5874
1.5606e-06,-3.8856
1.5607e-06,-3.8284
1.5608e-06,-3.8742
1.5609e-06,-3.7659
1.561e-06,-3.7101
1.5611e-06,-3.704
1.5612e-06,-3.6156
1.5613e-06,-3.6484
1.5614e-06,-3.5316
1.5615e-06,-3.5705
1.5616e-06,-3.623
1.5617e-06,-3.6274
1.5618e-06,-3.547
1.5619e-06,-3.5179
1.562e-06,-3.5691
1.5621e-06,-3.4723
1.5622e-06,-3.555
1.5623e-06,-3.482
1.5624e-06,-3.5188
1.5625e-06,-3.4522
1.5626e-06,-3.416
1.5627e-06,-3.3922
1.5628e-06,-3.4887
1.5629e-06,-3.4494
1.563e-06,-3.4563
1.5631e-06,-3.3745
1.5632e-06,-3.492
1.5633e-06,-3.3885
1.5634e-06,-3.4332
1.5635e-06,-3.3277
1.5636e-06,-3.2615
1.5637e-06,-3.1538
1.5638e-06,-3.3563
1.5639e-06,-3.3348
1.564e-06,-3.2393
1.5641e-06,-3.1046
1.5642e-06,-3.089
1.5643e-06,-3.2502
1.5644e-06,-3.2498
1.5645e-06,-3.3456
1.5646e-06,-3.1411
1.5647e-06,-3.2712
1.5648e-06,-3.2282
1.5649e-06,-3.2975
1.565e-06,-3.162
1.5651e-06,-3.2039
1.5652e-06,-3.1074
1.5653e-06,-3.2508
1.5654e-06,-3.1376
1.5655e-06,-3.0838
1.5656e-06,-3.1335
1.5657e-06,-3.2681
1.5658e-06,-2.9686
1.5659e-06,-3.2518
1.566e-06,-3.0546
1.5661e-06,-2.9357
1.5662e-06,-2.8576
1.5663e-06,-3.0263
1.5664e-06,-3.0429
1.5665e-06,-2.9698
1.5666e-06,-3.042
1.5667e-06,-2.7346
1.5668e-06,-2.8747
1.5669e-06,-3.1433
1.567e-06,-2.9643
1.5671e-06,-2.8532
1.5672e-06,-2.9037
1.5673e-06,-2.895
1.5674e-06,-2.8762
1.5675e-06,-2.9082
1.5676e-06,-2.9098
1.5677e-06,-2.8943
1.5678e-06,-2.834
1.5679e-06,-2.7541
1.568e-06,-2.6884
1.5681e-06,-2.7475
1.5682e-06,-2.7084
1.5683e-06,-2.9185
1.5684e-06,-2.7032
1.5685e-06,-2.6927
1.5686e-06,-2.9322
1.5687e-06,-2.6827
1.5688e-06,-2.6305
1.5689e-06,-2.8155
1.569e-06,-2.8133
1.5691e-06,-2.7667
1.5692e-06,-2.5438
1.5693e-06,-2.6007
1.5694e-06,-2.5786
1.5695e-06,-2.7097
1.5696e-06,-2.4895
1.5697e-06,-2.5506
1.5698e-06,-2.489
1.5699e-06,-2.5433
1.57e-06,-2.6245
1.5701e-06,-2.5978
1.5702e-06,-2.3763
1.5703e-06,-2.4461
1.5704e-06,-2.3621
1.5705e-06,-2.5956
1.5706e-06,-2.2959
1.5707e-06,-2.3311
1.5708e-06,-2.4487
1.5709e-06,-2.3789
1.571e-06,-2.397
1.5711e-06,-2.5611
1.5712e-06,-2.4476
1.5713e-06,-2.4478
1.5714e-06,-2.6087
1.5715e-06,-2.4646
1.5716e-06,-2.4059
1.5717e-06,-2.4746
1.5718e-06,-2.1759
1.5719e-06,-2.2422
1.572e-06,-2.1952
1.5721e-06,-2.2657
1.5722e-06,-2.2329
1.5723e-06,-2.0673
1.5724e-06,-2.3145
1.5725e-06,-2.2095
1.5726e-06,-2.2105
1.5727e-06,-2.2623
1.5728e-06,-2.2726
1.5729e-06,-2.1524
1.573e-06,-2.1163
1.5731e-06,-2.3076
1.5732e-06,-2.108
1.5733e-06,-2.3156
1.5734e-06,-2.4172
1.5735e-06,-2.1508
1.5736e-06,-2.1547
1.5737e-06,-1.991
1.5738e-06,-1.914
1.5739e-06,-2.077
1.574e-06,-2.1163
1.5741e-06,-1.9183
1.5742e-06,-2.2719
1.5743e-06,-2.0659
1.5744e-06,-2.0102
1.5745e-06,-1.9753
1.5746e-06,-1.807
1.5747e-06,-1.8903
1.5748e-06,-2.1645
1.5749e-06,-2.0323
1.575e-06,-1.9699
1.5751e-06,-1.881
1.5752e-06,-1.9262
1.5753e-06,-1.8688
1.5754e-06,-1.9859
1.5755e-06,-2.0448
1.5756e-06,-1.7572
1.5757e-06,-1.9732
1.5758e-06,-1.9306
1.5759e-06,-1.7909
1.576e-06,-1.7219
1.5761e-06,-1.9772
1.5762e-06,-1.7453
1.5763e-06,-1.8166
1.5764e-06,-1.5269
1.5765e-06,-1.6715
1.5766e-06,-1.8358
1.5767e-06,-1.8979
1.5768e-06,-1.8523
1.5769e-06,-1.7635
1.577e-06,-1.8827
1.5771e-06,-1.5577
1.5772e-06,-1.8294
1.5773e-06,-1.6815
1.5774e-06,-1.7721
1.5775e-06,-1.5307
1.5776e-06,-1.8414
1.5777e-06,-1.6675
1.5778e-06,-1.581
1.5779e-06,-1.4922
1.578e-06,-1.5121
1.5781e-06,-1.5398
1.5782e-06,-1.5743
1.5783e-06,-1.4486
1.5784e-06,-1.5338
1.5785e-06,-1.4585
1.5786e-06,-1.565
1.5787e-06,-1.5603
1.5788e-06,-1.4639
1.5789e-06,-1.498
1.579e-06,-1.6127
1.5791e-06,-1.1168
1.5792e-06,-1.3973
1.5793e-06,-1.5227
1.5794e-06,-1.3606
1.5795e-06,-1.3415
1.5796e-06,-1.5371
1.5797e-06,-1.3461
1.5798e-06,-1.4496
1.5799e-06,-1.4654
1.58e-06,-1.4913
1.5801e-06,-1.2323
1.5802e-06,-1.2862
1.5803e-06,-1.2611
1.5804e-06,-1.1605
1.5805e-06,-1.3812
1.5806e-06,-1.266
1.5807e-06,-1.414
1.5808e-06,-1.4136
1.5809e-06,-1.2629
1.581e-06,-1.23
1.5811e-06,-1.26
1.5812e-06,-1.2487
1.5813e-06,-1.1511
1.5814e-06,-1.494
1.5815e-06,-1.278
1.5816e-06,-1.1328
1.5817e-06,-1.0585
1.5818e-06,-1.0077
1.5819e-06,-1.1979
1.582e-06,-1.2221
1.5821e-06,-1.1256
1.5822e-06,-1.2649
1.5823e-06,-1.3036
1.5824e-06,-0.99637
1.5825e-06,-1.1727
1.5826e-06,-1.2581
1.5827e-06,-1.0157
1.5828e-06,-0.83108
1.5829e-06,-1.0516
1.583e-06,-0.80094
1.5831e-06,-0.94068
1.5832e-06,-1.0408
1.5833e-06,-1.2038
1.5834e-06,-1.207
1.5835e-06,-1.1097
1.5836e-06,-1.0067
1.5837e-06,-1.0071
1.5838e-06,-0.89564
1.5839e-06,-0.93303
1.584e-06,-1.0924
1.5841e-06,-1.1068
1.5842e-06,-0.75147
1.5843e-06,-0.86555
1.5844e-06,-0.85206
1.5845e-06,-0.99921
1.5846e-06,-0.93309
1.5847e-06,-0.91822
1.5848e-06,-0.67704
1.5849e-06,-0.82929
1.585e-06,-0.6839
1.5851e-06,-0.78379
1.5852e-06,-0.69393
1.5853e-06,-0.78234
1.5854e-06,-0.66386
1.5855e-06,-0.62387
1.5856e-06,-0.75624
1.5857e-06,-0.96654
1.5858e-06,-0.67449
1.5859e-06,-0.48919
1.586e-06,-0.65673
1.5861e-06,-0.70866
1.5862e-06,-0.72195
1.5863e-06,-0.7271
1.5864e-06,-0.55299
1.5865e-06,-0.69303
1.5866e-06,-0.58944
1.5867e-06,-0.52677
1.5868e-06,-0.49381
1.5869e-06,-0.61897
1.587e-06,-0.55403
1.5871e-06,-0.67068
1.5872e-06,-0.44934
1.5873e-06,-0.41831
1.5874e-06,-0.52208
1.5875e-06,-0.76887
1.5876e-06,-0.73741
1.5877e-06,-0.49388
1.5878e-06,-0.64024
1.5879e-06,-0.66305
1.588e-06,-0.43362
1.5881e-06,-0.43884
1.5882e-06,-0.57226
1.5883e-06,-0.40862
1.5884e-06,-0.64932
1.5885e-06,-0.42968
1.5886e-06,-0.57322
1.5887e-06,-0.59712
1.5888e-06,-0.60005
1.5889e-06,-0.27581
1.589e-06,-0.49639
1.5891e-06,-0.38848
1.5892e-06,-0.50309
1.5893e-06,-0.2997
1.5894e-06,-0.20711
1.5895e-06,-0.33154
1.5896e-06,-0.40246
1.5897e-06,-0.13204
1.5898e-06,-0.11916
1.5899e-06,-0.18402
1.59e-06,-0.2192
1.5901e-06,-0.21183
1.5902e-06,0.012949
1.5903e-06,-0.25418
1.5904e-06,-0.27957
1.5905e-06,-0.3075
1.5906e-06,-0.41106
1.5907e-06,-0.029049
1.5908e-06,-0.47665
1.5909e-06,-0.12873
1.591e-06,-0.17542
1.5911e-06,-0.08472
1.5912e-06,-0.30522
1.5913e-06,-0.19705
1.5914e-06,-0.23256
1.5915e-06,-0.1794
1.5916e-06,-0.11682
1.5917e-06,-0.33052
1.5918e-06,-0.046883
1.5919e-06,-0.025642
1.592e-06,0.015371
1.5921e-06,-0.29134
1.5922e-06,-0.22462
1.5923e-06,-0.13139
1.5924e-06,-0.07098
1.5925e-06,0.0271
1.5926e-06,0.081723
1.5927e-06,0.032595
1.5928e-06,-0.021112
1.5929e-06,-0.092
1.593e-06,-0.040274
1.5931e-06,0.13865
1.5932e-06,0.17313
1.5933e-06,0.062634
1.5934e-06,-0.093189
1.5935e-06,0.077789
1.5936e-06,0.012385
1.5937e-06,-0.055628
1.5938e-06,0.20218
1.5939e-06,-0.027364
1.594e-06,0.12465
1.5941e-06,0.39853
1.5942e-06,-0.098321
1.5943e-06,0.24977
1.5944e-06,0.12528
1.5945e-06,-0.016282
1.5946e-06,0.070596
1.5947e-06,0.1211
1.5948e-06,0.29318
1.5949e-06,0.10686
1.595e-06,0.1228
1.5951e-06,0.10066
1.5952e-06,0.31586
1.5953e-06,0.23809
1.5954e-06,0.195
1.5955e-06,0.26323
1.5956e-06,0.13138
1.5957e-06,0.34962
1.5958e-06,0.16828
1.5959e-06,0.47404
1.596e-06,0.32064
1.5961e-06,0.28898
1.5962e-06,0.40001
1.5963e-06,0.26589
1.5964e-06,0.11155
1.5965e-06,0.25282
1.5966e-06,0.45676
1.5967e-06,0.36138
1.5968e-06,0.35471
1.5969e-06,0.21402
1.597e-06,0.42435
1.5971e-06,0.21671
1.5972e-06,0.34779
1.5973e-06,0.37989
1.5974e-06,0.37436
1.5975e-06,0.47702
1.5976e-06,0.24945
1.5977e-06,0.45495
1.5978e-06,0.39628
1.5979e-06,0.39309
1.598e-06,0.13916
1.5981e-06,0.37222
1.5982e-06,0.25286
1.5983e-06,0.39555
1.5984e-06,0.51078
1.5985e-06,0.65281
1.5986e-06,0.34554
1.5987e-06,0.49455
1.5988e-06,0.54945
1.5989e-06,0.42911
1.599e-06,0.72873
1.5991e-06,0.68084
1.5992e-06,0.79435
1.5993e-06,0.55644
1.5994e-06,0.50447
1.5995e-06,0.71498
1.5996e-06,0.62171
1.5997e-06,0.73113
1.5998e-06,0.58648
1.5999e-06,0.5224
1.6e-06,0.55826
1.6001e-06,0.65595
1.6002e-06,0.34953
1.6003e-06,0.54394
1.6004e-06,0.6347
1.6005e-06,0.91838
1.6006e-06,0.76636
1.6007e-06,0.66451
1.6008e-06,0.51332
1.6009e-06,0.54458
1.601e-06,0.74757
1.6011e-06,0.55471
1.6012e-06,0.8483
1.6013e-06,0.62707
1.6014e-06,0.76361
1.6015e-06,0.85171
1.6016e-06,0.89136
1.6017e-06,0.80911
1.6018e-06,0.77599
1.6019e-06,0.73746
1.602e-06,0.81083
1.6021e-06,0.82243
1.6022e-06,0.76313
1.6023e-06,0.76633
1.6024e-06,0.68874
1.6025e-06,0.62491
1.6026e-06,0.82721
1.6027e-06,0.65839
1.6028e-06,0.75182
1.6029e-06,0.90213
1.603e-06,0.8003
1.6031e-06,0.73508
1.6032e-06,0.87309
1.6033e-06,0.76158
1.6034e-06,0.5744
1.6035e-06,0.92358
1.6036e-06,0.94612
1.6037e-06,0.97155
1.6038e-06,0.79928
1.6039e-06,0.59715
1.604e-06,0.89464
1.6041e-06,1.0174
1.6042e-06,1.0228
1.6043e-06,1.0777
1.6044e-06,0.92129
1.6045e-06,0.98805
1.6046e-06,1.0538
1.6047e-06,0.86133
1.6048e-06,1.1582
1.6049e-06,0.96901
1.605e-06,1.0822
1.6051e-06,1.1344
1.6052e-06,1.1587
1.6053e-06,1.0853
1.6054e-06,1.0892
1.6055e-06,1.0812
1.6056e-06,1.0947
1.6057e-06,1.3325
1.6058e-06,1.055
1.6059e-06,1.1492
1.606e-06,1.087
1.6061e-06,1.2596
1.6062e-06,1.0879
1.6063e-06,1.0177
1.6064e-06,0.9331
1.6065e-06,1.0822
1.6066e-06,1.1164
1.6067e-06,1.3207
1.6068e-06,1.1869
1.6069e-06,1.2123
1.607e-06,1.2101
1.6071e-06,1.0833
1.6072e-06,1.235
1.6073e-06,1.3182
1.6074e-06,1.1807
1.6075e-06,1.286
1.6076e-06,1.1682
1.6077e-06,1.1824
1.6078e-06,1.3141
1.6079e-06,1.3007
1.608e-06,1.3091
1.6081e-06,1.3101
1.6082e-06,1.0792
1.6083e-06,1.1726
1.6084e-06,1.1352
1.6085e-06,1.2051
1.6086e-06,1.0472
1.6087e-06,1.4324
1.6088e-06,1.0735
1.6089e-06,1.1855
1.609e-06,1.2241
1.6091e-06,1.546
1.6092e-06,1.3605
1.6093e-06,1.2817
1.6094e-06,1.5217
1.6095e-06,1.5084
1.6096e-06,1.4132
1.6097e-06,1.4376
1.6098e-06,1.4944
1.6099e-06,1.4555
1.61e-06,1.2495
1.6101e-06,1.3767
1.6102e-06,1.467
1.6103e-06,1.4866
1.6104e-06,1.3777
1.6105e-06,1.4614
1.6106e-06,1.6345
1.6107e-06,1.2806
1.6108e-06,1.47
1.6109e-06,1.7156
1.611e-06,1.4999
1.6111e-06,1.1379
1.6112e-06,1.4054
1.6113e-06,1.4351
1.6114e-06,1.3549
1.6115e-06,1.2703
1.6116e-06,1.542
1.6117e-06,1.3286
1.6118e-06,1.4959
1.6119e-06,1.4007
1.612e-06,1.7155
1.6121e-06,1.542
1.6122e-06,1.5125
1.6123e-06,1.5189
1.6124e-06,1.6425
1.6125e-06,1.4989
1.6126e-06,1.5979
1.6127e-06,1.827
1.6128e-06,1.56
1.6129e-06,1.5655
1.613e-06,1.726
1.6131e-06,1.8344
1.6132e-06,1.723
1.6133e-06,1.7761
1.6134e-06,1.5327
1.6135e-06,1.5958
1.6136e-06,1.6452
1.6137e-06,1.5326
1.6138e-06,1.6588
1.6139e-06,1.5558
1.614e-06,1.3145
1.6141e-06,1.6608
1.6142e-06,1.6651
1.6143e-06,1.6601
1.6144e-06,1.6939
1.6145e-06,1.7876
1.6146e-06,1.7748
1.6147e-06,1.8595
1.6148e-06,1.7817
1.6149e-06,1.7922
1.615e-06,1.7803
1.6151e-06,1.9233
1.6152e-06,1.6354
1.6153e-06,1.7415
1.6154e-06,1.7357
1.6155e-06,1.8915
1.6156e-06,1.7832
1.6157e-06,1.8798
1.6158e-06,1.6883
1.6159e-06,1.7639
1.616e-06,1.7817
1.6161e-06,1.8225
1.6162e-06,1.7469
1.6163e-06,1.9302
1.6164e-06,1.8645
1.6165e-06,1.7803
1.6166e-06,1.9858
1.6167e-06,1.8951
1.6168e-06,1.8637
1.6169e-06,1.8551
1.617e-06,2.1047
1.6171e-06,1.807
1.6172e-06,1.9814
1.6173e-06,2.0825
1.6174e-06,1.9504
1.6175e-06,1.7674
1.6176e-06,2.0517
1.6177e-06,1.8099
1.6178e-06,1.694
1.6179e-06,1.8073
1.618e-06,1.999
1.6181e-06,2.0257
1.6182e-06,2.0777
1.6183e-06,1.9643
1.6184e-06,1.89
1.6185e-06,2.2265
1.6186e-06,1.7382
1.6187e-06,1.9375
1.6188e-06,2.0458
1.6189e-06,2.1118
1.619e-06,2.4198
1.6191e-06,2.0613
1.6192e-06,2.0778
1.6193e-06,2.1443
1.6194e-06,2.381
1.6195e-06,2.0611
1.6196e-06,2.0824
1.6197e-06,2.1053
1.6198e-06,1.9518
1.6199e-06,1.8985
1.62e-06,2.0867
1.6201e-06,1.9529
1.6202e-06,1.9357
1.6203e-06,1.8553
1.6204e-06,2.151
1.6205e-06,1.9699
1.6206e-06,2.1531
1.6207e-06,1.9879
1.6208e-06,2.1865
1.6209e-06,2.2889
1.621e-06,2.206
1.6211e-06,2.1624
1.6212e-06,2.1938
1.6213e-06,2.1257
1.6214e-06,2.2922
1.6215e-06,2.1791
1.6216e-06,2.1915
1.6217e-06,2.3235
1.6218e-06,2.2926
1.6219e-06,2.1493
1.622e-06,2.2666
1.6221e-06,2.188
1.6222e-06,2.2805
1.6223e-06,2.0489
1.6224e-06,2.383
1.6225e-06,2.4814
1.6226e-06,2.1216
1.6227e-06,2.3172
1.6228e-06,2.2212
1.6229e-06,2.206
1.623e-06,2.2529
1.6231e-06,2.5516
1.6232e-06,2.3218
1.6233e-06,2.2627
1.6234e-06,2.3037
1.6235e-06,2.5525
1.6236e-06,2.3922
1.6237e-06,2.3887
1.6238e-06,2.1116
1.6239e-06,2.5031
1.624e-06,2.2603
1.6241e-06,2.4673
1.6242e-06,2.3753
1.6243e-06,2.4051
1.6244e-06,2.6433
1.6245e-06,2.3779
1.6246e-06,2.3599
1.6247e-06,2.3388
1.6248e-06,2.3707
1.6249e-06,2.4737
1.625e-06,2.4019
1.6251e-06,2.3111
1.6252e-06,2.2655
1.6253e-06,2.5216
1.6254e-06,2.3303
1.6255e-06,2.4551
1.6256e-06,2.4132
1.6257e-06,2.6899
1.6258e-06,2.5094
1.6259e-06,2.5753
1.626e-06,2.5138
1.6261e-06,2.4215
1.6262e-06,2.7457
1.6263e-06,2.7481
1.6264e-06,2.5425
1.6265e-06,2.6291
1.6266e-06,2.5491
1.6267e-06,2.5916
1.6268e-06,2.8349
1.6269e-06,2.3751
1.627e-06,2.6126
1.6271e-06,2.5945
1.6272e-06,2.7665
1.6273e-06,2.6826
1.6274e-06,2.4862
1.6275e-06,2.3972
1.6276e-06,2.6489
1.6277e-06,2.4245
1.6278e-06,2.4765
1.6279e-06,2.7322
1.628e-06,2.4639
1.6281e-06,2.6151
1.6282e-06,3.0298
1.6283e-06,2.5828
1.6284e-06,2.6318
1.6285e-06,2.5432
1.6286e-06,2.5214
1.6287e-06,2.7579
1.6288e-06,2.3981
1.6289e-06,2.8953
1.629e-06,2.413
1.6291e-06,2.5727
1.6292e-06,2.6428
1.6293e-06,2.5322
1.6294e-06,2.7879
1.6295e-06,2.7851
1.6296e-06,2.7126
1.6297e-06,2.5808
1.6298e-06,2.585
1.6299e-06,2.5201
1.63e-06,2.6545
1.6301e-06,2.7478
1.6302e-06,2.6817
1.6303e-06,2.7253
1.6304e-06,2.5898
1.6305e-06,2.6363
1.6306e-06,2.6954
1.6307e-06,2.751
1.6308e-06,2.7063
1.6309e-06,2.6797
1.631e-06,2.8696
1.6311e-06,2.8855
1.6312e-06,2.6591
1.6313e-06,3.0271
1.6314e-06,2.8281
1.6315e-06,3.0553
1.6316e-06,2.6476
1.6317e-06,2.6637
1.6318e-06,2.838
1.6319e-06,2.9007
1.632e-06,2.978
1.6321e-06,2.9945
1.6322e-06,2.7688
1.6323e-06,2.9735
1.6324e-06,3.0471
1.6325e-06,2.7623
1.6326e-06,2.6685
1.6327e-06,2.9706
1.6328e-06,3.0572
1.6329e-06,3.1295
1.633e-06,2.9509
1.6331e-06,2.753
1.6332e-06,2.7856
1.6333e-06,2.911
1.6334e-06,2.8845
1.6335e-06,3.0442
1.6336e-06,2.8808
1.6337e-06,2.9453
1.6338e-06,2.9992
1.6339e-06,2.8163
1.634e-06,2.7794
1.6341e-06,3.101
1.6342e-06,2.8512
1.6343e-06,2.9029
1.6344e-06,3.2194
1.6345e-06,3.0738
1.6346e-06,3.0217
1.6347e-06,2.9501
1.6348e-06,3.1038
1.6349e-06,2.9531
1.635e-06,2.9167
1.6351e-06,2.9448
1.6352e-06,2.8959
1.6353e-06,2.9739
1.6354e-06,3.1009
1.6355e-06,3.162
1.6356e-06,3.1209
1.6357e-06,2.9547
1.6358e-06,2.8875
1.6359e-06,2.8514
1.636e-06,3.1045
1.6361e-06,3.0847
1.6362e-06,2.9451
1.6363e-06,3.137
1.6364e-06,3.2078
1.6365e-06,3.1088
1.6366e-06,2.992
1.6367e-06,2.9166
1.6368e-06,3.0277
1.6369e-06,3.1892
1.637e-06,3.1161
1.6371e-06,2.9443
1.6372e-06,3.1005
1.6373e-06,2.9833
1.6374e-06,3.1327
1.6375e-06,2.8834
1.6376e-06,3.1634
1.6377e-06,3.1688
1.6378e-06,3.2072
1.6379e-06,3.2221
1.638e-06,3.4512
1.6381e-06,3.1858
1.6382e-06,2.7665
1.6383e-06,3.4637
1.6384e-06,3.3481
1.6385e-06,3.3718
1.6386e-06,3.3471
1.6387e-06,3.2763
1.6388e-06,3.0885
1.6389e-06,3.2682
1.639e-06,3.3684
1.6391e-06,3.0275
1.6392e-06,3.3247
1.6393e-06,3.2071
1.6394e-06,3.0552
1.6395e-06,3.3685
1.6396e-06,3.1633
1.6397e-06,3.2265
1.6398e-06,3.1027
1.6399e-06,3.4531
1.64e-06,3.52
1.6401e-06,3.1671
1.6402e-06,3.2741
1.6403e-06,3.5174
1.6404e-06,3.4105
1.6405e-06,3.5244
1.6406e-06,3.1797
1.6407e-06,3.3905
1.6408e-06,3.3718
1.6409e-06,3.3322
1.641e-06,3.3772
1.6411e-06,3.357
1.6412e-06,3.3131
1.6413e-06,3.4465
1.6414e-06,3.3839
1.6415e-06,3.4212
1.6416e-06,3.3369
1.6417e-06,3.3513
1.6418e-06,3.5831
1.6419e-06,3.4593
1.642e-06,3.2335
1.6421e-06,3.1524
1.6422e-06,3.3939
1.6423e-06,3.3621
1.6424e-06,3.4957
1.6425e-06,3.3742
1.6426e-06,3.2395
1.6427e-06,3.2642
1.6428e-06,3.4596
1.6429e-06,3.5356
1.643e-06,3.3905
1.6431e-06,3.4175
1.6432e-06,3.3746
1.6433e-06,3.4727
1.6434e-06,2.9439
1.6435e-06,3.2274
1.6436e-06,3.4793
1.6437e-06,3.4552
1.6438e-06,3.2033
1.6439e-06,3.3777
1.644e-06,3.6269
1.6441e-06,3.3369
1.6442e-06,3.5733
1.6443e-06,3.2637
1.6444e-06,3.5201
1.6445e-06,3.5583
1.6446e-06,3.4857
1.6447e-06,3.4097
1.6448e-06,3.5139
1.6449e-06,3.2806
1.645e-06,3.5155
1.6451e-06,3.6271
1.6452e-06,3.2018
1.6453e-06,3.5328
1.6454e-06,3.3966
1.6455e-06,3.5731
1.6456e-06,3.4579
1.6457e-06,3.5623
1.6458e-06,3.5129
1.6459e-06,3.5569
1.646e-06,3.5934
1.6461e-06,3.3387
1.6462e-06,3.5951
1.6463e-06,3.3453
1.6464e-06,3.4253
1.6465e-06,3.4986
1.6466e-06,3.4817
1.6467e-06,3.6294
1.6468e-06,3.5183
1.6469e-06,3.7278
1.647e-06,3.6655
1.6471e-06,3.5706
1.6472e-06,3.6591
1.6473e-06,3.8951
1.6474e-06,3.3773
1.6475e-06,3.8218
1.6476e-06,3.7733
1.6477e-06,3.5101
1.6478e-06,3.9507
1.6479e-06,3.4689
1.648e-06,3.5425
1.6481e-06,3.6182
1.6482e-06,3.7176
1.6483e-06,3.585
1.6484e-06,3.939
1.6485e-06,3.5224
1.6486e-06,3.5593
1.6487e-06,3.6275
1.6488e-06,3.4617
1.6489e-06,3.7261
1.649e-06,3.9633
1.6491e-06,4.0311
1.6492e-06,3.7332
1.6493e-06,3.7581
1.6494e-06,3.7898
1.6495e-06,3.8692
1.6496e-06,3.5505
1.6497e-06,3.8237
1.6498e-06,3.6708
1.6499e-06,3.8785
1.65e-06,3.8886
