1.35e-06,8.9739
1.3501e-06,9.0295
1.3502e-06,8.9789
1.3503e-06,8.9369
1.3504e-06,8.9419
1.3505e-06,8.8595
1.3506e-06,8.9942
1.3507e-06,8.9808
1.3508e-06,9.0207
1.3509e-06,8.9267
1.351e-06,9.0205
1.3511e-06,8.9912
1.3512e-06,8.9989
1.3513e-06,8.9623
1.3514e-06,9.0048
1.3515e-06,8.8984
1.3516e-06,8.9119
1.3517e-06,8.8691
1.3518e-06,8.8438
1.3519e-06,8.9263
1.352e-06,8.8939
1.3521e-06,8.9196
1.3522e-06,8.9319
1.3523e-06,8.9717
1.3524e-06,8.8435
1.3525e-06,8.9284
1.3526e-06,8.781
1.3527e-06,8.8531
1.3528e-06,8.7617
1.3529e-06,8.9197
1.353e-06,8.8893
1.3531e-06,8.7862
1.3532e-06,8.6856
1.3533e-06,8.8096
1.3534e-06,8.7084
1.3535e-06,8.8501
1.3536e-06,8.8667
1.3537e-06,8.8812
1.3538e-06,8.7495
1.3539e-06,8.7872
1.354e-06,8.9607
1.3541e-06,8.7957
1.3542e-06,8.5869
1.3543e-06,8.7842
1.3544e-06,8.7601
1.3545e-06,8.8394
1.3546e-06,8.7001
1.3547e-06,8.7417
1.3548e-06,8.8334
1.3549e-06,8.6912
1.355e-06,8.7948
1.3551e-06,8.7638
1.3552e-06,8.6966
1.3553e-06,8.6881
1.3554e-06,8.6146
1.3555e-06,8.7269
1.3556e-06,8.6095
1.3557e-06,8.6567
1.3558e-06,8.7532
1.3559e-06,8.7186
1.356e-06,8.6546
1.3561e-06,8.6907
1.3562e-06,8.8055
1.3563e-06,8.8219
1.3564e-06,8.7047
1.3565e-06,8.7898
1.3566e-06,8.7415
1.3567e-06,8.6567
1.3568e-06,8.7817
1.3569e-06,8.601
1.357e-06,8.8135
1.3571e-06,8.6598
1.3572e-06,8.6741
1.3573e-06,8.5962
1.3574e-06,8.6309
1.3575e-06,8.6518
1.3576e-06,8.5944
1.3577e-06,8.5169
1.3578e-06,8.54
1.3579e-06,8.7257
1.358e-06,8.5436
1.3581e-06,8.5111
1.3582e-06,8.5618
1.3583e-06,8.7712
1.3584e-06,8.5887
1.3585e-06,8.7566
1.3586e-06,8.5462
1.3587e-06,8.5554
1.3588e-06,8.7198
1.3589e-06,8.6284
1.359e-06,8.4734
1.3591e-06,8.5854
1.3592e-06,8.5938
1.3593e-06,8.596
1.3594e-06,8.6516
1.3595e-06,8.4334
1.3596e-06,8.5646
1.3597e-06,8.5611
1.3598e-06,8.4031
1.3599e-06,8.6402
1.36e-06,8.5417
1.3601e-06,8.503
1.3602e-06,8.5283
1.3603e-06,8.4388
1.3604e-06,8.5601
1.3605e-06,8.5618
1.3606e-06,8.453
1.3607e-06,8.5951
1.3608e-06,8.48
1.3609e-06,8.4746
1.361e-06,8.5161
1.3611e-06,8.563
1.3612e-06,8.4107
1.3613e-06,8.3119
1.3614e-06,8.4422
1.3615e-06,8.3549
1.3616e-06,8.2641
1.3617e-06,8.3394
1.3618e-06,8.3524
1.3619e-06,8.4739
1.362e-06,8.3609
1.3621e-06,8.5253
1.3622e-06,8.4281
1.3623e-06,8.3852
1.3624e-06,8.3499
1.3625e-06,8.316
1.3626e-06,8.2458
1.3627e-06,8.4556
1.3628e-06,8.4098
1.3629e-06,8.4578
1.363e-06,8.4628
1.3631e-06,8.4109
1.3632e-06,8.484
1.3633e-06,8.5694
1.3634e-06,8.4321
1.3635e-06,8.4693
1.3636e-06,8.4149
1.3637e-06,8.4212
1.3638e-06,8.3521
1.3639e-06,8.3875
1.364e-06,8.3734
1.3641e-06,8.3611
1.3642e-06,8.4969
1.3643e-06,8.3335
1.3644e-06,8.2193
1.3645e-06,8.3197
1.3646e-06,8.2538
1.3647e-06,8.3119
1.3648e-06,8.2672
1.3649e-06,8.3701
1.365e-06,8.369
1.3651e-06,8.3772
1.3652e-06,8.4148
1.3653e-06,8.2849
1.3654e-06,8.1736
1.3655e-06,8.3407
1.3656e-06,8.168
1.3657e-06,8.2647
1.3658e-06,8.2033
1.3659e-06,8.2435
1.366e-06,8.3388
1.3661e-06,8.3175
1.3662e-06,8.2639
1.3663e-06,8.2463
1.3664e-06,8.261
1.3665e-06,8.3078
1.3666e-06,8.3287
1.3667e-06,8.1963
1.3668e-06,8.2782
1.3669e-06,8.2641
1.367e-06,8.2163
1.3671e-06,8.2416
1.3672e-06,8.3358
1.3673e-06,8.1567
1.3674e-06,8.2796
1.3675e-06,8.1525
1.3676e-06,8.194
1.3677e-06,8.2312
1.3678e-06,8.201
1.3679e-06,8.2446
1.368e-06,8.2142
1.3681e-06,8.1985
1.3682e-06,8.1712
1.3683e-06,8.2751
1.3684e-06,8.1914
1.3685e-06,8.1122
1.3686e-06,8.1302
1.3687e-06,8.1156
1.3688e-06,8.19
1.3689e-06,8.1848
1.369e-06,8.2019
1.3691e-06,8.1122
1.3692e-06,8.1153
1.3693e-06,8.0847
1.3694e-06,7.9555
1.3695e-06,8.1246
1.3696e-06,8.0789
1.3697e-06,8.1186
1.3698e-06,8.1594
1.3699e-06,8.0995
1.37e-06,8.1441
1.3701e-06,8.0371
1.3702e-06,8.3135
1.3703e-06,8.1544
1.3704e-06,8.0389
1.3705e-06,8.1167
1.3706e-06,8.146
1.3707e-06,7.9623
1.3708e-06,7.9633
1.3709e-06,7.9952
1.371e-06,8.0486
1.3711e-06,8.1606
1.3712e-06,8.0053
1.3713e-06,8.0235
1.3714e-06,7.9086
1.3715e-06,8.0141
1.3716e-06,8.0455
1.3717e-06,7.9879
1.3718e-06,8.0175
1.3719e-06,8.1301
1.372e-06,7.963
1.3721e-06,8.0608
1.3722e-06,7.9325
1.3723e-06,8.0473
1.3724e-06,7.9039
1.3725e-06,8.0064
1.3726e-06,7.9339
1.3727e-06,7.8854
1.3728e-06,7.9105
1.3729e-06,8.0005
1.373e-06,7.8834
1.3731e-06,7.9553
1.3732e-06,7.9501
1.3733e-06,7.9209
1.3734e-06,7.9901
1.3735e-06,7.8626
1.3736e-06,7.9721
1.3737e-06,7.8263
1.3738e-06,8.0091
1.3739e-06,8.0316
1.374e-06,8.0098
1.3741e-06,7.926
1.3742e-06,7.8446
1.3743e-06,7.9518
1.3744e-06,7.9949
1.3745e-06,7.7336
1.3746e-06,7.8439
1.3747e-06,7.8718
1.3748e-06,7.8398
1.3749e-06,8.0487
1.375e-06,7.9814
1.3751e-06,7.8673
1.3752e-06,7.8319
1.3753e-06,7.8513
1.3754e-06,7.864
1.3755e-06,7.968
1.3756e-06,7.7268
1.3757e-06,7.8506
1.3758e-06,8.0144
1.3759e-06,7.7695
1.376e-06,7.736
1.3761e-06,7.8455
1.3762e-06,7.8891
1.3763e-06,7.8698
1.3764e-06,7.8175
1.3765e-06,7.7827
1.3766e-06,7.9554
1.3767e-06,7.9148
1.3768e-06,7.7741
1.3769e-06,7.9406
1.377e-06,7.7776
1.3771e-06,7.7512
1.3772e-06,7.7706
1.3773e-06,7.7939
1.3774e-06,7.7865
1.3775e-06,7.7202
1.3776e-06,7.7018
1.3777e-06,7.7125
1.3778e-06,7.6631
1.3779e-06,7.8013
1.378e-06,7.7252
1.3781e-06,7.6858
1.3782e-06,7.6649
1.3783e-06,7.726
1.3784e-06,7.5994
1.3785e-06,7.7254
1.3786e-06,7.6878
1.3787e-06,7.5965
1.3788e-06,7.6795
1.3789e-06,7.6882
1.379e-06,7.6441
1.3791e-06,7.6326
1.3792e-06,7.7656
1.3793e-06,7.7735
1.3794e-06,7.6971
1.3795e-06,7.5555
1.3796e-06,7.7617
1.3797e-06,7.6517
1.3798e-06,7.6076
1.3799e-06,7.5381
1.38e-06,7.6807
1.3801e-06,7.715
1.3802e-06,7.634
1.3803e-06,7.5909
1.3804e-06,7.6397
1.3805e-06,7.707
1.3806e-06,7.8225
1.3807e-06,7.597
1.3808e-06,7.6952
1.3809e-06,7.4455
1.381e-06,7.5864
1.3811e-06,7.4729
1.3812e-06,7.6914
1.3813e-06,7.6778
1.3814e-06,7.6819
1.3815e-06,7.6049
1.3816e-06,7.5343
1.3817e-06,7.5629
1.3818e-06,7.6101
1.3819e-06,7.6186
1.382e-06,7.557
1.3821e-06,7.6012
1.3822e-06,7.5815
1.3823e-06,7.5513
1.3824e-06,7.4816
1.3825e-06,7.4309
1.3826e-06,7.6384
1.3827e-06,7.386
1.3828e-06,7.555
1.3829e-06,7.5012
1.383e-06,7.6178
1.3831e-06,7.5435
1.3832e-06,7.3526
1.3833e-06,7.3644
1.3834e-06,7.3559
1.3835e-06,7.5354
1.3836e-06,7.5558
1.3837e-06,7.511
1.3838e-06,7.5419
1.3839e-06,7.4772
1.384e-06,7.4545
1.3841e-06,7.4289
1.3842e-06,7.4582
1.3843e-06,7.4144
1.3844e-06,7.3694
1.3845e-06,7.4914
1.3846e-06,7.5109
1.3847e-06,7.51
1.3848e-06,7.4385
1.3849e-06,7.4291
1.385e-06,7.4871
1.3851e-06,7.4912
1.3852e-06,7.4679
1.3853e-06,7.4185
1.3854e-06,7.6277
1.3855e-06,7.6412
1.3856e-06,7.4289
1.3857e-06,7.446
1.3858e-06,7.245
1.3859e-06,7.4318
1.386e-06,7.5071
1.3861e-06,7.3663
1.3862e-06,7.3733
1.3863e-06,7.3673
1.3864e-06,7.3798
1.3865e-06,7.2786
1.3866e-06,7.3639
1.3867e-06,7.4578
1.3868e-06,7.3991
1.3869e-06,7.4005
1.387e-06,7.3822
1.3871e-06,7.1962
1.3872e-06,7.3443
1.3873e-06,7.3632
1.3874e-06,7.3624
1.3875e-06,7.3237
1.3876e-06,7.3327
1.3877e-06,7.2061
1.3878e-06,7.2351
1.3879e-06,7.4549
1.388e-06,7.3222
1.3881e-06,7.3438
1.3882e-06,7.2404
1.3883e-06,7.3199
1.3884e-06,7.3114
1.3885e-06,7.1928
1.3886e-06,7.3246
1.3887e-06,7.3025
1.3888e-06,7.3825
1.3889e-06,7.2257
1.389e-06,7.1194
1.3891e-06,7.1661
1.3892e-06,7.3497
1.3893e-06,7.394
1.3894e-06,7.267
1.3895e-06,7.2768
1.3896e-06,7.2162
1.3897e-06,7.2425
1.3898e-06,7.1389
1.3899e-06,7.1007
1.39e-06,7.1433
1.3901e-06,7.1218
1.3902e-06,7.2296
1.3903e-06,7.2207
1.3904e-06,7.1627
1.3905e-06,7.1407
1.3906e-06,7.2281
1.3907e-06,7.2578
1.3908e-06,7.2456
1.3909e-06,7.0821
1.391e-06,7.1701
1.3911e-06,7.2693
1.3912e-06,6.9934
1.3913e-06,7.0902
1.3914e-06,6.9344
1.3915e-06,6.9844
1.3916e-06,7.3887
1.3917e-06,7.2024
1.3918e-06,7.0444
1.3919e-06,7.113
1.392e-06,7.2172
1.3921e-06,7.1186
1.3922e-06,7.1336
1.3923e-06,7.0803
1.3924e-06,7.0168
1.3925e-06,7.1789
1.3926e-06,7.0348
1.3927e-06,7.036
1.3928e-06,7.2001
1.3929e-06,7.0618
1.393e-06,7.0072
1.3931e-06,7.151
1.3932e-06,7.0957
1.3933e-06,7.1924
1.3934e-06,7.0976
1.3935e-06,7.1114
1.3936e-06,7.0529
1.3937e-06,7.1227
1.3938e-06,7.1226
1.3939e-06,7.0727
1.394e-06,7.1795
1.3941e-06,7.0647
1.3942e-06,7.063
1.3943e-06,6.9049
1.3944e-06,7.0482
1.3945e-06,6.9252
1.3946e-06,6.9838
1.3947e-06,7.0119
1.3948e-06,7.0579
1.3949e-06,6.9652
1.395e-06,7.0515
1.3951e-06,6.9968
1.3952e-06,6.8821
1.3953e-06,7.0139
1.3954e-06,6.9134
1.3955e-06,6.9201
1.3956e-06,6.9008
1.3957e-06,6.8713
1.3958e-06,6.8817
1.3959e-06,6.8785
1.396e-06,6.8706
1.3961e-06,7.0821
1.3962e-06,7.0188
1.3963e-06,6.9191
1.3964e-06,6.8646
1.3965e-06,6.6929
1.3966e-06,6.7543
1.3967e-06,6.7994
1.3968e-06,6.8572
1.3969e-06,6.8704
1.397e-06,6.8784
1.3971e-06,6.8846
1.3972e-06,6.8814
1.3973e-06,6.9747
1.3974e-06,6.8862
1.3975e-06,6.7588
1.3976e-06,6.8386
1.3977e-06,6.8302
1.3978e-06,6.8165
1.3979e-06,6.8035
1.398e-06,6.9143
1.3981e-06,6.9425
1.3982e-06,6.7945
1.3983e-06,6.9076
1.3984e-06,6.9364
1.3985e-06,6.7841
1.3986e-06,6.6914
1.3987e-06,6.6442
1.3988e-06,6.7067
1.3989e-06,6.669
1.399e-06,6.683
1.3991e-06,6.6713
1.3992e-06,6.7389
1.3993e-06,6.7354
1.3994e-06,6.7536
1.3995e-06,6.8442
1.3996e-06,6.6282
1.3997e-06,6.8692
1.3998e-06,6.731
1.3999e-06,6.6832
1.4e-06,6.6693
1.4001e-06,6.632
1.4002e-06,6.7479
1.4003e-06,6.5634
1.4004e-06,6.6891
1.4005e-06,6.6696
1.4006e-06,6.5636
1.4007e-06,6.7406
1.4008e-06,6.6389
1.4009e-06,6.6872
1.401e-06,6.7264
1.4011e-06,6.4736
1.4012e-06,6.7062
1.4013e-06,6.5739
1.4014e-06,6.648
1.4015e-06,6.5948
1.4016e-06,6.7674
1.4017e-06,6.5676
1.4018e-06,6.679
1.4019e-06,6.7923
1.402e-06,6.5714
1.4021e-06,6.6715
1.4022e-06,6.5544
1.4023e-06,6.5943
1.4024e-06,6.6484
1.4025e-06,6.6284
1.4026e-06,6.654
1.4027e-06,6.5363
1.4028e-06,6.5347
1.4029e-06,6.6555
1.403e-06,6.536
1.4031e-06,6.6348
1.4032e-06,6.6974
1.4033e-06,6.5501
1.4034e-06,6.5481
1.4035e-06,6.4415
1.4036e-06,6.4538
1.4037e-06,6.5373
1.4038e-06,6.6103
1.4039e-06,6.5611
1.404e-06,6.5701
1.4041e-06,6.4684
1.4042e-06,6.5293
1.4043e-06,6.4261
1.4044e-06,6.4542
1.4045e-06,6.5239
1.4046e-06,6.3511
1.4047e-06,6.5036
1.4048e-06,6.4091
1.4049e-06,6.3656
1.405e-06,6.4584
1.4051e-06,6.4035
1.4052e-06,6.4753
1.4053e-06,6.4543
1.4054e-06,6.4637
1.4055e-06,6.4976
1.4056e-06,6.2896
1.4057e-06,6.283
1.4058e-06,6.4437
1.4059e-06,6.4534
1.406e-06,6.3457
1.4061e-06,6.2685
1.4062e-06,6.2766
1.4063e-06,6.3932
1.4064e-06,6.3943
1.4065e-06,6.3644
1.4066e-06,6.3957
1.4067e-06,6.3621
1.4068e-06,6.3528
1.4069e-06,6.1541
1.407e-06,6.3435
1.4071e-06,6.3559
1.4072e-06,6.2855
1.4073e-06,6.2376
1.4074e-06,6.231
1.4075e-06,6.1975
1.4076e-06,6.2991
1.4077e-06,6.2386
1.4078e-06,6.1426
1.4079e-06,6.2675
1.408e-06,6.3887
1.4081e-06,6.1601
1.4082e-06,6.2071
1.4083e-06,6.1142
1.4084e-06,6.2132
1.4085e-06,6.3311
1.4086e-06,6.3784
1.4087e-06,6.236
1.4088e-06,6.1926
1.4089e-06,6.2138
1.409e-06,6.129
1.4091e-06,6.1179
1.4092e-06,6.155
1.4093e-06,6.1412
1.4094e-06,6.0557
1.4095e-06,6.1929
1.4096e-06,6.1649
1.4097e-06,6.1565
1.4098e-06,6.06
1.4099e-06,6.1463
1.41e-06,6.1328
1.4101e-06,6.0415
1.4102e-06,6.3044
1.4103e-06,6.1301
1.4104e-06,6.1772
1.4105e-06,6.1638
1.4106e-06,6.2343
1.4107e-06,6.0637
1.4108e-06,6.1058
1.4109e-06,6.1865
1.411e-06,6.2345
1.4111e-06,5.9943
1.4112e-06,6.0078
1.4113e-06,6.1597
1.4114e-06,6.1085
1.4115e-06,6.0973
1.4116e-06,5.9085
1.4117e-06,6.021
1.4118e-06,6.1377
1.4119e-06,6.1282
1.412e-06,6.0568
1.4121e-06,6.0783
1.4122e-06,5.9438
1.4123e-06,5.9629
1.4124e-06,6.0763
1.4125e-06,5.884
1.4126e-06,5.996
1.4127e-06,5.7258
1.4128e-06,5.953
1.4129e-06,5.8015
1.413e-06,5.7985
1.4131e-06,5.7195
1.4132e-06,5.9547
1.4133e-06,5.9521
1.4134e-06,5.8432
1.4135e-06,5.7426
1.4136e-06,5.9849
1.4137e-06,5.9534
1.4138e-06,5.8888
1.4139e-06,5.8358
1.414e-06,5.6407
1.4141e-06,5.8358
1.4142e-06,5.7861
1.4143e-06,5.9433
1.4144e-06,5.8283
1.4145e-06,5.934
1.4146e-06,5.8542
1.4147e-06,5.9906
1.4148e-06,5.7146
1.4149e-06,5.9555
1.415e-06,5.7635
1.4151e-06,5.7438
1.4152e-06,5.8211
1.4153e-06,5.8041
1.4154e-06,5.6128
1.4155e-06,5.8365
1.4156e-06,5.759
1.4157e-06,5.8348
1.4158e-06,5.877
1.4159e-06,5.8324
1.416e-06,5.8435
1.4161e-06,5.7854
1.4162e-06,5.6235
1.4163e-06,5.719
1.4164e-06,5.7545
1.4165e-06,5.7283
1.4166e-06,5.6487
1.4167e-06,5.7431
1.4168e-06,5.6487
1.4169e-06,5.7533
1.417e-06,5.6941
1.4171e-06,5.7703
1.4172e-06,5.7236
1.4173e-06,5.7836
1.4174e-06,5.6365
1.4175e-06,5.6857
1.4176e-06,5.6536
1.4177e-06,5.6857
1.4178e-06,5.6814
1.4179e-06,5.5623
1.418e-06,5.4947
1.4181e-06,5.766
1.4182e-06,5.7146
1.4183e-06,5.5859
1.4184e-06,5.5877
1.4185e-06,5.5253
1.4186e-06,5.685
1.4187e-06,5.5344
1.4188e-06,5.5368
1.4189e-06,5.5497
1.419e-06,5.6354
1.4191e-06,5.5903
1.4192e-06,5.358
1.4193e-06,5.4171
1.4194e-06,5.5652
1.4195e-06,5.5174
1.4196e-06,5.5132
1.4197e-06,5.4906
1.4198e-06,5.6095
1.4199e-06,5.4184
1.42e-06,5.5164
1.4201e-06,5.3838
1.4202e-06,5.6014
1.4203e-06,5.4476
1.4204e-06,5.4118
1.4205e-06,5.4381
1.4206e-06,5.3244
1.4207e-06,5.4429
1.4208e-06,5.4403
1.4209e-06,5.3792
1.421e-06,5.475
1.4211e-06,5.3234
1.4212e-06,5.4544
1.4213e-06,5.4086
1.4214e-06,5.3841
1.4215e-06,5.2735
1.4216e-06,5.5714
1.4217e-06,5.4216
1.4218e-06,5.4465
1.4219e-06,5.4318
1.422e-06,5.3939
1.4221e-06,5.3769
1.4222e-06,5.2506
1.4223e-06,5.3647
1.4224e-06,5.3553
1.4225e-06,5.4273
1.4226e-06,5.4016
1.4227e-06,5.2505
1.4228e-06,5.4337
1.4229e-06,5.2116
1.423e-06,5.2567
1.4231e-06,5.261
1.4232e-06,5.2179
1.4233e-06,5.1626
1.4234e-06,5.334
1.4235e-06,5.274
1.4236e-06,5.41
1.4237e-06,5.1216
1.4238e-06,5.3311
1.4239e-06,5.3252
1.424e-06,5.2289
1.4241e-06,5.1463
1.4242e-06,5.2856
1.4243e-06,5.2971
1.4244e-06,5.2176
1.4245e-06,5.2282
1.4246e-06,5.2831
1.4247e-06,5.2405
1.4248e-06,5.2273
1.4249e-06,5.256
1.425e-06,5.3007
1.4251e-06,5.191
1.4252e-06,5.2366
1.4253e-06,5.2105
1.4254e-06,5.2781
1.4255e-06,5.1717
1.4256e-06,5.22
1.4257e-06,5.2722
1.4258e-06,5.2153
1.4259e-06,5.1658
1.426e-06,5.3148
1.4261e-06,5.0534
1.4262e-06,5.0086
1.4263e-06,5.1872
1.4264e-06,4.9194
1.4265e-06,5.1433
1.4266e-06,5.0617
1.4267e-06,5.0441
1.4268e-06,4.8522
1.4269e-06,5.1066
1.427e-06,5.0259
1.4271e-06,5.0575
1.4272e-06,5.1244
1.4273e-06,5.1093
1.4274e-06,5.0782
1.4275e-06,5.1024
1.4276e-06,5.0308
1.4277e-06,4.9027
1.4278e-06,4.8871
1.4279e-06,5.008
1.428e-06,5.115
1.4281e-06,4.9335
1.4282e-06,5.0199
1.4283e-06,4.9167
1.4284e-06,5.0363
1.4285e-06,4.8902
1.4286e-06,4.9097
1.4287e-06,4.8085
1.4288e-06,5.0074
1.4289e-06,5.0419
1.429e-06,4.92
1.4291e-06,4.8966
1.4292e-06,4.9157
1.4293e-06,4.8473
1.4294e-06,4.9612
1.4295e-06,5.019
1.4296e-06,4.8484
1.4297e-06,4.853
1.4298e-06,4.9225
1.4299e-06,4.828
1.43e-06,5.0475
1.4301e-06,4.9316
1.4302e-06,4.8713
1.4303e-06,4.9462
1.4304e-06,4.9538
1.4305e-06,4.8426
1.4306e-06,4.9378
1.4307e-06,4.8972
1.4308e-06,4.9607
1.4309e-06,4.6596
1.431e-06,4.6051
1.4311e-06,4.8445
1.4312e-06,4.7435
1.4313e-06,4.8637
1.4314e-06,4.8575
1.4315e-06,4.9153
1.4316e-06,4.7478
1.4317e-06,4.8335
1.4318e-06,4.8531
1.4319e-06,4.6089
1.432e-06,4.6942
1.4321e-06,4.7012
1.4322e-06,4.7484
1.4323e-06,4.5854
1.4324e-06,4.65
1.4325e-06,4.6482
1.4326e-06,4.5809
1.4327e-06,4.7404
1.4328e-06,4.8128
1.4329e-06,4.6537
1.433e-06,4.5442
1.4331e-06,4.7769
1.4332e-06,4.7666
1.4333e-06,4.6644
1.4334e-06,4.5911
1.4335e-06,4.5092
1.4336e-06,4.5647
1.4337e-06,4.5303
1.4338e-06,4.6987
1.4339e-06,4.6721
1.434e-06,4.5785
1.4341e-06,4.6556
1.4342e-06,4.5294
1.4343e-06,4.5794
1.4344e-06,4.5434
1.4345e-06,4.6852
1.4346e-06,4.4804
1.4347e-06,4.6704
1.4348e-06,4.5367
1.4349e-06,4.574
1.435e-06,4.5418
1.4351e-06,4.5317
1.4352e-06,4.4975
1.4353e-06,4.4601
1.4354e-06,4.3517
1.4355e-06,4.437
1.4356e-06,4.3823
1.4357e-06,4.5799
1.4358e-06,4.4674
1.4359e-06,4.6285
1.436e-06,4.5546
1.4361e-06,4.3743
1.4362e-06,4.5037
1.4363e-06,4.4189
1.4364e-06,4.3856
1.4365e-06,4.4141
1.4366e-06,4.4507
1.4367e-06,4.5027
1.4368e-06,4.4031
1.4369e-06,4.6123
1.437e-06,4.3604
1.4371e-06,4.3292
1.4372e-06,4.4212
1.4373e-06,4.3878
1.4374e-06,4.2899
1.4375e-06,4.2489
1.4376e-06,4.4869
1.4377e-06,4.343
1.4378e-06,4.3139
1.4379e-06,4.315
1.438e-06,4.225
1.4381e-06,4.3509
1.4382e-06,4.3464
1.4383e-06,4.2203
1.4384e-06,4.2962
1.4385e-06,4.3552
1.4386e-06,4.3243
1.4387e-06,4.1552
1.4388e-06,4.1805
1.4389e-06,4.1186
1.439e-06,4.3471
1.4391e-06,4.2763
1.4392e-06,4.2495
1.4393e-06,4.3039
1.4394e-06,4.231
1.4395e-06,4.276
1.4396e-06,4.2107
1.4397e-06,4.3178
1.4398e-06,4.1702
1.4399e-06,4.2871
1.44e-06,4.1341
1.4401e-06,4.1788
1.4402e-06,4.0501
1.4403e-06,4.1767
1.4404e-06,4.0556
1.4405e-06,4.06
1.4406e-06,4.1484
1.4407e-06,4.162
1.4408e-06,4.2765
1.4409e-06,4.1846
1.441e-06,4.065
1.4411e-06,4.1027
1.4412e-06,3.9281
1.4413e-06,4.1396
1.4414e-06,4.0746
1.4415e-06,4.1556
1.4416e-06,4.0159
1.4417e-06,4.0251
1.4418e-06,3.9549
1.4419e-06,3.8777
1.442e-06,4.1062
1.4421e-06,4.0703
1.4422e-06,3.8974
1.4423e-06,4.0241
1.4424e-06,4.0246
1.4425e-06,3.9759
1.4426e-06,4.0362
1.4427e-06,4.0616
1.4428e-06,3.9977
1.4429e-06,4.0351
1.443e-06,4.0211
1.4431e-06,3.807
1.4432e-06,3.9741
1.4433e-06,3.8603
1.4434e-06,3.9367
1.4435e-06,3.9762
1.4436e-06,3.9144
1.4437e-06,3.9893
1.4438e-06,3.9155
1.4439e-06,3.8302
1.444e-06,3.7997
1.4441e-06,3.8785
1.4442e-06,3.9411
1.4443e-06,3.8548
1.4444e-06,3.8589
1.4445e-06,3.8979
1.4446e-06,3.9008
1.4447e-06,3.9135
1.4448e-06,3.9877
1.4449e-06,3.9714
1.445e-06,3.8987
1.4451e-06,3.7944
1.4452e-06,3.6843
1.4453e-06,3.7723
1.4454e-06,3.7193
1.4455e-06,3.8133
1.4456e-06,3.7248
1.4457e-06,3.7287
1.4458e-06,3.5794
1.4459e-06,3.8499
1.446e-06,3.7681
1.4461e-06,3.7591
1.4462e-06,3.6812
1.4463e-06,3.5956
1.4464e-06,3.6851
1.4465e-06,3.7253
1.4466e-06,3.6569
1.4467e-06,3.8657
1.4468e-06,3.6519
1.4469e-06,3.4961
1.447e-06,3.7826
1.4471e-06,3.739
1.4472e-06,3.7586
1.4473e-06,3.5738
1.4474e-06,3.6625
1.4475e-06,3.7088
1.4476e-06,3.5633
1.4477e-06,3.572
1.4478e-06,3.6063
1.4479e-06,3.5081
1.448e-06,3.5202
1.4481e-06,3.5746
1.4482e-06,3.623
1.4483e-06,3.4332
1.4484e-06,3.3976
1.4485e-06,3.5631
1.4486e-06,3.7152
1.4487e-06,3.4347
1.4488e-06,3.6471
1.4489e-06,3.4128
1.449e-06,3.4954
1.4491e-06,3.3895
1.4492e-06,3.5495
1.4493e-06,3.4845
1.4494e-06,3.6336
1.4495e-06,3.2981
1.4496e-06,3.4592
1.4497e-06,3.3351
1.4498e-06,3.3817
1.4499e-06,3.366
1.45e-06,3.4737
1.4501e-06,3.3814
1.4502e-06,3.2321
1.4503e-06,3.2389
1.4504e-06,3.2542
1.4505e-06,3.4376
1.4506e-06,3.2448
1.4507e-06,3.3523
1.4508e-06,3.429
1.4509e-06,3.2469
1.451e-06,3.3977
1.4511e-06,3.227
1.4512e-06,3.2973
1.4513e-06,3.2268
1.4514e-06,3.2744
1.4515e-06,3.2353
1.4516e-06,3.1798
1.4517e-06,3.2184
1.4518e-06,3.3363
1.4519e-06,3.2996
1.452e-06,3.2465
1.4521e-06,3.2137
1.4522e-06,3.1418
1.4523e-06,3.2755
1.4524e-06,3.1236
1.4525e-06,3.1701
1.4526e-06,3.2067
1.4527e-06,3.2561
1.4528e-06,3.1686
1.4529e-06,3.132
1.453e-06,3.4743
1.4531e-06,3.2057
1.4532e-06,3.1372
1.4533e-06,3.268
1.4534e-06,3.095
1.4535e-06,3.0844
1.4536e-06,3.0692
1.4537e-06,2.9213
1.4538e-06,3.1857
1.4539e-06,3.2088
1.454e-06,2.98
1.4541e-06,3.1085
1.4542e-06,2.8742
1.4543e-06,3.0221
1.4544e-06,2.9725
1.4545e-06,3.0496
1.4546e-06,2.9198
1.4547e-06,3.0632
1.4548e-06,2.9734
1.4549e-06,3.0605
1.455e-06,2.9309
1.4551e-06,2.9824
1.4552e-06,2.8796
1.4553e-06,2.862
1.4554e-06,3.0037
1.4555e-06,3.1105
1.4556e-06,2.8455
1.4557e-06,2.8809
1.4558e-06,2.9809
1.4559e-06,2.9699
1.456e-06,2.8934
1.4561e-06,2.9495
1.4562e-06,2.949
1.4563e-06,2.8259
1.4564e-06,2.8239
1.4565e-06,2.903
1.4566e-06,2.9131
1.4567e-06,2.9375
1.4568e-06,2.8635
1.4569e-06,2.7717
1.457e-06,2.7622
1.4571e-06,2.7986
1.4572e-06,2.868
1.4573e-06,2.5581
1.4574e-06,2.6236
1.4575e-06,2.8884
1.4576e-06,2.7219
1.4577e-06,2.698
1.4578e-06,2.8685
1.4579e-06,2.8249
1.458e-06,2.7514
1.4581e-06,2.7015
1.4582e-06,2.5956
1.4583e-06,2.5604
1.4584e-06,2.8186
1.4585e-06,2.6744
1.4586e-06,2.6976
1.4587e-06,2.7759
1.4588e-06,2.5761
1.4589e-06,2.6296
1.459e-06,2.4921
1.4591e-06,2.6128
1.4592e-06,2.5259
1.4593e-06,2.6119
1.4594e-06,2.6275
1.4595e-06,2.6252
1.4596e-06,2.6817
1.4597e-06,2.5492
1.4598e-06,2.6341
1.4599e-06,2.6361
1.46e-06,2.6303
1.4601e-06,2.5312
1.4602e-06,2.5294
1.4603e-06,2.5535
1.4604e-06,2.4464
1.4605e-06,2.4869
1.4606e-06,2.5258
1.4607e-06,2.4866
1.4608e-06,2.4801
1.4609e-06,2.3829
1.461e-06,2.5302
1.4611e-06,2.3185
1.4612e-06,2.5025
1.4613e-06,2.4064
1.4614e-06,2.2501
1.4615e-06,2.5947
1.4616e-06,2.2996
1.4617e-06,2.4338
1.4618e-06,2.2426
1.4619e-06,2.3219
1.462e-06,2.3489
1.4621e-06,2.4183
1.4622e-06,2.3798
1.4623e-06,2.3376
1.4624e-06,2.5217
1.4625e-06,2.3688
1.4626e-06,2.2531
1.4627e-06,2.3445
1.4628e-06,2.4272
1.4629e-06,2.1965
1.463e-06,2.2243
1.4631e-06,2.3167
1.4632e-06,2.1787
1.4633e-06,2.3444
1.4634e-06,2.0656
1.4635e-06,2.0552
1.4636e-06,2.181
1.4637e-06,2.1264
1.4638e-06,2.1121
1.4639e-06,2.3858
1.464e-06,2.291
1.4641e-06,2.1333
1.4642e-06,2.0798
1.4643e-06,2.0248
1.4644e-06,2.2441
1.4645e-06,2.0012
1.4646e-06,2.1811
1.4647e-06,2.2723
1.4648e-06,2.0843
1.4649e-06,2.0994
1.465e-06,2.0884
1.4651e-06,2.1451
1.4652e-06,2.0565
1.4653e-06,2.1269
1.4654e-06,2.1842
1.4655e-06,2.1437
1.4656e-06,2.0843
1.4657e-06,1.8505
1.4658e-06,1.9248
1.4659e-06,2.0276
1.466e-06,1.9958
1.4661e-06,2.0153
1.4662e-06,1.9109
1.4663e-06,1.9516
1.4664e-06,2.0494
1.4665e-06,1.8661
1.4666e-06,1.7638
1.4667e-06,1.8369
1.4668e-06,1.906
1.4669e-06,1.8202
1.467e-06,1.9128
1.4671e-06,1.9761
1.4672e-06,1.9955
1.4673e-06,1.8263
1.4674e-06,1.988
1.4675e-06,1.9575
1.4676e-06,1.947
1.4677e-06,1.8126
1.4678e-06,1.8786
1.4679e-06,1.7885
1.468e-06,1.7478
1.4681e-06,1.7211
1.4682e-06,1.8327
1.4683e-06,1.7618
1.4684e-06,1.7668
1.4685e-06,1.7382
1.4686e-06,1.6573
1.4687e-06,1.6813
1.4688e-06,1.6221
1.4689e-06,1.743
1.469e-06,1.6389
1.4691e-06,1.6186
1.4692e-06,1.6677
1.4693e-06,1.8252
1.4694e-06,1.5617
1.4695e-06,1.6948
1.4696e-06,1.6494
1.4697e-06,1.6347
1.4698e-06,1.7686
1.4699e-06,1.6861
1.47e-06,1.5336
1.4701e-06,1.627
1.4702e-06,1.6304
1.4703e-06,1.5914
1.4704e-06,1.5859
1.4705e-06,1.5042
1.4706e-06,1.6519
1.4707e-06,1.5413
1.4708e-06,1.5467
1.4709e-06,1.5408
1.471e-06,1.5073
1.4711e-06,1.4248
1.4712e-06,1.4617
1.4713e-06,1.444
1.4714e-06,1.5449
1.4715e-06,1.5886
1.4716e-06,1.3654
1.4717e-06,1.4596
1.4718e-06,1.5248
1.4719e-06,1.492
1.472e-06,1.4951
1.4721e-06,1.3924
1.4722e-06,1.3881
1.4723e-06,1.2987
1.4724e-06,1.3405
1.4725e-06,1.3569
1.4726e-06,1.4043
1.4727e-06,1.4271
1.4728e-06,1.3387
1.4729e-06,1.1359
1.473e-06,1.2154
1.4731e-06,1.3482
1.4732e-06,1.4192
1.4733e-06,1.1172
1.4734e-06,1.2582
1.4735e-06,1.3439
1.4736e-06,1.21
1.4737e-06,1.4214
1.4738e-06,1.2716
1.4739e-06,1.314
1.474e-06,1.2683
1.4741e-06,1.376
1.4742e-06,1.3162
1.4743e-06,1.0904
1.4744e-06,1.3415
1.4745e-06,1.08
1.4746e-06,1.2464
1.4747e-06,1.1333
1.4748e-06,1.2324
1.4749e-06,1.1645
1.475e-06,1.0548
1.4751e-06,1.0575
1.4752e-06,1.0435
1.4753e-06,1.1076
1.4754e-06,1.1467
1.4755e-06,1.0127
1.4756e-06,1.0354
1.4757e-06,1.083
1.4758e-06,1.0283
1.4759e-06,1.1061
1.476e-06,0.92324
1.4761e-06,0.76015
1.4762e-06,1.0239
1.4763e-06,0.99175
1.4764e-06,1.0393
1.4765e-06,0.84926
1.4766e-06,1.0659
1.4767e-06,0.97568
1.4768e-06,0.85141
1.4769e-06,0.86904
1.477e-06,0.93281
1.4771e-06,0.72747
1.4772e-06,0.90738
1.4773e-06,0.81484
1.4774e-06,0.95949
1.4775e-06,0.80827
1.4776e-06,0.89413
1.4777e-06,1.0123
1.4778e-06,0.93534
1.4779e-06,0.7912
1.478e-06,0.92724
1.4781e-06,0.72959
1.4782e-06,0.80019
1.4783e-06,0.85334
1.4784e-06,0.80157
1.4785e-06,0.7859
1.4786e-06,0.78944
1.4787e-06,0.75674
1.4788e-06,0.5324
1.4789e-06,0.65573
1.479e-06,0.47681
1.4791e-06,0.72502
1.4792e-06,0.48306
1.4793e-06,0.6364
1.4794e-06,0.61598
1.4795e-06,0.59394
1.4796e-06,0.5849
1.4797e-06,0.6434
1.4798e-06,0.64739
1.4799e-06,0.73147
1.48e-06,0.55467
1.4801e-06,0.58042
1.4802e-06,0.54675
1.4803e-06,0.51208
1.4804e-06,0.48373
1.4805e-06,0.58233
1.4806e-06,0.57115
1.4807e-06,0.46533
1.4808e-06,0.50106
1.4809e-06,0.49838
1.481e-06,0.30337
1.4811e-06,0.39522
1.4812e-06,0.22903
1.4813e-06,0.43418
1.4814e-06,0.54802
1.4815e-06,0.58286
1.4816e-06,0.38314
1.4817e-06,0.26898
1.4818e-06,0.41484
1.4819e-06,0.50987
1.482e-06,0.32392
1.4821e-06,0.26723
1.4822e-06,0.29471
1.4823e-06,0.61708
1.4824e-06,0.24018
1.4825e-06,0.4609
1.4826e-06,0.35913
1.4827e-06,0.32655
1.4828e-06,0.35074
1.4829e-06,0.29247
1.483e-06,0.30027
1.4831e-06,0.1657
1.4832e-06,0.15762
1.4833e-06,0.12659
1.4834e-06,0.23827
1.4835e-06,0.081579
1.4836e-06,0.089829
1.4837e-06,0.21651
1.4838e-06,0.10898
1.4839e-06,0.24374
1.484e-06,0.036427
1.4841e-06,0.11061
1.4842e-06,0.13144
1.4843e-06,0.25792
1.4844e-06,0.12499
1.4845e-06,0.10484
1.4846e-06,-0.061356
1.4847e-06,0.057908
1.4848e-06,0.17297
1.4849e-06,-0.022546
1.485e-06,-0.06214
1.4851e-06,-0.02343
1.4852e-06,-0.16267
1.4853e-06,-0.0042466
1.4854e-06,-0.059332
1.4855e-06,-0.080903
1.4856e-06,-0.064274
1.4857e-06,0.050809
1.4858e-06,-0.20992
1.4859e-06,-0.039479
1.486e-06,0.048106
1.4861e-06,-0.21609
1.4862e-06,-0.02213
1.4863e-06,-0.18257
1.4864e-06,-0.29288
1.4865e-06,-0.16751
1.4866e-06,-0.1414
1.4867e-06,-0.36849
1.4868e-06,-0.21046
1.4869e-06,-0.26387
1.487e-06,-0.19413
1.4871e-06,-0.19733
1.4872e-06,-0.29354
1.4873e-06,-0.25606
1.4874e-06,-0.27517
1.4875e-06,-0.4457
1.4876e-06,-0.30791
1.4877e-06,-0.52983
1.4878e-06,-0.51386
1.4879e-06,-0.38379
1.488e-06,-0.53148
1.4881e-06,-0.48472
1.4882e-06,-0.42118
1.4883e-06,-0.31911
1.4884e-06,-0.38262
1.4885e-06,-0.2563
1.4886e-06,-0.42
1.4887e-06,-0.38767
1.4888e-06,-0.40906
1.4889e-06,-0.60837
1.489e-06,-0.60623
1.4891e-06,-0.49222
1.4892e-06,-0.52193
1.4893e-06,-0.60363
1.4894e-06,-0.66319
1.4895e-06,-0.6358
1.4896e-06,-0.42983
1.4897e-06,-0.50651
1.4898e-06,-0.56736
1.4899e-06,-0.47649
1.49e-06,-0.54553
1.4901e-06,-0.51077
1.4902e-06,-0.62467
1.4903e-06,-0.66166
1.4904e-06,-0.57954
1.4905e-06,-0.54431
1.4906e-06,-0.64859
1.4907e-06,-0.80635
1.4908e-06,-0.68185
1.4909e-06,-0.80928
1.491e-06,-0.74228
1.4911e-06,-0.65701
1.4912e-06,-0.60221
1.4913e-06,-0.64623
1.4914e-06,-0.83156
1.4915e-06,-0.8302
1.4916e-06,-0.84148
1.4917e-06,-0.84188
1.4918e-06,-0.89425
1.4919e-06,-0.99676
1.492e-06,-0.91663
1.4921e-06,-0.89938
1.4922e-06,-0.87802
1.4923e-06,-0.93932
1.4924e-06,-0.81091
1.4925e-06,-0.81983
1.4926e-06,-1.0052
1.4927e-06,-1.0826
1.4928e-06,-1.0005
1.4929e-06,-0.93459
1.493e-06,-0.91524
1.4931e-06,-1.0763
1.4932e-06,-0.99149
1.4933e-06,-1.0715
1.4934e-06,-1.0456
1.4935e-06,-1.0658
1.4936e-06,-0.87449
1.4937e-06,-1.0279
1.4938e-06,-1.1245
1.4939e-06,-1.1512
1.494e-06,-1.1681
1.4941e-06,-0.98322
1.4942e-06,-1.0682
1.4943e-06,-1.2856
1.4944e-06,-1.2277
1.4945e-06,-1.2661
1.4946e-06,-1.1083
1.4947e-06,-1.1587
1.4948e-06,-1.1026
1.4949e-06,-1.27
1.495e-06,-1.2532
1.4951e-06,-1.2307
1.4952e-06,-1.1745
1.4953e-06,-1.1529
1.4954e-06,-1.4025
1.4955e-06,-1.229
1.4956e-06,-1.3158
1.4957e-06,-1.2918
1.4958e-06,-1.3319
1.4959e-06,-1.3663
1.496e-06,-1.498
1.4961e-06,-1.3769
1.4962e-06,-1.4792
1.4963e-06,-1.2964
1.4964e-06,-1.3471
1.4965e-06,-1.4196
1.4966e-06,-1.5151
1.4967e-06,-1.495
1.4968e-06,-1.5112
1.4969e-06,-1.4794
1.497e-06,-1.5233
1.4971e-06,-1.3746
1.4972e-06,-1.5579
1.4973e-06,-1.723
1.4974e-06,-1.5209
1.4975e-06,-1.5748
1.4976e-06,-1.5686
1.4977e-06,-1.4155
1.4978e-06,-1.6125
1.4979e-06,-1.6955
1.498e-06,-1.6643
1.4981e-06,-1.6105
1.4982e-06,-1.65
1.4983e-06,-1.5238
1.4984e-06,-1.6558
1.4985e-06,-1.6441
1.4986e-06,-1.8139
1.4987e-06,-1.7561
1.4988e-06,-1.7363
1.4989e-06,-1.7815
1.499e-06,-1.8034
1.4991e-06,-1.8675
1.4992e-06,-1.8007
1.4993e-06,-1.9269
1.4994e-06,-1.8532
1.4995e-06,-1.8719
1.4996e-06,-1.9865
1.4997e-06,-1.7634
1.4998e-06,-1.9896
1.4999e-06,-1.7625
1.5e-06,-1.9837
1.5001e-06,-2.0214
1.5002e-06,-1.9042
1.5003e-06,-2.0718
1.5004e-06,-2.1014
1.5005e-06,-2.0022
1.5006e-06,-1.9351
1.5007e-06,-2.0336
1.5008e-06,-2.1145
1.5009e-06,-1.9557
1.501e-06,-1.8845
1.5011e-06,-2.0729
1.5012e-06,-1.9744
1.5013e-06,-2.0113
1.5014e-06,-2.0849
1.5015e-06,-2.1657
1.5016e-06,-2.0887
1.5017e-06,-2.2204
1.5018e-06,-2.2504
1.5019e-06,-2.3703
1.502e-06,-2.3615
1.5021e-06,-2.1762
1.5022e-06,-2.3238
1.5023e-06,-2.3939
1.5024e-06,-2.27
1.5025e-06,-2.2888
1.5026e-06,-2.5084
1.5027e-06,-2.2627
1.5028e-06,-2.3818
1.5029e-06,-2.2086
1.503e-06,-2.3554
1.5031e-06,-2.1973
1.5032e-06,-2.2755
1.5033e-06,-2.4244
1.5034e-06,-2.2796
1.5035e-06,-2.2472
1.5036e-06,-2.5305
1.5037e-06,-2.5382
1.5038e-06,-2.6754
1.5039e-06,-2.5705
1.504e-06,-2.5357
1.5041e-06,-2.4497
1.5042e-06,-2.3656
1.5043e-06,-2.5959
1.5044e-06,-2.5137
1.5045e-06,-2.4104
1.5046e-06,-2.6192
1.5047e-06,-2.537
1.5048e-06,-2.5976
1.5049e-06,-2.6116
1.505e-06,-2.5801
1.5051e-06,-2.6772
1.5052e-06,-2.7136
1.5053e-06,-2.5716
1.5054e-06,-2.7331
1.5055e-06,-2.8803
1.5056e-06,-2.6972
1.5057e-06,-2.8636
1.5058e-06,-2.7366
1.5059e-06,-2.6455
1.506e-06,-2.8405
1.5061e-06,-2.799
1.5062e-06,-2.8544
1.5063e-06,-2.8646
1.5064e-06,-2.9933
1.5065e-06,-2.9666
1.5066e-06,-2.8663
1.5067e-06,-2.8153
1.5068e-06,-2.9629
1.5069e-06,-2.9058
1.507e-06,-3.0025
1.5071e-06,-3.006
1.5072e-06,-2.8689
1.5073e-06,-2.9857
1.5074e-06,-3.0364
1.5075e-06,-3.1683
1.5076e-06,-3.058
1.5077e-06,-3.12
1.5078e-06,-2.9333
1.5079e-06,-3.1321
1.508e-06,-2.9933
1.5081e-06,-3.1035
1.5082e-06,-3.2274
1.5083e-06,-3.2259
1.5084e-06,-3.1558
1.5085e-06,-3.0164
1.5086e-06,-3.2118
1.5087e-06,-3.1664
1.5088e-06,-3.2264
1.5089e-06,-3.4028
1.509e-06,-3.2644
1.5091e-06,-3.2606
1.5092e-06,-3.2888
1.5093e-06,-3.3685
1.5094e-06,-3.4166
1.5095e-06,-3.2211
1.5096e-06,-3.3936
1.5097e-06,-3.2987
1.5098e-06,-3.3819
1.5099e-06,-3.4925
1.51e-06,-3.4545
1.5101e-06,-3.482
1.5102e-06,-3.5128
1.5103e-06,-3.4941
1.5104e-06,-3.536
1.5105e-06,-3.6711
1.5106e-06,-3.5403
1.5107e-06,-3.5679
1.5108e-06,-3.6167
1.5109e-06,-3.7483
1.511e-06,-3.6814
1.5111e-06,-3.6598
1.5112e-06,-3.6649
1.5113e-06,-3.8886
1.5114e-06,-3.7279
1.5115e-06,-3.7185
1.5116e-06,-3.7276
1.5117e-06,-3.8661
1.5118e-06,-3.774
1.5119e-06,-3.8512
1.512e-06,-3.8086
1.5121e-06,-3.8683
1.5122e-06,-4.0504
1.5123e-06,-3.8075
1.5124e-06,-3.8782
1.5125e-06,-3.779
1.5126e-06,-3.9382
1.5127e-06,-3.7572
1.5128e-06,-3.7814
1.5129e-06,-4.0881
1.513e-06,-4.0173
1.5131e-06,-3.9622
1.5132e-06,-4.0968
1.5133e-06,-3.9264
1.5134e-06,-4.048
1.5135e-06,-4.2714
1.5136e-06,-4.0612
1.5137e-06,-4.2569
1.5138e-06,-4.28
1.5139e-06,-4.1526
1.514e-06,-4.3201
1.5141e-06,-4.0907
1.5142e-06,-4.0717
1.5143e-06,-4.1988
1.5144e-06,-4.2496
1.5145e-06,-4.2182
1.5146e-06,-4.333
1.5147e-06,-4.4096
1.5148e-06,-4.0567
1.5149e-06,-4.394
1.515e-06,-4.4718
1.5151e-06,-4.4958
1.5152e-06,-4.3716
1.5153e-06,-4.4353
1.5154e-06,-4.4987
1.5155e-06,-4.4146
1.5156e-06,-4.4575
1.5157e-06,-4.4191
1.5158e-06,-4.4001
1.5159e-06,-4.364
1.516e-06,-4.568
1.5161e-06,-4.5439
1.5162e-06,-4.551
1.5163e-06,-4.7585
1.5164e-06,-4.6856
1.5165e-06,-4.5765
1.5166e-06,-4.5113
1.5167e-06,-4.7279
1.5168e-06,-4.6314
1.5169e-06,-4.6732
1.517e-06,-4.7379
1.5171e-06,-4.7431
1.5172e-06,-5.0714
1.5173e-06,-4.589
1.5174e-06,-4.67
1.5175e-06,-4.7006
1.5176e-06,-4.7765
1.5177e-06,-4.5618
1.5178e-06,-4.6382
1.5179e-06,-4.7431
1.518e-06,-4.9875
1.5181e-06,-5.0312
1.5182e-06,-4.9686
1.5183e-06,-4.8658
1.5184e-06,-4.9893
1.5185e-06,-5.1108
1.5186e-06,-5.0821
1.5187e-06,-5.0512
1.5188e-06,-5.1641
1.5189e-06,-4.9544
1.519e-06,-5.319
1.5191e-06,-5.016
1.5192e-06,-5.0401
1.5193e-06,-5.3157
1.5194e-06,-5.0396
1.5195e-06,-5.1579
1.5196e-06,-5.2423
1.5197e-06,-5.2812
1.5198e-06,-5.1676
1.5199e-06,-5.2247
1.52e-06,-5.3047
1.5201e-06,-5.334
1.5202e-06,-5.1694
1.5203e-06,-5.2153
1.5204e-06,-5.4869
1.5205e-06,-5.288
1.5206e-06,-5.4135
1.5207e-06,-5.4878
1.5208e-06,-5.3756
1.5209e-06,-5.3615
1.521e-06,-5.5853
1.5211e-06,-5.4535
1.5212e-06,-5.5078
1.5213e-06,-5.809
1.5214e-06,-5.6951
1.5215e-06,-5.5956
1.5216e-06,-5.7587
1.5217e-06,-5.6826
1.5218e-06,-5.6357
1.5219e-06,-5.609
1.522e-06,-5.6519
1.5221e-06,-5.6568
1.5222e-06,-5.6446
1.5223e-06,-5.6819
1.5224e-06,-5.8419
1.5225e-06,-5.6323
1.5226e-06,-5.8125
1.5227e-06,-5.8973
1.5228e-06,-5.9949
1.5229e-06,-5.8192
1.523e-06,-5.6875
1.5231e-06,-6.0852
1.5232e-06,-5.9746
1.5233e-06,-5.9521
1.5234e-06,-6.1847
1.5235e-06,-5.9004
1.5236e-06,-5.9247
1.5237e-06,-5.9925
1.5238e-06,-6.0007
1.5239e-06,-6.1307
1.524e-06,-6.0953
1.5241e-06,-6.2064
1.5242e-06,-6.1406
1.5243e-06,-6.2725
1.5244e-06,-6.3002
1.5245e-06,-6.2341
1.5246e-06,-6.2945
1.5247e-06,-6.2312
1.5248e-06,-6.1777
1.5249e-06,-6.3368
1.525e-06,-6.261
1.5251e-06,-6.2873
1.5252e-06,-6.4424
1.5253e-06,-6.4972
1.5254e-06,-6.5381
1.5255e-06,-6.5168
1.5256e-06,-6.4877
1.5257e-06,-6.4941
1.5258e-06,-6.4627
1.5259e-06,-6.6741
1.526e-06,-6.5501
1.5261e-06,-6.6198
1.5262e-06,-6.5696
1.5263e-06,-6.6762
1.5264e-06,-6.5547
1.5265e-06,-6.6693
1.5266e-06,-6.6809
1.5267e-06,-6.9798
1.5268e-06,-6.7015
1.5269e-06,-6.7535
1.527e-06,-6.7585
1.5271e-06,-6.6915
1.5272e-06,-6.9956
1.5273e-06,-7.0405
1.5274e-06,-6.9677
1.5275e-06,-6.7143
1.5276e-06,-7.0738
1.5277e-06,-6.8761
1.5278e-06,-6.9901
1.5279e-06,-6.7948
1.528e-06,-6.9457
1.5281e-06,-6.999
1.5282e-06,-7.2189
1.5283e-06,-7.0606
1.5284e-06,-7.0448
1.5285e-06,-7.1908
1.5286e-06,-7.0833
1.5287e-06,-7.2699
1.5288e-06,-7.1873
1.5289e-06,-7.0505
1.529e-06,-7.293
1.5291e-06,-7.1695
1.5292e-06,-7.2378
1.5293e-06,-7.3639
1.5294e-06,-7.4427
1.5295e-06,-7.1507
1.5296e-06,-7.369
1.5297e-06,-7.2256
1.5298e-06,-7.3861
1.5299e-06,-7.6054
1.53e-06,-7.3933
1.5301e-06,-7.5996
1.5302e-06,-7.5848
1.5303e-06,-7.2677
1.5304e-06,-7.6168
1.5305e-06,-7.6181
1.5306e-06,-7.745
1.5307e-06,-7.8005
1.5308e-06,-7.6962
1.5309e-06,-7.7569
1.531e-06,-7.6872
1.5311e-06,-7.7116
1.5312e-06,-7.7761
1.5313e-06,-8.0321
1.5314e-06,-7.9671
1.5315e-06,-7.8742
1.5316e-06,-7.9456
1.5317e-06,-8.0246
1.5318e-06,-7.8421
1.5319e-06,-7.9942
1.532e-06,-8.0098
1.5321e-06,-8.0008
1.5322e-06,-8.2015
1.5323e-06,-8.0238
1.5324e-06,-8.0343
1.5325e-06,-8.1416
1.5326e-06,-8.0538
1.5327e-06,-8.1852
1.5328e-06,-8.0803
1.5329e-06,-8.0687
1.533e-06,-8.2616
1.5331e-06,-8.3527
1.5332e-06,-8.1865
1.5333e-06,-8.313
1.5334e-06,-8.5635
1.5335e-06,-8.4024
1.5336e-06,-8.2798
1.5337e-06,-8.3621
1.5338e-06,-8.5218
1.5339e-06,-8.3407
1.534e-06,-8.5439
1.5341e-06,-8.3899
1.5342e-06,-8.5632
1.5343e-06,-8.5882
1.5344e-06,-8.8017
1.5345e-06,-8.7137
1.5346e-06,-8.7725
1.5347e-06,-8.8259
1.5348e-06,-8.7249
1.5349e-06,-8.6342
1.535e-06,-8.6849
1.5351e-06,-8.7846
1.5352e-06,-8.7319
1.5353e-06,-8.734
1.5354e-06,-8.9324
1.5355e-06,-8.896
1.5356e-06,-8.7985
1.5357e-06,-9.0186
1.5358e-06,-9.0253
1.5359e-06,-8.8801
1.536e-06,-8.9261
1.5361e-06,-8.9095
1.5362e-06,-9.2081
1.5363e-06,-9.0783
1.5364e-06,-9.0774
1.5365e-06,-9.0595
1.5366e-06,-9.1069
1.5367e-06,-9.3689
1.5368e-06,-9.0815
1.5369e-06,-9.2473
1.537e-06,-9.0847
1.5371e-06,-9.1556
1.5372e-06,-9.3718
1.5373e-06,-9.4968
1.5374e-06,-9.3883
1.5375e-06,-9.3927
1.5376e-06,-9.5054
1.5377e-06,-9.5558
1.5378e-06,-9.5182
1.5379e-06,-9.5416
1.538e-06,-9.5449
1.5381e-06,-9.5321
1.5382e-06,-9.7872
1.5383e-06,-9.6166
1.5384e-06,-9.7387
1.5385e-06,-9.5502
1.5386e-06,-9.7669
1.5387e-06,-9.7376
1.5388e-06,-9.7353
1.5389e-06,-9.9985
1.539e-06,-9.9399
1.5391e-06,-9.9672
1.5392e-06,-9.9131
1.5393e-06,-9.8713
1.5394e-06,-9.8795
1.5395e-06,-10.163
1.5396e-06,-9.9754
1.5397e-06,-9.8542
1.5398e-06,-9.8523
1.5399e-06,-10.185
1.54e-06,-10.072
1.5401e-06,-10.327
1.5402e-06,-10.342
1.5403e-06,-10.194
1.5404e-06,-10.347
1.5405e-06,-10.294
1.5406e-06,-10.337
1.5407e-06,-10.443
1.5408e-06,-10.348
1.5409e-06,-10.505
1.541e-06,-10.274
1.5411e-06,-10.403
1.5412e-06,-10.493
1.5413e-06,-10.52
1.5414e-06,-10.386
1.5415e-06,-10.545
1.5416e-06,-10.679
1.5417e-06,-10.738
1.5418e-06,-10.671
1.5419e-06,-10.526
1.542e-06,-10.68
1.5421e-06,-10.747
1.5422e-06,-10.749
1.5423e-06,-10.778
1.5424e-06,-11.027
1.5425e-06,-11
1.5426e-06,-11.01
1.5427e-06,-11.011
1.5428e-06,-10.971
1.5429e-06,-11.124
1.543e-06,-11.004
1.5431e-06,-11.04
1.5432e-06,-11.175
1.5433e-06,-11.263
1.5434e-06,-11.4
1.5435e-06,-11.287
1.5436e-06,-11.377
1.5437e-06,-11.144
1.5438e-06,-11.271
1.5439e-06,-11.169
1.544e-06,-11.438
1.5441e-06,-11.257
1.5442e-06,-11.472
1.5443e-06,-11.313
1.5444e-06,-11.639
1.5445e-06,-11.579
1.5446e-06,-11.556
1.5447e-06,-11.562
1.5448e-06,-11.559
1.5449e-06,-11.689
1.545e-06,-11.714
1.5451e-06,-11.434
1.5452e-06,-11.729
1.5453e-06,-11.763
1.5454e-06,-11.844
1.5455e-06,-11.913
1.5456e-06,-12.012
1.5457e-06,-11.983
1.5458e-06,-11.95
1.5459e-06,-11.99
1.546e-06,-11.949
1.5461e-06,-12.194
1.5462e-06,-12.008
1.5463e-06,-11.982
1.5464e-06,-12.218
1.5465e-06,-12.339
1.5466e-06,-12.222
1.5467e-06,-12.314
1.5468e-06,-12.412
1.5469e-06,-12.306
1.547e-06,-12.209
1.5471e-06,-12.31
1.5472e-06,-12.221
1.5473e-06,-12.591
1.5474e-06,-12.262
1.5475e-06,-12.429
1.5476e-06,-12.468
1.5477e-06,-12.475
1.5478e-06,-12.438
1.5479e-06,-12.519
1.548e-06,-12.574
1.5481e-06,-12.712
1.5482e-06,-12.696
1.5483e-06,-12.844
1.5484e-06,-12.666
1.5485e-06,-12.606
1.5486e-06,-13.071
1.5487e-06,-12.903
1.5488e-06,-12.958
1.5489e-06,-13.138
1.549e-06,-12.744
1.5491e-06,-13.036
1.5492e-06,-13.065
1.5493e-06,-13.065
1.5494e-06,-13.043
1.5495e-06,-12.95
1.5496e-06,-13.131
1.5497e-06,-13.039
1.5498e-06,-13.321
1.5499e-06,-13.408
1.55e-06,-13.372
1.5501e-06,-13.276
1.5502e-06,-13.307
1.5503e-06,-13.377
1.5504e-06,-13.337
1.5505e-06,-13.355
1.5506e-06,-13.221
1.5507e-06,-13.385
1.5508e-06,-13.592
1.5509e-06,-13.493
1.551e-06,-13.533
1.5511e-06,-13.686
1.5512e-06,-13.678
1.5513e-06,-13.615
1.5514e-06,-13.536
1.5515e-06,-13.705
1.5516e-06,-13.83
1.5517e-06,-13.874
1.5518e-06,-13.633
1.5519e-06,-13.81
1.552e-06,-13.758
1.5521e-06,-13.875
1.5522e-06,-13.859
1.5523e-06,-13.917
1.5524e-06,-14.003
1.5525e-06,-14.194
1.5526e-06,-13.919
1.5527e-06,-14.197
1.5528e-06,-14.117
1.5529e-06,-14.029
1.553e-06,-14.315
1.5531e-06,-14.269
1.5532e-06,-14.136
1.5533e-06,-14.234
1.5534e-06,-14.322
1.5535e-06,-14.351
1.5536e-06,-14.452
1.5537e-06,-14.275
1.5538e-06,-14.286
1.5539e-06,-14.481
1.554e-06,-14.503
1.5541e-06,-14.502
1.5542e-06,-14.547
1.5543e-06,-14.47
1.5544e-06,-14.679
1.5545e-06,-14.648
1.5546e-06,-14.504
1.5547e-06,-14.597
1.5548e-06,-14.596
1.5549e-06,-14.819
1.555e-06,-14.718
1.5551e-06,-14.692
1.5552e-06,-14.809
1.5553e-06,-15.018
1.5554e-06,-14.675
1.5555e-06,-14.866
1.5556e-06,-15.002
1.5557e-06,-14.901
1.5558e-06,-14.828
1.5559e-06,-15.121
1.556e-06,-15.01
1.5561e-06,-15.08
1.5562e-06,-14.982
1.5563e-06,-14.998
1.5564e-06,-14.99
1.5565e-06,-15.109
1.5566e-06,-15.157
1.5567e-06,-14.88
1.5568e-06,-15.444
1.5569e-06,-15.207
1.557e-06,-15.009
1.5571e-06,-15.068
1.5572e-06,-15.141
1.5573e-06,-15.212
1.5574e-06,-15.298
1.5575e-06,-15.491
1.5576e-06,-15.405
1.5577e-06,-15.343
1.5578e-06,-15.37
1.5579e-06,-15.344
1.558e-06,-15.144
1.5581e-06,-15.259
1.5582e-06,-15.347
1.5583e-06,-15.337
1.5584e-06,-15.385
1.5585e-06,-15.489
1.5586e-06,-15.51
1.5587e-06,-15.624
1.5588e-06,-15.398
1.5589e-06,-15.587
1.559e-06,-15.625
1.5591e-06,-15.451
1.5592e-06,-15.452
1.5593e-06,-15.387
1.5594e-06,-15.643
1.5595e-06,-15.482
1.5596e-06,-15.413
1.5597e-06,-15.432
1.5598e-06,-15.604
1.5599e-06,-15.493
1.56e-06,-15.453
1.5601e-06,-15.436
1.5602e-06,-15.569
1.5603e-06,-15.719
1.5604e-06,-15.5
1.5605e-06,-15.705
1.5606e-06,-15.738
1.5607e-06,-15.614
1.5608e-06,-15.56
1.5609e-06,-15.717
1.561e-06,-15.585
1.5611e-06,-15.671
1.5612e-06,-15.461
1.5613e-06,-15.55
1.5614e-06,-15.737
1.5615e-06,-15.878
1.5616e-06,-15.637
1.5617e-06,-15.769
1.5618e-06,-15.803
1.5619e-06,-15.827
1.562e-06,-15.732
1.5621e-06,-15.659
1.5622e-06,-15.598
1.5623e-06,-15.753
1.5624e-06,-15.608
1.5625e-06,-15.75
1.5626e-06,-15.643
1.5627e-06,-15.679
1.5628e-06,-15.532
1.5629e-06,-15.587
1.563e-06,-15.75
1.5631e-06,-15.339
1.5632e-06,-15.612
1.5633e-06,-15.639
1.5634e-06,-15.511
1.5635e-06,-15.543
1.5636e-06,-15.592
1.5637e-06,-15.56
1.5638e-06,-15.621
1.5639e-06,-15.541
1.564e-06,-15.483
1.5641e-06,-15.626
1.5642e-06,-15.398
1.5643e-06,-15.538
1.5644e-06,-15.687
1.5645e-06,-15.678
1.5646e-06,-15.724
1.5647e-06,-15.565
1.5648e-06,-15.507
1.5649e-06,-15.463
1.565e-06,-15.511
1.5651e-06,-15.27
1.5652e-06,-15.447
1.5653e-06,-15.386
1.5654e-06,-15.353
1.5655e-06,-15.401
1.5656e-06,-15.308
1.5657e-06,-15.501
1.5658e-06,-15.471
1.5659e-06,-15.535
1.566e-06,-15.562
1.5661e-06,-15.272
1.5662e-06,-15.364
1.5663e-06,-15.325
1.5664e-06,-15.04
1.5665e-06,-15.665
1.5666e-06,-15.277
1.5667e-06,-15.184
1.5668e-06,-15.183
1.5669e-06,-15.243
1.567e-06,-15.318
1.5671e-06,-15.18
1.5672e-06,-15.166
1.5673e-06,-14.979
1.5674e-06,-14.951
1.5675e-06,-15.19
1.5676e-06,-15.016
1.5677e-06,-15.182
1.5678e-06,-15.102
1.5679e-06,-15.058
1.568e-06,-14.875
1.5681e-06,-15.013
1.5682e-06,-15.014
1.5683e-06,-14.823
1.5684e-06,-14.763
1.5685e-06,-14.909
1.5686e-06,-15.07
1.5687e-06,-14.735
1.5688e-06,-14.909
1.5689e-06,-14.907
1.569e-06,-14.713
1.5691e-06,-14.862
1.5692e-06,-14.493
1.5693e-06,-14.643
1.5694e-06,-14.736
1.5695e-06,-15.019
1.5696e-06,-14.707
1.5697e-06,-14.581
1.5698e-06,-14.436
1.5699e-06,-14.55
1.57e-06,-14.367
1.5701e-06,-14.63
1.5702e-06,-14.364
1.5703e-06,-14.71
1.5704e-06,-14.461
1.5705e-06,-14.533
1.5706e-06,-14.243
1.5707e-06,-14.18
1.5708e-06,-14.274
1.5709e-06,-14.271
1.571e-06,-14.158
1.5711e-06,-14.329
1.5712e-06,-14.256
1.5713e-06,-14.31
1.5714e-06,-14.266
1.5715e-06,-14.118
1.5716e-06,-14.315
1.5717e-06,-14.158
1.5718e-06,-13.905
1.5719e-06,-14.047
1.572e-06,-13.674
1.5721e-06,-14.012
1.5722e-06,-13.954
1.5723e-06,-13.669
1.5724e-06,-13.779
1.5725e-06,-13.701
1.5726e-06,-13.864
1.5727e-06,-13.854
1.5728e-06,-13.902
1.5729e-06,-13.799
1.573e-06,-13.639
1.5731e-06,-13.795
1.5732e-06,-13.642
1.5733e-06,-13.777
1.5734e-06,-13.641
1.5735e-06,-13.712
1.5736e-06,-13.501
1.5737e-06,-13.597
1.5738e-06,-13.545
1.5739e-06,-13.54
1.574e-06,-13.454
1.5741e-06,-13.434
1.5742e-06,-13.391
1.5743e-06,-13.393
1.5744e-06,-13.36
1.5745e-06,-13.373
1.5746e-06,-13.144
1.5747e-06,-13.218
1.5748e-06,-13.111
1.5749e-06,-13.186
1.575e-06,-13.225
1.5751e-06,-13.169
1.5752e-06,-13.034
1.5753e-06,-12.871
1.5754e-06,-12.98
1.5755e-06,-13.095
1.5756e-06,-12.941
1.5757e-06,-12.897
1.5758e-06,-12.978
1.5759e-06,-12.703
1.576e-06,-12.882
1.5761e-06,-12.979
1.5762e-06,-12.607
1.5763e-06,-12.726
1.5764e-06,-12.587
1.5765e-06,-12.645
1.5766e-06,-12.867
1.5767e-06,-12.874
1.5768e-06,-12.675
1.5769e-06,-12.624
1.577e-06,-12.579
1.5771e-06,-12.547
1.5772e-06,-12.582
1.5773e-06,-12.448
1.5774e-06,-12.545
1.5775e-06,-12.424
1.5776e-06,-12.375
1.5777e-06,-12.4
1.5778e-06,-12.36
1.5779e-06,-12.146
1.578e-06,-12.283
1.5781e-06,-12.212
1.5782e-06,-12.221
1.5783e-06,-12.09
1.5784e-06,-12.139
1.5785e-06,-12.019
1.5786e-06,-12.182
1.5787e-06,-11.96
1.5788e-06,-11.926
1.5789e-06,-12.025
1.579e-06,-11.99
1.5791e-06,-11.776
1.5792e-06,-11.977
1.5793e-06,-11.807
1.5794e-06,-11.664
1.5795e-06,-11.816
1.5796e-06,-11.796
1.5797e-06,-11.724
1.5798e-06,-11.761
1.5799e-06,-11.64
1.58e-06,-11.724
1.5801e-06,-11.551
1.5802e-06,-11.651
1.5803e-06,-11.668
1.5804e-06,-11.425
1.5805e-06,-11.587
1.5806e-06,-11.623
1.5807e-06,-11.68
1.5808e-06,-11.583
1.5809e-06,-11.437
1.581e-06,-11.45
1.5811e-06,-11.343
1.5812e-06,-11.682
1.5813e-06,-11.213
1.5814e-06,-11.546
1.5815e-06,-11.372
1.5816e-06,-11.168
1.5817e-06,-11.179
1.5818e-06,-11.276
1.5819e-06,-11.313
1.582e-06,-11.044
1.5821e-06,-11.142
1.5822e-06,-11.153
1.5823e-06,-11.279
1.5824e-06,-11.038
1.5825e-06,-10.95
1.5826e-06,-11.025
1.5827e-06,-10.845
1.5828e-06,-10.756
1.5829e-06,-10.778
1.583e-06,-10.718
1.5831e-06,-10.732
1.5832e-06,-10.709
1.5833e-06,-10.808
1.5834e-06,-11.066
1.5835e-06,-10.664
1.5836e-06,-10.829
1.5837e-06,-10.773
1.5838e-06,-10.7
1.5839e-06,-10.49
1.584e-06,-10.66
1.5841e-06,-10.636
1.5842e-06,-10.443
1.5843e-06,-10.728
1.5844e-06,-10.596
1.5845e-06,-10.639
1.5846e-06,-10.642
1.5847e-06,-10.188
1.5848e-06,-10.418
1.5849e-06,-10.279
1.585e-06,-10.435
1.5851e-06,-10.379
1.5852e-06,-10.351
1.5853e-06,-10.234
1.5854e-06,-10.23
1.5855e-06,-10.116
1.5856e-06,-10.347
1.5857e-06,-10.264
1.5858e-06,-10.058
1.5859e-06,-10.144
1.586e-06,-9.8302
1.5861e-06,-10.109
1.5862e-06,-10.04
1.5863e-06,-10.163
1.5864e-06,-9.987
1.5865e-06,-9.9139
1.5866e-06,-9.8818
1.5867e-06,-10.035
1.5868e-06,-9.6963
1.5869e-06,-9.9362
1.587e-06,-9.9576
1.5871e-06,-10.092
1.5872e-06,-9.7873
1.5873e-06,-9.4948
1.5874e-06,-9.7497
1.5875e-06,-9.8203
1.5876e-06,-9.8867
1.5877e-06,-9.6668
1.5878e-06,-9.553
1.5879e-06,-9.7953
1.588e-06,-9.4986
1.5881e-06,-9.7056
1.5882e-06,-9.4758
1.5883e-06,-9.5432
1.5884e-06,-9.5104
1.5885e-06,-9.5954
1.5886e-06,-9.4709
1.5887e-06,-9.4604
1.5888e-06,-9.4661
1.5889e-06,-9.3635
1.589e-06,-9.4167
1.5891e-06,-9.2574
1.5892e-06,-9.2373
1.5893e-06,-9.2356
1.5894e-06,-9.1603
1.5895e-06,-9.0681
1.5896e-06,-9.3194
1.5897e-06,-9.2503
1.5898e-06,-8.7499
1.5899e-06,-9.1445
1.59e-06,-9.0148
1.5901e-06,-9.0431
1.5902e-06,-9.0161
1.5903e-06,-8.9677
1.5904e-06,-8.9491
1.5905e-06,-9.0497
1.5906e-06,-8.936
1.5907e-06,-8.8907
1.5908e-06,-8.9537
1.5909e-06,-9.0123
1.591e-06,-8.7674
1.5911e-06,-8.987
1.5912e-06,-9.0135
1.5913e-06,-8.7136
1.5914e-06,-8.8404
1.5915e-06,-8.9385
1.5916e-06,-8.8713
1.5917e-06,-8.8891
1.5918e-06,-8.4044
1.5919e-06,-8.4734
1.592e-06,-8.584
1.5921e-06,-8.7689
1.5922e-06,-8.6049
1.5923e-06,-8.5623
1.5924e-06,-8.5782
1.5925e-06,-8.6586
1.5926e-06,-8.6275
1.5927e-06,-8.5916
1.5928e-06,-8.5287
1.5929e-06,-8.6098
1.593e-06,-8.6127
1.5931e-06,-8.4898
1.5932e-06,-8.4544
1.5933e-06,-8.2082
1.5934e-06,-8.3838
1.5935e-06,-8.3095
1.5936e-06,-8.3365
1.5937e-06,-8.344
1.5938e-06,-8.334
1.5939e-06,-8.4387
1.594e-06,-8.1114
1.5941e-06,-7.9926
1.5942e-06,-8.4914
1.5943e-06,-7.9926
1.5944e-06,-8.18
1.5945e-06,-8.1734
1.5946e-06,-8.1701
1.5947e-06,-8.3329
1.5948e-06,-8.2147
1.5949e-06,-8.0453
1.595e-06,-8.1825
1.5951e-06,-8.2038
1.5952e-06,-8.0621
1.5953e-06,-7.9597
1.5954e-06,-7.9253
1.5955e-06,-7.8775
1.5956e-06,-7.8891
1.5957e-06,-7.8024
1.5958e-06,-8.0096
1.5959e-06,-7.6035
1.596e-06,-7.7996
1.5961e-06,-7.7558
1.5962e-06,-7.678
1.5963e-06,-7.7163
1.5964e-06,-7.912
1.5965e-06,-7.7355
1.5966e-06,-7.6676
1.5967e-06,-7.7483
1.5968e-06,-7.5501
1.5969e-06,-7.7222
1.597e-06,-7.5434
1.5971e-06,-7.5843
1.5972e-06,-7.5394
1.5973e-06,-7.5636
1.5974e-06,-7.5772
1.5975e-06,-7.3458
1.5976e-06,-7.5486
1.5977e-06,-7.387
1.5978e-06,-7.5361
1.5979e-06,-7.5542
1.598e-06,-7.6315
1.5981e-06,-7.5996
1.5982e-06,-7.5451
1.5983e-06,-7.4761
1.5984e-06,-7.3463
1.5985e-06,-7.2094
1.5986e-06,-7.7021
1.5987e-06,-7.2926
1.5988e-06,-7.3201
1.5989e-06,-7.4306
1.599e-06,-7.3569
1.5991e-06,-7.2178
1.5992e-06,-7.3385
1.5993e-06,-7.2235
1.5994e-06,-7.1603
1.5995e-06,-7.0246
1.5996e-06,-7.187
1.5997e-06,-6.9415
1.5998e-06,-7.1022
1.5999e-06,-7.1831
1.6e-06,-7.0647
1.6001e-06,-7.2238
1.6002e-06,-7.2497
1.6003e-06,-7.2093
1.6004e-06,-7.1265
1.6005e-06,-6.8988
1.6006e-06,-7.1023
1.6007e-06,-6.9743
1.6008e-06,-7.1218
1.6009e-06,-6.8979
1.601e-06,-7.0258
1.6011e-06,-7.2225
1.6012e-06,-6.8231
1.6013e-06,-6.7813
1.6014e-06,-6.834
1.6015e-06,-6.8071
1.6016e-06,-6.4843
1.6017e-06,-6.8516
1.6018e-06,-6.6678
1.6019e-06,-6.6061
1.602e-06,-6.7384
1.6021e-06,-6.8352
1.6022e-06,-6.7977
1.6023e-06,-6.5961
1.6024e-06,-6.8509
1.6025e-06,-6.6092
1.6026e-06,-6.655
1.6027e-06,-6.6274
1.6028e-06,-6.7302
1.6029e-06,-6.4523
1.603e-06,-6.7845
1.6031e-06,-6.8048
1.6032e-06,-6.4285
1.6033e-06,-6.4198
1.6034e-06,-6.6578
1.6035e-06,-6.4859
1.6036e-06,-6.3772
1.6037e-06,-6.2141
1.6038e-06,-6.4254
1.6039e-06,-6.6234
1.604e-06,-6.2329
1.6041e-06,-6.2826
1.6042e-06,-6.2864
1.6043e-06,-6.3517
1.6044e-06,-6.4061
1.6045e-06,-6.4893
1.6046e-06,-6.2549
1.6047e-06,-6.4094
1.6048e-06,-6.438
1.6049e-06,-6.3571
1.605e-06,-6.152
1.6051e-06,-6.2138
1.6052e-06,-6.0612
1.6053e-06,-6.2975
1.6054e-06,-6.2772
1.6055e-06,-6.0879
1.6056e-06,-6.1131
1.6057e-06,-5.866
1.6058e-06,-6.1992
1.6059e-06,-6.0509
1.606e-06,-6.2423
1.6061e-06,-5.9689
1.6062e-06,-6.0941
1.6063e-06,-6.0966
1.6064e-06,-5.9818
1.6065e-06,-5.9635
1.6066e-06,-5.8847
1.6067e-06,-5.7979
1.6068e-06,-5.7599
1.6069e-06,-6.0871
1.607e-06,-5.8986
1.6071e-06,-6.0196
1.6072e-06,-5.8039
1.6073e-06,-5.8659
1.6074e-06,-6.108
1.6075e-06,-5.8155
1.6076e-06,-5.8321
1.6077e-06,-5.7657
1.6078e-06,-5.6983
1.6079e-06,-5.74
1.608e-06,-5.8992
1.6081e-06,-5.7148
1.6082e-06,-5.9009
1.6083e-06,-5.7077
1.6084e-06,-5.7458
1.6085e-06,-5.6538
1.6086e-06,-5.6533
1.6087e-06,-5.7058
1.6088e-06,-5.8199
1.6089e-06,-5.7134
1.609e-06,-5.585
1.6091e-06,-5.3213
1.6092e-06,-5.7134
1.6093e-06,-5.6537
1.6094e-06,-5.4111
1.6095e-06,-5.5791
1.6096e-06,-5.4599
1.6097e-06,-5.5014
1.6098e-06,-5.5496
1.6099e-06,-5.5732
1.61e-06,-5.4552
1.6101e-06,-5.5113
1.6102e-06,-5.3256
1.6103e-06,-5.1525
1.6104e-06,-5.6226
1.6105e-06,-5.4667
1.6106e-06,-5.2373
1.6107e-06,-5.4445
1.6108e-06,-5.3639
1.6109e-06,-5.2711
1.611e-06,-5.4874
1.6111e-06,-5.3915
1.6112e-06,-5.0378
1.6113e-06,-5.3558
1.6114e-06,-5.4745
1.6115e-06,-5.3208
1.6116e-06,-5.305
1.6117e-06,-5.37
1.6118e-06,-5.1827
1.6119e-06,-5.2149
1.612e-06,-5.1156
1.6121e-06,-5.1261
1.6122e-06,-5.0374
1.6123e-06,-5.2178
1.6124e-06,-5.1069
1.6125e-06,-4.9269
1.6126e-06,-5.0546
1.6127e-06,-5.0339
1.6128e-06,-5.316
1.6129e-06,-5.3211
1.613e-06,-5.1707
1.6131e-06,-4.8466
1.6132e-06,-4.8719
1.6133e-06,-4.9441
1.6134e-06,-5.1265
1.6135e-06,-4.9491
1.6136e-06,-5.029
1.6137e-06,-5.0699
1.6138e-06,-5.0174
1.6139e-06,-4.9627
1.614e-06,-4.9519
1.6141e-06,-4.7946
1.6142e-06,-4.9923
1.6143e-06,-4.9488
1.6144e-06,-4.8689
1.6145e-06,-4.6833
1.6146e-06,-4.6516
1.6147e-06,-4.727
1.6148e-06,-4.7979
1.6149e-06,-4.7922
1.615e-06,-4.8585
1.6151e-06,-4.7035
1.6152e-06,-4.7233
1.6153e-06,-4.9514
1.6154e-06,-4.6024
1.6155e-06,-4.6635
1.6156e-06,-4.7533
1.6157e-06,-4.6257
1.6158e-06,-4.6714
1.6159e-06,-4.7263
1.616e-06,-4.7997
1.6161e-06,-4.6571
1.6162e-06,-4.5779
1.6163e-06,-4.4714
1.6164e-06,-4.5966
1.6165e-06,-4.3711
1.6166e-06,-4.4167
1.6167e-06,-4.4801
1.6168e-06,-4.6369
1.6169e-06,-4.5913
1.617e-06,-4.4638
1.6171e-06,-4.6823
1.6172e-06,-4.3018
1.6173e-06,-4.5038
1.6174e-06,-4.4221
1.6175e-06,-4.6408
1.6176e-06,-4.2281
1.6177e-06,-4.5603
1.6178e-06,-4.6138
1.6179e-06,-4.5065
1.618e-06,-4.3618
1.6181e-06,-4.1135
1.6182e-06,-4.3556
1.6183e-06,-4.2865
1.6184e-06,-4.3032
1.6185e-06,-4.1557
1.6186e-06,-4.3868
1.6187e-06,-4.2989
1.6188e-06,-3.9072
1.6189e-06,-4.639
1.619e-06,-4.1116
1.6191e-06,-4.143
1.6192e-06,-4.1501
1.6193e-06,-4.1047
1.6194e-06,-4.0171
1.6195e-06,-4.3121
1.6196e-06,-4.118
1.6197e-06,-4.1351
1.6198e-06,-4.2787
1.6199e-06,-4.3441
1.62e-06,-4.1837
1.6201e-06,-4.2493
1.6202e-06,-4.2106
1.6203e-06,-4.1501
1.6204e-06,-3.9305
1.6205e-06,-4.0847
1.6206e-06,-4.1677
1.6207e-06,-4.269
1.6208e-06,-3.8468
1.6209e-06,-3.9034
1.621e-06,-4.2078
1.6211e-06,-4.0335
1.6212e-06,-3.994
1.6213e-06,-4.1904
1.6214e-06,-3.797
1.6215e-06,-3.7805
1.6216e-06,-3.7561
1.6217e-06,-3.956
1.6218e-06,-3.8203
1.6219e-06,-4.099
1.622e-06,-3.8947
1.6221e-06,-3.8532
1.6222e-06,-3.7682
1.6223e-06,-4.0968
1.6224e-06,-3.7405
1.6225e-06,-3.5476
1.6226e-06,-3.7697
1.6227e-06,-3.7735
1.6228e-06,-3.7856
1.6229e-06,-3.7883
1.623e-06,-3.7761
1.6231e-06,-3.644
1.6232e-06,-3.7543
1.6233e-06,-3.6576
1.6234e-06,-3.5137
1.6235e-06,-3.4201
1.6236e-06,-3.7687
1.6237e-06,-3.672
1.6238e-06,-3.755
1.6239e-06,-3.5218
1.624e-06,-3.8516
1.6241e-06,-3.6871
1.6242e-06,-3.7268
1.6243e-06,-3.6021
1.6244e-06,-3.3638
1.6245e-06,-3.4712
1.6246e-06,-3.6825
1.6247e-06,-3.498
1.6248e-06,-3.4743
1.6249e-06,-3.8032
1.625e-06,-3.7064
1.6251e-06,-3.6565
1.6252e-06,-3.6878
1.6253e-06,-3.4127
1.6254e-06,-3.5797
1.6255e-06,-3.8098
1.6256e-06,-3.6067
1.6257e-06,-3.4006
1.6258e-06,-3.458
1.6259e-06,-3.4685
1.626e-06,-3.45
1.6261e-06,-3.4355
1.6262e-06,-3.329
1.6263e-06,-3.4294
1.6264e-06,-3.4217
1.6265e-06,-3.2365
1.6266e-06,-3.2741
1.6267e-06,-3.3222
1.6268e-06,-3.0249
1.6269e-06,-3.2672
1.627e-06,-3.0637
1.6271e-06,-3.1776
1.6272e-06,-3.3316
1.6273e-06,-3.239
1.6274e-06,-3.2299
1.6275e-06,-3.3896
1.6276e-06,-3.2732
1.6277e-06,-3.3194
1.6278e-06,-3.3524
1.6279e-06,-3.2206
1.628e-06,-3.0243
1.6281e-06,-3.245
1.6282e-06,-3.0813
1.6283e-06,-3.1888
1.6284e-06,-3.1227
1.6285e-06,-3.3232
1.6286e-06,-3.0853
1.6287e-06,-3.0707
1.6288e-06,-3.4878
1.6289e-06,-2.9227
1.629e-06,-3.2921
1.6291e-06,-3.1187
1.6292e-06,-3.0791
1.6293e-06,-3.0058
1.6294e-06,-2.9089
1.6295e-06,-3.0753
1.6296e-06,-3.1786
1.6297e-06,-3.267
1.6298e-06,-3.0616
1.6299e-06,-3.1659
1.63e-06,-2.9704
1.6301e-06,-2.943
1.6302e-06,-3.0365
1.6303e-06,-2.7407
1.6304e-06,-3.0263
1.6305e-06,-3.0281
1.6306e-06,-3.303
1.6307e-06,-2.8834
1.6308e-06,-2.894
1.6309e-06,-2.9555
1.631e-06,-2.8857
1.6311e-06,-2.6359
1.6312e-06,-2.8333
1.6313e-06,-2.7975
1.6314e-06,-2.7391
1.6315e-06,-2.95
1.6316e-06,-3.1006
1.6317e-06,-2.8748
1.6318e-06,-2.9349
1.6319e-06,-2.707
1.632e-06,-2.8085
1.6321e-06,-2.657
1.6322e-06,-2.7934
1.6323e-06,-2.6732
1.6324e-06,-2.7706
1.6325e-06,-2.6808
1.6326e-06,-2.9971
1.6327e-06,-2.6582
1.6328e-06,-2.6433
1.6329e-06,-2.6571
1.633e-06,-2.4805
1.6331e-06,-2.859
1.6332e-06,-2.8569
1.6333e-06,-2.8887
1.6334e-06,-2.6076
1.6335e-06,-2.518
1.6336e-06,-2.5242
1.6337e-06,-2.4967
1.6338e-06,-2.4203
1.6339e-06,-2.745
1.634e-06,-2.7295
1.6341e-06,-2.4467
1.6342e-06,-2.5937
1.6343e-06,-2.6477
1.6344e-06,-2.5887
1.6345e-06,-2.3908
1.6346e-06,-2.6187
1.6347e-06,-2.6545
1.6348e-06,-2.4254
1.6349e-06,-2.4974
1.635e-06,-2.413
1.6351e-06,-2.424
1.6352e-06,-2.5662
1.6353e-06,-2.3679
1.6354e-06,-2.401
1.6355e-06,-2.4476
1.6356e-06,-2.514
1.6357e-06,-2.5749
1.6358e-06,-2.6236
1.6359e-06,-2.5644
1.636e-06,-2.4732
1.6361e-06,-2.6085
1.6362e-06,-2.4884
1.6363e-06,-2.4658
1.6364e-06,-2.519
1.6365e-06,-2.3456
1.6366e-06,-2.2187
1.6367e-06,-2.4021
1.6368e-06,-2.341
1.6369e-06,-2.1469
1.637e-06,-2.3777
1.6371e-06,-2.3491
1.6372e-06,-2.2554
1.6373e-06,-2.3655
1.6374e-06,-2.1774
1.6375e-06,-2.3551
1.6376e-06,-2.1001
1.6377e-06,-2.3213
1.6378e-06,-2.0687
1.6379e-06,-2.0655
1.638e-06,-2.1412
1.6381e-06,-2.2744
1.6382e-06,-2.2339
1.6383e-06,-1.8482
1.6384e-06,-2.1199
1.6385e-06,-1.9654
1.6386e-06,-1.8389
1.6387e-06,-2.0509
1.6388e-06,-2.2263
1.6389e-06,-2.0051
1.639e-06,-2.0494
1.6391e-06,-2.1229
1.6392e-06,-2.1437
1.6393e-06,-2.087
1.6394e-06,-2.1613
1.6395e-06,-2.1167
1.6396e-06,-2.0898
1.6397e-06,-2.1989
1.6398e-06,-2.1123
1.6399e-06,-2.0155
1.64e-06,-2.009
1.6401e-06,-2.0885
1.6402e-06,-1.9928
1.6403e-06,-1.7369
1.6404e-06,-1.7259
1.6405e-06,-1.8754
1.6406e-06,-2.1096
1.6407e-06,-2.1796
1.6408e-06,-1.9696
1.6409e-06,-1.8869
1.641e-06,-1.605
1.6411e-06,-1.8018
1.6412e-06,-1.7644
1.6413e-06,-1.7737
1.6414e-06,-1.8629
1.6415e-06,-1.9476
1.6416e-06,-2.0466
1.6417e-06,-2.0631
1.6418e-06,-1.7707
1.6419e-06,-1.7697
1.642e-06,-1.6558
1.6421e-06,-1.9893
1.6422e-06,-1.9477
1.6423e-06,-1.8492
1.6424e-06,-1.6284
1.6425e-06,-1.5626
1.6426e-06,-1.7929
1.6427e-06,-1.699
1.6428e-06,-1.6972
1.6429e-06,-1.6402
1.643e-06,-1.8359
1.6431e-06,-1.8146
1.6432e-06,-1.798
1.6433e-06,-1.8347
1.6434e-06,-1.9455
1.6435e-06,-1.8376
1.6436e-06,-1.643
1.6437e-06,-1.4652
1.6438e-06,-1.7384
1.6439e-06,-1.8104
1.644e-06,-1.3755
1.6441e-06,-1.6621
1.6442e-06,-1.4686
1.6443e-06,-1.5658
1.6444e-06,-1.6648
1.6445e-06,-1.6333
1.6446e-06,-1.4698
1.6447e-06,-1.6728
1.6448e-06,-1.6986
1.6449e-06,-1.8574
1.645e-06,-1.4867
1.6451e-06,-1.4629
1.6452e-06,-1.7881
1.6453e-06,-1.6012
1.6454e-06,-1.7281
1.6455e-06,-1.5335
1.6456e-06,-1.5254
1.6457e-06,-1.7463
1.6458e-06,-1.4734
1.6459e-06,-1.8173
1.646e-06,-1.4337
1.6461e-06,-1.757
1.6462e-06,-1.5218
1.6463e-06,-1.7694
1.6464e-06,-1.5169
1.6465e-06,-1.6318
1.6466e-06,-1.4428
1.6467e-06,-1.4965
1.6468e-06,-1.5015
1.6469e-06,-1.486
1.647e-06,-1.3002
1.6471e-06,-1.5824
1.6472e-06,-1.3601
1.6473e-06,-1.0835
1.6474e-06,-1.4239
1.6475e-06,-1.3273
1.6476e-06,-1.3511
1.6477e-06,-1.5044
1.6478e-06,-0.99565
1.6479e-06,-1.5548
1.648e-06,-1.4614
1.6481e-06,-1.4057
1.6482e-06,-1.1597
1.6483e-06,-1.3212
1.6484e-06,-1.24
1.6485e-06,-1.4565
1.6486e-06,-1.3851
1.6487e-06,-1.2985
1.6488e-06,-1.4681
1.6489e-06,-1.1844
1.649e-06,-1.3643
1.6491e-06,-1.2854
1.6492e-06,-1.1999
1.6493e-06,-1.0653
1.6494e-06,-0.98086
1.6495e-06,-1.1929
1.6496e-06,-1.4352
1.6497e-06,-1.3112
1.6498e-06,-1.4019
1.6499e-06,-1.0986
1.65e-06,-1.1614
