1.35e-06,8.637
1.3501e-06,8.8197
1.3502e-06,8.7279
1.3503e-06,8.762
1.3504e-06,8.7683
1.3505e-06,8.7061
1.3506e-06,8.7494
1.3507e-06,8.7382
1.3508e-06,8.7636
1.3509e-06,8.7546
1.351e-06,8.8218
1.3511e-06,8.6802
1.3512e-06,8.7554
1.3513e-06,8.7813
1.3514e-06,8.8501
1.3515e-06,8.6666
1.3516e-06,8.6066
1.3517e-06,8.6036
1.3518e-06,8.6405
1.3519e-06,8.6359
1.352e-06,8.656
1.3521e-06,8.7788
1.3522e-06,8.7269
1.3523e-06,8.7298
1.3524e-06,8.612
1.3525e-06,8.6128
1.3526e-06,8.518
1.3527e-06,8.5876
1.3528e-06,8.5792
1.3529e-06,8.6728
1.353e-06,8.6923
1.3531e-06,8.5465
1.3532e-06,8.4763
1.3533e-06,8.6974
1.3534e-06,8.5462
1.3535e-06,8.6466
1.3536e-06,8.6703
1.3537e-06,8.6309
1.3538e-06,8.5987
1.3539e-06,8.5106
1.354e-06,8.5731
1.3541e-06,8.5307
1.3542e-06,8.4044
1.3543e-06,8.5089
1.3544e-06,8.4339
1.3545e-06,8.4444
1.3546e-06,8.4929
1.3547e-06,8.5644
1.3548e-06,8.6083
1.3549e-06,8.3833
1.355e-06,8.5333
1.3551e-06,8.5127
1.3552e-06,8.4222
1.3553e-06,8.5761
1.3554e-06,8.4371
1.3555e-06,8.4866
1.3556e-06,8.5199
1.3557e-06,8.4188
1.3558e-06,8.5425
1.3559e-06,8.3312
1.356e-06,8.3937
1.3561e-06,8.4541
1.3562e-06,8.4217
1.3563e-06,8.704
1.3564e-06,8.4203
1.3565e-06,8.5997
1.3566e-06,8.4124
1.3567e-06,8.4409
1.3568e-06,8.4432
1.3569e-06,8.393
1.357e-06,8.5784
1.3571e-06,8.4311
1.3572e-06,8.3679
1.3573e-06,8.4011
1.3574e-06,8.4743
1.3575e-06,8.4682
1.3576e-06,8.3397
1.3577e-06,8.3892
1.3578e-06,8.4508
1.3579e-06,8.4407
1.358e-06,8.4074
1.3581e-06,8.4184
1.3582e-06,8.3966
1.3583e-06,8.5229
1.3584e-06,8.382
1.3585e-06,8.4972
1.3586e-06,8.3855
1.3587e-06,8.3379
1.3588e-06,8.4352
1.3589e-06,8.4515
1.359e-06,8.2479
1.3591e-06,8.3648
1.3592e-06,8.335
1.3593e-06,8.3231
1.3594e-06,8.534
1.3595e-06,8.2333
1.3596e-06,8.3274
1.3597e-06,8.3811
1.3598e-06,8.2668
1.3599e-06,8.3048
1.36e-06,8.3892
1.3601e-06,8.1569
1.3602e-06,8.2286
1.3603e-06,8.2848
1.3604e-06,8.2681
1.3605e-06,8.1952
1.3606e-06,8.1931
1.3607e-06,8.2724
1.3608e-06,8.2786
1.3609e-06,8.3178
1.361e-06,8.2429
1.3611e-06,8.2605
1.3612e-06,8.1156
1.3613e-06,8.202
1.3614e-06,8.231
1.3615e-06,8.2376
1.3616e-06,8.1684
1.3617e-06,8.1649
1.3618e-06,8.196
1.3619e-06,8.1821
1.362e-06,8.2125
1.3621e-06,8.3274
1.3622e-06,8.0723
1.3623e-06,8.0473
1.3624e-06,8.1754
1.3625e-06,8.1256
1.3626e-06,8.1537
1.3627e-06,8.2451
1.3628e-06,8.1841
1.3629e-06,8.2367
1.363e-06,8.2595
1.3631e-06,8.1128
1.3632e-06,8.178
1.3633e-06,8.1446
1.3634e-06,8.1233
1.3635e-06,8.3047
1.3636e-06,8.2235
1.3637e-06,8.243
1.3638e-06,8.1672
1.3639e-06,8.1394
1.364e-06,8.1364
1.3641e-06,8.0879
1.3642e-06,8.1334
1.3643e-06,8.2185
1.3644e-06,8.1111
1.3645e-06,8.0782
1.3646e-06,7.9969
1.3647e-06,8.1644
1.3648e-06,7.8973
1.3649e-06,7.9869
1.365e-06,8.1929
1.3651e-06,8.0422
1.3652e-06,8.1073
1.3653e-06,7.9821
1.3654e-06,8.0332
1.3655e-06,8.1894
1.3656e-06,8.0381
1.3657e-06,8.0021
1.3658e-06,7.9665
1.3659e-06,7.9887
1.366e-06,8.0294
1.3661e-06,7.9993
1.3662e-06,8.0863
1.3663e-06,8.0208
1.3664e-06,8.1426
1.3665e-06,7.9823
1.3666e-06,8.0823
1.3667e-06,7.9134
1.3668e-06,8.0011
1.3669e-06,8.078
1.367e-06,7.921
1.3671e-06,8.059
1.3672e-06,8.056
1.3673e-06,7.9396
1.3674e-06,7.9712
1.3675e-06,7.8741
1.3676e-06,7.9092
1.3677e-06,8.0458
1.3678e-06,7.8993
1.3679e-06,7.9607
1.368e-06,7.935
1.3681e-06,7.9474
1.3682e-06,7.9812
1.3683e-06,7.9926
1.3684e-06,8.0735
1.3685e-06,7.9661
1.3686e-06,7.8986
1.3687e-06,7.8651
1.3688e-06,7.8115
1.3689e-06,7.8841
1.369e-06,7.9053
1.3691e-06,7.8323
1.3692e-06,7.8019
1.3693e-06,7.8888
1.3694e-06,7.7177
1.3695e-06,7.9962
1.3696e-06,7.8988
1.3697e-06,7.8201
1.3698e-06,7.823
1.3699e-06,7.8203
1.37e-06,7.9234
1.3701e-06,7.8659
1.3702e-06,7.9859
1.3703e-06,7.8625
1.3704e-06,7.8379
1.3705e-06,7.8696
1.3706e-06,7.8972
1.3707e-06,7.8667
1.3708e-06,7.7486
1.3709e-06,7.7264
1.371e-06,7.7173
1.3711e-06,7.9015
1.3712e-06,7.7498
1.3713e-06,7.7781
1.3714e-06,7.6741
1.3715e-06,7.7327
1.3716e-06,7.7863
1.3717e-06,7.5988
1.3718e-06,7.7622
1.3719e-06,7.781
1.372e-06,7.7101
1.3721e-06,7.7924
1.3722e-06,7.6765
1.3723e-06,7.7359
1.3724e-06,7.6461
1.3725e-06,7.7459
1.3726e-06,7.6349
1.3727e-06,7.6596
1.3728e-06,7.7182
1.3729e-06,7.6946
1.373e-06,7.6362
1.3731e-06,7.7674
1.3732e-06,7.5935
1.3733e-06,7.4932
1.3734e-06,7.6879
1.3735e-06,7.6687
1.3736e-06,7.5696
1.3737e-06,7.599
1.3738e-06,7.5611
1.3739e-06,7.6957
1.374e-06,7.6776
1.3741e-06,7.6296
1.3742e-06,7.5858
1.3743e-06,7.6231
1.3744e-06,7.6652
1.3745e-06,7.6263
1.3746e-06,7.7381
1.3747e-06,7.6132
1.3748e-06,7.6364
1.3749e-06,7.6087
1.375e-06,7.7362
1.3751e-06,7.5387
1.3752e-06,7.4299
1.3753e-06,7.7111
1.3754e-06,7.6163
1.3755e-06,7.5611
1.3756e-06,7.5241
1.3757e-06,7.5809
1.3758e-06,7.6787
1.3759e-06,7.4793
1.376e-06,7.6147
1.3761e-06,7.5661
1.3762e-06,7.5665
1.3763e-06,7.5578
1.3764e-06,7.4946
1.3765e-06,7.7359
1.3766e-06,7.7091
1.3767e-06,7.5783
1.3768e-06,7.5321
1.3769e-06,7.5326
1.377e-06,7.6103
1.3771e-06,7.4624
1.3772e-06,7.4445
1.3773e-06,7.4211
1.3774e-06,7.5449
1.3775e-06,7.5369
1.3776e-06,7.4048
1.3777e-06,7.4677
1.3778e-06,7.3607
1.3779e-06,7.5702
1.378e-06,7.4449
1.3781e-06,7.3922
1.3782e-06,7.3958
1.3783e-06,7.4602
1.3784e-06,7.3274
1.3785e-06,7.5175
1.3786e-06,7.4201
1.3787e-06,7.4115
1.3788e-06,7.3974
1.3789e-06,7.4039
1.379e-06,7.2769
1.3791e-06,7.415
1.3792e-06,7.3827
1.3793e-06,7.4026
1.3794e-06,7.3896
1.3795e-06,7.3442
1.3796e-06,7.5448
1.3797e-06,7.4524
1.3798e-06,7.4226
1.3799e-06,7.3325
1.38e-06,7.3497
1.3801e-06,7.444
1.3802e-06,7.3716
1.3803e-06,7.4512
1.3804e-06,7.3941
1.3805e-06,7.2533
1.3806e-06,7.4438
1.3807e-06,7.3745
1.3808e-06,7.3704
1.3809e-06,7.283
1.381e-06,7.4034
1.3811e-06,7.3374
1.3812e-06,7.382
1.3813e-06,7.328
1.3814e-06,7.3581
1.3815e-06,7.3951
1.3816e-06,7.319
1.3817e-06,7.2622
1.3818e-06,7.357
1.3819e-06,7.2969
1.382e-06,7.2684
1.3821e-06,7.2224
1.3822e-06,7.1462
1.3823e-06,7.279
1.3824e-06,7.166
1.3825e-06,7.2494
1.3826e-06,7.2682
1.3827e-06,7.3274
1.3828e-06,7.2635
1.3829e-06,7.1772
1.383e-06,7.4877
1.3831e-06,7.1837
1.3832e-06,7.1401
1.3833e-06,7.1403
1.3834e-06,7.1925
1.3835e-06,7.2056
1.3836e-06,7.1687
1.3837e-06,7.1914
1.3838e-06,7.1883
1.3839e-06,7.149
1.384e-06,7.1915
1.3841e-06,7.0863
1.3842e-06,7.1299
1.3843e-06,7.1851
1.3844e-06,7.1755
1.3845e-06,7.1888
1.3846e-06,7.3173
1.3847e-06,7.1811
1.3848e-06,7.1134
1.3849e-06,7.0917
1.385e-06,7.0151
1.3851e-06,7.1458
1.3852e-06,7.1859
1.3853e-06,7.0937
1.3854e-06,7.2104
1.3855e-06,7.305
1.3856e-06,7.1814
1.3857e-06,7.2021
1.3858e-06,7.0139
1.3859e-06,7.1165
1.386e-06,7.1245
1.3861e-06,7.1054
1.3862e-06,6.9613
1.3863e-06,7.0872
1.3864e-06,7.0359
1.3865e-06,7.0259
1.3866e-06,7.0032
1.3867e-06,7.2154
1.3868e-06,7.1642
1.3869e-06,7.1283
1.387e-06,7.0495
1.3871e-06,6.9368
1.3872e-06,7.0229
1.3873e-06,7.1287
1.3874e-06,7.1049
1.3875e-06,7.1461
1.3876e-06,7.0743
1.3877e-06,6.9626
1.3878e-06,6.9556
1.3879e-06,7.0594
1.388e-06,7.0344
1.3881e-06,7.0678
1.3882e-06,6.9851
1.3883e-06,7.0523
1.3884e-06,6.9069
1.3885e-06,6.9718
1.3886e-06,6.9227
1.3887e-06,6.9692
1.3888e-06,7.074
1.3889e-06,6.9408
1.389e-06,6.8686
1.3891e-06,6.9129
1.3892e-06,7.0584
1.3893e-06,7.0613
1.3894e-06,7.0846
1.3895e-06,6.8632
1.3896e-06,6.8546
1.3897e-06,6.9077
1.3898e-06,6.8563
1.3899e-06,6.9074
1.39e-06,6.9526
1.3901e-06,6.8878
1.3902e-06,6.9985
1.3903e-06,6.9301
1.3904e-06,6.7849
1.3905e-06,6.9083
1.3906e-06,6.892
1.3907e-06,6.8813
1.3908e-06,7.0274
1.3909e-06,6.7642
1.391e-06,6.8194
1.3911e-06,6.9799
1.3912e-06,6.7361
1.3913e-06,6.7951
1.3914e-06,6.7606
1.3915e-06,6.7154
1.3916e-06,7.0224
1.3917e-06,6.7733
1.3918e-06,6.8943
1.3919e-06,6.8001
1.392e-06,6.8141
1.3921e-06,6.861
1.3922e-06,6.8384
1.3923e-06,6.7543
1.3924e-06,6.6845
1.3925e-06,6.7636
1.3926e-06,6.6573
1.3927e-06,6.9155
1.3928e-06,6.9158
1.3929e-06,6.8117
1.393e-06,6.6665
1.3931e-06,6.667
1.3932e-06,6.8274
1.3933e-06,7.0186
1.3934e-06,6.8206
1.3935e-06,6.8869
1.3936e-06,6.6285
1.3937e-06,6.7047
1.3938e-06,6.8022
1.3939e-06,6.8292
1.394e-06,6.7843
1.3941e-06,6.7601
1.3942e-06,6.6728
1.3943e-06,6.6609
1.3944e-06,6.6845
1.3945e-06,6.665
1.3946e-06,6.7549
1.3947e-06,6.7169
1.3948e-06,6.7532
1.3949e-06,6.5195
1.395e-06,6.753
1.3951e-06,6.8221
1.3952e-06,6.6487
1.3953e-06,6.6482
1.3954e-06,6.5974
1.3955e-06,6.6388
1.3956e-06,6.5841
1.3957e-06,6.7162
1.3958e-06,6.6811
1.3959e-06,6.7075
1.396e-06,6.4852
1.3961e-06,6.6664
1.3962e-06,6.6431
1.3963e-06,6.584
1.3964e-06,6.5359
1.3965e-06,6.3868
1.3966e-06,6.566
1.3967e-06,6.5063
1.3968e-06,6.6266
1.3969e-06,6.6478
1.397e-06,6.4812
1.3971e-06,6.5442
1.3972e-06,6.4725
1.3973e-06,6.6268
1.3974e-06,6.5
1.3975e-06,6.5823
1.3976e-06,6.5203
1.3977e-06,6.5752
1.3978e-06,6.5435
1.3979e-06,6.4829
1.398e-06,6.7001
1.3981e-06,6.5717
1.3982e-06,6.5831
1.3983e-06,6.5337
1.3984e-06,6.5344
1.3985e-06,6.5264
1.3986e-06,6.4068
1.3987e-06,6.4295
1.3988e-06,6.53
1.3989e-06,6.3997
1.399e-06,6.4436
1.3991e-06,6.4354
1.3992e-06,6.388
1.3993e-06,6.3649
1.3994e-06,6.4969
1.3995e-06,6.4574
1.3996e-06,6.4397
1.3997e-06,6.4711
1.3998e-06,6.3686
1.3999e-06,6.3335
1.4e-06,6.4209
1.4001e-06,6.35
1.4002e-06,6.3941
1.4003e-06,6.2029
1.4004e-06,6.3948
1.4005e-06,6.2939
1.4006e-06,6.3685
1.4007e-06,6.4235
1.4008e-06,6.32
1.4009e-06,6.47
1.401e-06,6.4087
1.4011e-06,6.1219
1.4012e-06,6.2946
1.4013e-06,6.2923
1.4014e-06,6.2484
1.4015e-06,6.312
1.4016e-06,6.3572
1.4017e-06,6.2361
1.4018e-06,6.3117
1.4019e-06,6.3529
1.402e-06,6.2703
1.4021e-06,6.4058
1.4022e-06,6.3367
1.4023e-06,6.3957
1.4024e-06,6.3827
1.4025e-06,6.3864
1.4026e-06,6.3527
1.4027e-06,6.3619
1.4028e-06,6.2381
1.4029e-06,6.336
1.403e-06,6.241
1.4031e-06,6.1981
1.4032e-06,6.2675
1.4033e-06,6.1903
1.4034e-06,6.3194
1.4035e-06,6.1376
1.4036e-06,6.1566
1.4037e-06,6.234
1.4038e-06,6.2834
1.4039e-06,6.231
1.404e-06,6.2933
1.4041e-06,6.3225
1.4042e-06,6.1978
1.4043e-06,6.0696
1.4044e-06,6.2247
1.4045e-06,6.2914
1.4046e-06,5.9493
1.4047e-06,6.1273
1.4048e-06,6.1211
1.4049e-06,6.064
1.405e-06,6.004
1.4051e-06,6.1196
1.4052e-06,5.9987
1.4053e-06,5.9488
1.4054e-06,6.1788
1.4055e-06,6.0805
1.4056e-06,5.9921
1.4057e-06,5.998
1.4058e-06,6.1751
1.4059e-06,6.1041
1.406e-06,5.9835
1.4061e-06,5.9173
1.4062e-06,6.0408
1.4063e-06,5.9528
1.4064e-06,6.0194
1.4065e-06,5.9974
1.4066e-06,6.1593
1.4067e-06,6.0578
1.4068e-06,6.1329
1.4069e-06,5.9664
1.407e-06,6.1087
1.4071e-06,6.0564
1.4072e-06,5.95
1.4073e-06,5.9231
1.4074e-06,5.8625
1.4075e-06,5.8584
1.4076e-06,5.9815
1.4077e-06,5.9772
1.4078e-06,5.8983
1.4079e-06,6.033
1.408e-06,6.0039
1.4081e-06,5.7684
1.4082e-06,5.8302
1.4083e-06,5.7919
1.4084e-06,5.7871
1.4085e-06,5.8743
1.4086e-06,6.0106
1.4087e-06,5.8327
1.4088e-06,5.8827
1.4089e-06,5.9507
1.409e-06,5.9386
1.4091e-06,5.8392
1.4092e-06,5.9719
1.4093e-06,5.7725
1.4094e-06,5.7057
1.4095e-06,5.704
1.4096e-06,5.7386
1.4097e-06,5.9102
1.4098e-06,5.7641
1.4099e-06,5.8184
1.41e-06,5.861
1.4101e-06,5.7115
1.4102e-06,6.0013
1.4103e-06,5.6182
1.4104e-06,5.832
1.4105e-06,5.8245
1.4106e-06,5.8396
1.4107e-06,5.7447
1.4108e-06,5.8208
1.4109e-06,5.8926
1.411e-06,5.7985
1.4111e-06,5.6369
1.4112e-06,5.6006
1.4113e-06,5.7216
1.4114e-06,5.8067
1.4115e-06,5.7659
1.4116e-06,5.5942
1.4117e-06,5.7461
1.4118e-06,5.765
1.4119e-06,5.8077
1.412e-06,5.62
1.4121e-06,5.7677
1.4122e-06,5.5851
1.4123e-06,5.5838
1.4124e-06,5.6553
1.4125e-06,5.5176
1.4126e-06,5.4871
1.4127e-06,5.5236
1.4128e-06,5.593
1.4129e-06,5.5296
1.413e-06,5.5445
1.4131e-06,5.6406
1.4132e-06,5.566
1.4133e-06,5.5177
1.4134e-06,5.601
1.4135e-06,5.5114
1.4136e-06,5.617
1.4137e-06,5.5286
1.4138e-06,5.4946
1.4139e-06,5.575
1.414e-06,5.4489
1.4141e-06,5.589
1.4142e-06,5.3449
1.4143e-06,5.482
1.4144e-06,5.5102
1.4145e-06,5.601
1.4146e-06,5.6697
1.4147e-06,5.5085
1.4148e-06,5.4173
1.4149e-06,5.5898
1.415e-06,5.3565
1.4151e-06,5.4259
1.4152e-06,5.5543
1.4153e-06,5.4713
1.4154e-06,5.4291
1.4155e-06,5.3458
1.4156e-06,5.4189
1.4157e-06,5.5095
1.4158e-06,5.6325
1.4159e-06,5.5183
1.416e-06,5.562
1.4161e-06,5.413
1.4162e-06,5.419
1.4163e-06,5.533
1.4164e-06,5.3639
1.4165e-06,5.3905
1.4166e-06,5.2199
1.4167e-06,5.5475
1.4168e-06,5.1818
1.4169e-06,5.3904
1.417e-06,5.3368
1.4171e-06,5.3853
1.4172e-06,5.3778
1.4173e-06,5.4448
1.4174e-06,5.3798
1.4175e-06,5.2618
1.4176e-06,5.3394
1.4177e-06,5.4276
1.4178e-06,5.2837
1.4179e-06,5.183
1.418e-06,5.2129
1.4181e-06,5.374
1.4182e-06,5.3718
1.4183e-06,5.3198
1.4184e-06,5.2837
1.4185e-06,5.2496
1.4186e-06,5.2653
1.4187e-06,5.1305
1.4188e-06,5.3439
1.4189e-06,5.1457
1.419e-06,5.4492
1.4191e-06,5.1639
1.4192e-06,5.0781
1.4193e-06,5.129
1.4194e-06,5.1965
1.4195e-06,5.0896
1.4196e-06,5.2201
1.4197e-06,5.0418
1.4198e-06,5.2725
1.4199e-06,5.065
1.42e-06,5.2214
1.4201e-06,5.1496
1.4202e-06,5.2374
1.4203e-06,5.1259
1.4204e-06,5.1109
1.4205e-06,5.1598
1.4206e-06,5.0352
1.4207e-06,5.0322
1.4208e-06,5.0009
1.4209e-06,5.0346
1.421e-06,5.1715
1.4211e-06,5.0523
1.4212e-06,5.1946
1.4213e-06,5.0098
1.4214e-06,4.9412
1.4215e-06,4.9861
1.4216e-06,5.1185
1.4217e-06,5.0852
1.4218e-06,5.0871
1.4219e-06,5.067
1.422e-06,5.0924
1.4221e-06,5.0031
1.4222e-06,5.0209
1.4223e-06,4.9505
1.4224e-06,5.0242
1.4225e-06,5.093
1.4226e-06,5.0653
1.4227e-06,4.8829
1.4228e-06,4.9831
1.4229e-06,4.8998
1.423e-06,4.8428
1.4231e-06,4.9192
1.4232e-06,4.8911
1.4233e-06,5.0042
1.4234e-06,4.8567
1.4235e-06,4.8475
1.4236e-06,5.0382
1.4237e-06,4.8708
1.4238e-06,4.9206
1.4239e-06,4.9687
1.424e-06,4.8558
1.4241e-06,4.853
1.4242e-06,4.8307
1.4243e-06,4.8492
1.4244e-06,4.9986
1.4245e-06,4.9927
1.4246e-06,4.9527
1.4247e-06,4.7476
1.4248e-06,4.8726
1.4249e-06,4.797
1.425e-06,5.0309
1.4251e-06,4.8415
1.4252e-06,4.8089
1.4253e-06,4.7727
1.4254e-06,4.9883
1.4255e-06,4.8704
1.4256e-06,4.7621
1.4257e-06,4.7692
1.4258e-06,4.8899
1.4259e-06,4.7514
1.426e-06,4.8935
1.4261e-06,4.7668
1.4262e-06,4.733
1.4263e-06,4.7458
1.4264e-06,4.6445
1.4265e-06,4.667
1.4266e-06,4.5888
1.4267e-06,4.809
1.4268e-06,4.753
1.4269e-06,4.7682
1.427e-06,4.7116
1.4271e-06,4.7462
1.4272e-06,4.7076
1.4273e-06,4.6253
1.4274e-06,4.7091
1.4275e-06,4.6581
1.4276e-06,4.5967
1.4277e-06,4.53
1.4278e-06,4.6167
1.4279e-06,4.685
1.428e-06,4.5643
1.4281e-06,4.5543
1.4282e-06,4.5505
1.4283e-06,4.5894
1.4284e-06,4.5558
1.4285e-06,4.5767
1.4286e-06,4.6001
1.4287e-06,4.5295
1.4288e-06,4.6639
1.4289e-06,4.6896
1.429e-06,4.652
1.4291e-06,4.5321
1.4292e-06,4.6247
1.4293e-06,4.535
1.4294e-06,4.44
1.4295e-06,4.5515
1.4296e-06,4.4393
1.4297e-06,4.6358
1.4298e-06,4.5948
1.4299e-06,4.4337
1.43e-06,4.5099
1.4301e-06,4.4096
1.4302e-06,4.5093
1.4303e-06,4.6721
1.4304e-06,4.4814
1.4305e-06,4.5481
1.4306e-06,4.5478
1.4307e-06,4.3638
1.4308e-06,4.6015
1.4309e-06,4.3594
1.431e-06,4.3885
1.4311e-06,4.4257
1.4312e-06,4.3204
1.4313e-06,4.452
1.4314e-06,4.503
1.4315e-06,4.4808
1.4316e-06,4.427
1.4317e-06,4.5688
1.4318e-06,4.4416
1.4319e-06,4.1891
1.432e-06,4.4742
1.4321e-06,4.3018
1.4322e-06,4.404
1.4323e-06,4.386
1.4324e-06,4.472
1.4325e-06,4.4291
1.4326e-06,4.3047
1.4327e-06,4.353
1.4328e-06,4.4989
1.4329e-06,4.2058
1.433e-06,4.2679
1.4331e-06,4.289
1.4332e-06,4.36
1.4333e-06,4.3844
1.4334e-06,4.1777
1.4335e-06,4.1908
1.4336e-06,4.184
1.4337e-06,4.122
1.4338e-06,4.1951
1.4339e-06,4.4268
1.434e-06,4.267
1.4341e-06,4.3553
1.4342e-06,4.3499
1.4343e-06,4.249
1.4344e-06,4.2148
1.4345e-06,4.4063
1.4346e-06,4.1298
1.4347e-06,4.1808
1.4348e-06,4.1732
1.4349e-06,4.2639
1.435e-06,4.2253
1.4351e-06,4.1119
1.4352e-06,4.2421
1.4353e-06,4.1573
1.4354e-06,4.1592
1.4355e-06,4.1232
1.4356e-06,4.0621
1.4357e-06,4.2603
1.4358e-06,4.0134
1.4359e-06,4.2417
1.436e-06,4.1411
1.4361e-06,3.9456
1.4362e-06,4.1294
1.4363e-06,3.9913
1.4364e-06,4.0949
1.4365e-06,4.0885
1.4366e-06,4.1095
1.4367e-06,4.009
1.4368e-06,3.9419
1.4369e-06,4.2639
1.437e-06,4.0069
1.4371e-06,3.938
1.4372e-06,4.0525
1.4373e-06,3.9745
1.4374e-06,3.9608
1.4375e-06,3.9388
1.4376e-06,4.0386
1.4377e-06,4.0156
1.4378e-06,3.8733
1.4379e-06,4.019
1.438e-06,3.902
1.4381e-06,4.1011
1.4382e-06,4.1448
1.4383e-06,3.9536
1.4384e-06,4.0645
1.4385e-06,3.9027
1.4386e-06,4.0014
1.4387e-06,3.9071
1.4388e-06,3.842
1.4389e-06,3.8651
1.439e-06,4.0058
1.4391e-06,3.8305
1.4392e-06,3.7444
1.4393e-06,3.9502
1.4394e-06,3.8149
1.4395e-06,3.9511
1.4396e-06,3.846
1.4397e-06,3.8315
1.4398e-06,3.9439
1.4399e-06,3.8784
1.44e-06,3.785
1.4401e-06,3.8551
1.4402e-06,3.7553
1.4403e-06,3.6766
1.4404e-06,3.7639
1.4405e-06,3.7275
1.4406e-06,3.6539
1.4407e-06,3.8025
1.4408e-06,3.7369
1.4409e-06,3.7464
1.441e-06,3.7694
1.4411e-06,3.7896
1.4412e-06,3.5381
1.4413e-06,3.6785
1.4414e-06,3.5112
1.4415e-06,3.706
1.4416e-06,3.6294
1.4417e-06,3.6964
1.4418e-06,3.7136
1.4419e-06,3.5906
1.442e-06,3.6872
1.4421e-06,3.6998
1.4422e-06,3.5719
1.4423e-06,3.5029
1.4424e-06,3.816
1.4425e-06,3.6879
1.4426e-06,3.5417
1.4427e-06,3.673
1.4428e-06,3.6667
1.4429e-06,3.7292
1.443e-06,3.6884
1.4431e-06,3.507
1.4432e-06,3.6633
1.4433e-06,3.4435
1.4434e-06,3.5166
1.4435e-06,3.5432
1.4436e-06,3.5158
1.4437e-06,3.5975
1.4438e-06,3.4717
1.4439e-06,3.523
1.444e-06,3.4123
1.4441e-06,3.3742
1.4442e-06,3.5078
1.4443e-06,3.4791
1.4444e-06,3.5539
1.4445e-06,3.5037
1.4446e-06,3.4727
1.4447e-06,3.5528
1.4448e-06,3.6923
1.4449e-06,3.482
1.445e-06,3.3723
1.4451e-06,3.3413
1.4452e-06,3.3711
1.4453e-06,3.4459
1.4454e-06,3.5003
1.4455e-06,3.3784
1.4456e-06,3.2266
1.4457e-06,3.4
1.4458e-06,3.2782
1.4459e-06,3.5723
1.446e-06,3.4034
1.4461e-06,3.2578
1.4462e-06,3.1523
1.4463e-06,3.2258
1.4464e-06,3.3748
1.4465e-06,3.3541
1.4466e-06,3.4036
1.4467e-06,3.4061
1.4468e-06,3.2693
1.4469e-06,3.1488
1.447e-06,3.3237
1.4471e-06,3.2704
1.4472e-06,3.3547
1.4473e-06,3.2133
1.4474e-06,3.188
1.4475e-06,3.4172
1.4476e-06,3.2216
1.4477e-06,3.2027
1.4478e-06,3.1087
1.4479e-06,3.1327
1.448e-06,3.2712
1.4481e-06,3.1787
1.4482e-06,3.1972
1.4483e-06,3.1445
1.4484e-06,3.0686
1.4485e-06,3.2041
1.4486e-06,3.2123
1.4487e-06,3.1063
1.4488e-06,3.2806
1.4489e-06,3.0977
1.449e-06,3.0859
1.4491e-06,2.9788
1.4492e-06,3.1861
1.4493e-06,3.0505
1.4494e-06,3.2465
1.4495e-06,2.9075
1.4496e-06,3.0033
1.4497e-06,2.9061
1.4498e-06,2.9223
1.4499e-06,3.1946
1.45e-06,3.0677
1.4501e-06,2.9765
1.4502e-06,2.9682
1.4503e-06,2.9832
1.4504e-06,2.963
1.4505e-06,2.9864
1.4506e-06,2.7266
1.4507e-06,3.0378
1.4508e-06,2.9342
1.4509e-06,2.9592
1.451e-06,3.0037
1.4511e-06,2.9325
1.4512e-06,3.0256
1.4513e-06,2.8943
1.4514e-06,2.8234
1.4515e-06,2.8546
1.4516e-06,2.7949
1.4517e-06,2.8955
1.4518e-06,2.9813
1.4519e-06,2.893
1.452e-06,2.8304
1.4521e-06,3.0322
1.4522e-06,2.9001
1.4523e-06,2.8359
1.4524e-06,2.9703
1.4525e-06,2.9363
1.4526e-06,2.7639
1.4527e-06,2.821
1.4528e-06,2.8182
1.4529e-06,2.8839
1.453e-06,2.9317
1.4531e-06,2.6761
1.4532e-06,2.7126
1.4533e-06,2.7127
1.4534e-06,2.8328
1.4535e-06,2.7332
1.4536e-06,2.6977
1.4537e-06,2.6354
1.4538e-06,2.7125
1.4539e-06,2.7141
1.454e-06,2.6831
1.4541e-06,2.589
1.4542e-06,2.6687
1.4543e-06,2.5764
1.4544e-06,2.5848
1.4545e-06,2.6113
1.4546e-06,2.6272
1.4547e-06,2.8249
1.4548e-06,2.6639
1.4549e-06,2.5942
1.455e-06,2.6122
1.4551e-06,2.5714
1.4552e-06,2.5793
1.4553e-06,2.4307
1.4554e-06,2.6399
1.4555e-06,2.6311
1.4556e-06,2.5592
1.4557e-06,2.5915
1.4558e-06,2.5773
1.4559e-06,2.492
1.456e-06,2.4638
1.4561e-06,2.6921
1.4562e-06,2.5708
1.4563e-06,2.4237
1.4564e-06,2.4773
1.4565e-06,2.4172
1.4566e-06,2.3708
1.4567e-06,2.4296
1.4568e-06,2.3381
1.4569e-06,2.4286
1.457e-06,2.2556
1.4571e-06,2.4423
1.4572e-06,2.4448
1.4573e-06,2.2079
1.4574e-06,2.1048
1.4575e-06,2.3299
1.4576e-06,2.2749
1.4577e-06,2.3115
1.4578e-06,2.5316
1.4579e-06,2.4564
1.458e-06,2.4124
1.4581e-06,2.2983
1.4582e-06,2.1722
1.4583e-06,2.2967
1.4584e-06,2.2836
1.4585e-06,2.3217
1.4586e-06,2.2361
1.4587e-06,2.299
1.4588e-06,2.3101
1.4589e-06,2.3017
1.459e-06,2.1252
1.4591e-06,2.3839
1.4592e-06,2.1704
1.4593e-06,2.2267
1.4594e-06,2.0902
1.4595e-06,2.2227
1.4596e-06,2.3513
1.4597e-06,2.2778
1.4598e-06,2.3258
1.4599e-06,2.3098
1.46e-06,2.1929
1.4601e-06,2.072
1.4602e-06,2.1952
1.4603e-06,2.132
1.4604e-06,2.1473
1.4605e-06,2.1233
1.4606e-06,2.144
1.4607e-06,2.0595
1.4608e-06,2.1528
1.4609e-06,2.0637
1.461e-06,2.1282
1.4611e-06,1.9451
1.4612e-06,2.0906
1.4613e-06,2.1604
1.4614e-06,1.8696
1.4615e-06,2.2025
1.4616e-06,2.0242
1.4617e-06,2.0884
1.4618e-06,2.0501
1.4619e-06,1.9366
1.462e-06,1.9395
1.4621e-06,1.8763
1.4622e-06,2.0781
1.4623e-06,2.0674
1.4624e-06,2.0584
1.4625e-06,2.021
1.4626e-06,1.8966
1.4627e-06,1.9118
1.4628e-06,2.046
1.4629e-06,1.8171
1.463e-06,1.9349
1.4631e-06,1.9362
1.4632e-06,1.7205
1.4633e-06,1.9033
1.4634e-06,1.986
1.4635e-06,1.6112
1.4636e-06,1.8763
1.4637e-06,1.8036
1.4638e-06,1.7838
1.4639e-06,1.8095
1.464e-06,1.8877
1.4641e-06,1.8884
1.4642e-06,1.7992
1.4643e-06,1.7448
1.4644e-06,1.8143
1.4645e-06,1.9045
1.4646e-06,1.8148
1.4647e-06,1.7861
1.4648e-06,1.735
1.4649e-06,1.6079
1.465e-06,1.7612
1.4651e-06,1.6468
1.4652e-06,1.785
1.4653e-06,1.6093
1.4654e-06,1.8089
1.4655e-06,1.6994
1.4656e-06,1.5748
1.4657e-06,1.5382
1.4658e-06,1.6316
1.4659e-06,1.5678
1.466e-06,1.7276
1.4661e-06,1.681
1.4662e-06,1.6254
1.4663e-06,1.4394
1.4664e-06,1.6457
1.4665e-06,1.525
1.4666e-06,1.3758
1.4667e-06,1.3974
1.4668e-06,1.56
1.4669e-06,1.6301
1.467e-06,1.6216
1.4671e-06,1.636
1.4672e-06,1.6495
1.4673e-06,1.5499
1.4674e-06,1.5644
1.4675e-06,1.5456
1.4676e-06,1.6263
1.4677e-06,1.4941
1.4678e-06,1.5943
1.4679e-06,1.4108
1.468e-06,1.3894
1.4681e-06,1.3501
1.4682e-06,1.4912
1.4683e-06,1.4125
1.4684e-06,1.3507
1.4685e-06,1.4084
1.4686e-06,1.285
1.4687e-06,1.2462
1.4688e-06,1.2985
1.4689e-06,1.3227
1.469e-06,1.2877
1.4691e-06,1.3103
1.4692e-06,1.2882
1.4693e-06,1.3453
1.4694e-06,1.2073
1.4695e-06,1.295
1.4696e-06,1.2463
1.4697e-06,1.1353
1.4698e-06,1.3202
1.4699e-06,1.2734
1.47e-06,1.1828
1.4701e-06,1.2061
1.4702e-06,1.1678
1.4703e-06,1.3441
1.4704e-06,1.251
1.4705e-06,1.193
1.4706e-06,1.1629
1.4707e-06,1.1185
1.4708e-06,1.2633
1.4709e-06,1.2366
1.471e-06,1.205
1.4711e-06,1.1657
1.4712e-06,1.1556
1.4713e-06,1.1464
1.4714e-06,1.0998
1.4715e-06,1.2698
1.4716e-06,1.0739
1.4717e-06,1.1613
1.4718e-06,0.96339
1.4719e-06,1.02
1.472e-06,1.2623
1.4721e-06,1.1335
1.4722e-06,1.0606
1.4723e-06,0.9444
1.4724e-06,0.95171
1.4725e-06,1.0715
1.4726e-06,0.92289
1.4727e-06,1.1459
1.4728e-06,0.94164
1.4729e-06,0.75133
1.473e-06,0.80488
1.4731e-06,0.94308
1.4732e-06,1.0577
1.4733e-06,0.85318
1.4734e-06,0.87855
1.4735e-06,0.90826
1.4736e-06,0.84778
1.4737e-06,0.95884
1.4738e-06,0.85908
1.4739e-06,1.0202
1.474e-06,0.92811
1.4741e-06,0.94691
1.4742e-06,0.83976
1.4743e-06,0.65759
1.4744e-06,0.88962
1.4745e-06,0.72844
1.4746e-06,0.80166
1.4747e-06,0.63561
1.4748e-06,0.72665
1.4749e-06,0.72988
1.475e-06,0.7618
1.4751e-06,0.66945
1.4752e-06,0.82123
1.4753e-06,0.58665
1.4754e-06,0.7748
1.4755e-06,0.72923
1.4756e-06,0.66719
1.4757e-06,0.6876
1.4758e-06,0.69974
1.4759e-06,0.63132
1.476e-06,0.67313
1.4761e-06,0.48371
1.4762e-06,0.66113
1.4763e-06,0.57015
1.4764e-06,0.70563
1.4765e-06,0.51913
1.4766e-06,0.76306
1.4767e-06,0.58205
1.4768e-06,0.58717
1.4769e-06,0.63842
1.477e-06,0.44488
1.4771e-06,0.27784
1.4772e-06,0.48765
1.4773e-06,0.46283
1.4774e-06,0.49162
1.4775e-06,0.49428
1.4776e-06,0.52692
1.4777e-06,0.61339
1.4778e-06,0.37783
1.4779e-06,0.33464
1.478e-06,0.44761
1.4781e-06,0.27876
1.4782e-06,0.43638
1.4783e-06,0.42908
1.4784e-06,0.31704
1.4785e-06,0.358
1.4786e-06,0.28846
1.4787e-06,0.32314
1.4788e-06,0.23876
1.4789e-06,0.29902
1.479e-06,0.13808
1.4791e-06,0.40022
1.4792e-06,0.25989
1.4793e-06,0.2222
1.4794e-06,0.25301
1.4795e-06,0.20465
1.4796e-06,0.077153
1.4797e-06,0.067994
1.4798e-06,0.24489
1.4799e-06,0.26667
1.48e-06,0.13429
1.4801e-06,0.15227
1.4802e-06,0.27638
1.4803e-06,-0.029362
1.4804e-06,0.064576
1.4805e-06,0.23863
1.4806e-06,0.21904
1.4807e-06,0.2045
1.4808e-06,0.18682
1.4809e-06,0.3315
1.481e-06,-0.030159
1.4811e-06,-0.030926
1.4812e-06,-0.18281
1.4813e-06,0.080804
1.4814e-06,0.15546
1.4815e-06,0.19703
1.4816e-06,-0.076443
1.4817e-06,-0.1191
1.4818e-06,0.0088983
1.4819e-06,0.21012
1.482e-06,-0.007761
1.4821e-06,0.092008
1.4822e-06,-0.10539
1.4823e-06,-0.020626
1.4824e-06,-0.13862
1.4825e-06,0.016914
1.4826e-06,-0.022982
1.4827e-06,-0.048476
1.4828e-06,0.0072254
1.4829e-06,-0.087649
1.483e-06,-0.10509
1.4831e-06,-0.27878
1.4832e-06,-0.13707
1.4833e-06,-0.24929
1.4834e-06,-0.11796
1.4835e-06,-0.18753
1.4836e-06,-0.15292
1.4837e-06,-0.13555
1.4838e-06,-0.24114
1.4839e-06,-0.23911
1.484e-06,-0.23783
1.4841e-06,-0.49317
1.4842e-06,-0.43682
1.4843e-06,-0.32592
1.4844e-06,-0.36447
1.4845e-06,-0.26105
1.4846e-06,-0.40939
1.4847e-06,-0.37551
1.4848e-06,-0.18373
1.4849e-06,-0.5269
1.485e-06,-0.52336
1.4851e-06,-0.4289
1.4852e-06,-0.46153
1.4853e-06,-0.42797
1.4854e-06,-0.4756
1.4855e-06,-0.51925
1.4856e-06,-0.40672
1.4857e-06,-0.35066
1.4858e-06,-0.62963
1.4859e-06,-0.64912
1.486e-06,-0.48109
1.4861e-06,-0.47078
1.4862e-06,-0.54483
1.4863e-06,-0.52708
1.4864e-06,-0.76263
1.4865e-06,-0.53895
1.4866e-06,-0.62641
1.4867e-06,-0.73712
1.4868e-06,-0.66258
1.4869e-06,-0.56825
1.487e-06,-0.58656
1.4871e-06,-0.66264
1.4872e-06,-0.54311
1.4873e-06,-0.81012
1.4874e-06,-0.68098
1.4875e-06,-0.6804
1.4876e-06,-0.6305
1.4877e-06,-0.85036
1.4878e-06,-0.95176
1.4879e-06,-0.79906
1.488e-06,-0.83726
1.4881e-06,-0.82019
1.4882e-06,-0.67911
1.4883e-06,-0.74009
1.4884e-06,-0.82879
1.4885e-06,-0.64741
1.4886e-06,-0.973
1.4887e-06,-0.72322
1.4888e-06,-0.76215
1.4889e-06,-0.82628
1.489e-06,-1.0245
1.4891e-06,-0.94327
1.4892e-06,-0.89758
1.4893e-06,-0.96412
1.4894e-06,-1.0372
1.4895e-06,-1.1025
1.4896e-06,-0.83703
1.4897e-06,-0.85814
1.4898e-06,-1.0867
1.4899e-06,-0.91222
1.49e-06,-0.99016
1.4901e-06,-0.95939
1.4902e-06,-0.92505
1.4903e-06,-1.078
1.4904e-06,-0.94594
1.4905e-06,-1.0002
1.4906e-06,-1.0035
1.4907e-06,-1.1277
1.4908e-06,-1.0481
1.4909e-06,-1.2262
1.491e-06,-1.2927
1.4911e-06,-1.1492
1.4912e-06,-1.1057
1.4913e-06,-1.2128
1.4914e-06,-1.1961
1.4915e-06,-1.228
1.4916e-06,-1.1742
1.4917e-06,-1.2019
1.4918e-06,-1.2709
1.4919e-06,-1.3665
1.492e-06,-1.2793
1.4921e-06,-1.2794
1.4922e-06,-1.3358
1.4923e-06,-1.4102
1.4924e-06,-1.2419
1.4925e-06,-1.3033
1.4926e-06,-1.447
1.4927e-06,-1.3904
1.4928e-06,-1.5276
1.4929e-06,-1.2578
1.493e-06,-1.3991
1.4931e-06,-1.3174
1.4932e-06,-1.3129
1.4933e-06,-1.4156
1.4934e-06,-1.3779
1.4935e-06,-1.3137
1.4936e-06,-1.3816
1.4937e-06,-1.4386
1.4938e-06,-1.6158
1.4939e-06,-1.5462
1.494e-06,-1.6242
1.4941e-06,-1.3236
1.4942e-06,-1.5854
1.4943e-06,-1.6261
1.4944e-06,-1.6883
1.4945e-06,-1.5555
1.4946e-06,-1.5767
1.4947e-06,-1.5277
1.4948e-06,-1.6391
1.4949e-06,-1.5222
1.495e-06,-1.6911
1.4951e-06,-1.6498
1.4952e-06,-1.4748
1.4953e-06,-1.5744
1.4954e-06,-1.8145
1.4955e-06,-1.582
1.4956e-06,-1.6781
1.4957e-06,-1.8009
1.4958e-06,-1.7126
1.4959e-06,-1.7291
1.496e-06,-1.8209
1.4961e-06,-1.7995
1.4962e-06,-1.9184
1.4963e-06,-1.644
1.4964e-06,-1.6912
1.4965e-06,-1.9253
1.4966e-06,-1.8717
1.4967e-06,-1.8892
1.4968e-06,-1.9414
1.4969e-06,-1.9802
1.497e-06,-1.9258
1.4971e-06,-1.9943
1.4972e-06,-1.7554
1.4973e-06,-1.9908
1.4974e-06,-1.9025
1.4975e-06,-2.0726
1.4976e-06,-2.1024
1.4977e-06,-1.9964
1.4978e-06,-2.0092
1.4979e-06,-2.2044
1.498e-06,-2.1978
1.4981e-06,-2.014
1.4982e-06,-2.1475
1.4983e-06,-2.0044
1.4984e-06,-2.0667
1.4985e-06,-2.1227
1.4986e-06,-2.1754
1.4987e-06,-2.129
1.4988e-06,-2.1551
1.4989e-06,-2.0266
1.499e-06,-2.2996
1.4991e-06,-2.2826
1.4992e-06,-2.0871
1.4993e-06,-2.3978
1.4994e-06,-2.3313
1.4995e-06,-2.3427
1.4996e-06,-2.3376
1.4997e-06,-2.1061
1.4998e-06,-2.2251
1.4999e-06,-2.1068
1.5e-06,-2.4592
1.5001e-06,-2.2881
1.5002e-06,-2.3977
1.5003e-06,-2.3224
1.5004e-06,-2.5619
1.5005e-06,-2.4324
1.5006e-06,-2.3166
1.5007e-06,-2.5628
1.5008e-06,-2.43
1.5009e-06,-2.4319
1.501e-06,-2.455
1.5011e-06,-2.4076
1.5012e-06,-2.4442
1.5013e-06,-2.4301
1.5014e-06,-2.5545
1.5015e-06,-2.4722
1.5016e-06,-2.4197
1.5017e-06,-2.6132
1.5018e-06,-2.6823
1.5019e-06,-2.5468
1.502e-06,-2.7809
1.5021e-06,-2.6287
1.5022e-06,-2.8204
1.5023e-06,-2.8731
1.5024e-06,-2.6887
1.5025e-06,-2.8814
1.5026e-06,-2.7182
1.5027e-06,-2.5748
1.5028e-06,-2.7214
1.5029e-06,-2.6216
1.503e-06,-2.7839
1.5031e-06,-2.5615
1.5032e-06,-2.8206
1.5033e-06,-2.8191
1.5034e-06,-2.6632
1.5035e-06,-2.8155
1.5036e-06,-2.7804
1.5037e-06,-2.8228
1.5038e-06,-2.9486
1.5039e-06,-3.0614
1.504e-06,-3.0209
1.5041e-06,-2.9832
1.5042e-06,-2.8465
1.5043e-06,-2.9648
1.5044e-06,-3.0331
1.5045e-06,-2.8701
1.5046e-06,-2.9176
1.5047e-06,-3.0174
1.5048e-06,-2.9417
1.5049e-06,-2.8653
1.505e-06,-2.9164
1.5051e-06,-3.06
1.5052e-06,-2.9434
1.5053e-06,-3.0226
1.5054e-06,-3.1473
1.5055e-06,-3.2425
1.5056e-06,-3.2754
1.5057e-06,-3.2448
1.5058e-06,-3.2498
1.5059e-06,-3.0735
1.506e-06,-3.2627
1.5061e-06,-3.2976
1.5062e-06,-3.0985
1.5063e-06,-3.2947
1.5064e-06,-3.3768
1.5065e-06,-2.9875
1.5066e-06,-3.2812
1.5067e-06,-3.2437
1.5068e-06,-3.4498
1.5069e-06,-3.252
1.507e-06,-3.3123
1.5071e-06,-3.2529
1.5072e-06,-3.3482
1.5073e-06,-3.2919
1.5074e-06,-3.3983
1.5075e-06,-3.6067
1.5076e-06,-3.4406
1.5077e-06,-3.469
1.5078e-06,-3.4678
1.5079e-06,-3.5328
1.508e-06,-3.4082
1.5081e-06,-3.5896
1.5082e-06,-3.5434
1.5083e-06,-3.5138
1.5084e-06,-3.6202
1.5085e-06,-3.5378
1.5086e-06,-3.6788
1.5087e-06,-3.5193
1.5088e-06,-3.5545
1.5089e-06,-3.8026
1.509e-06,-3.7734
1.5091e-06,-3.7147
1.5092e-06,-3.7777
1.5093e-06,-3.7421
1.5094e-06,-3.7062
1.5095e-06,-3.6702
1.5096e-06,-3.5056
1.5097e-06,-3.6222
1.5098e-06,-3.7004
1.5099e-06,-3.9069
1.51e-06,-3.9633
1.5101e-06,-3.8191
1.5102e-06,-3.8769
1.5103e-06,-3.9232
1.5104e-06,-3.9845
1.5105e-06,-3.9493
1.5106e-06,-3.9165
1.5107e-06,-3.8438
1.5108e-06,-3.9653
1.5109e-06,-4.0149
1.511e-06,-3.8876
1.5111e-06,-3.9348
1.5112e-06,-4.0038
1.5113e-06,-4.2706
1.5114e-06,-4.1801
1.5115e-06,-4.0757
1.5116e-06,-4.1213
1.5117e-06,-4.3226
1.5118e-06,-4.2611
1.5119e-06,-4.3045
1.512e-06,-4.234
1.5121e-06,-4.2354
1.5122e-06,-4.2995
1.5123e-06,-4.0605
1.5124e-06,-4.2009
1.5125e-06,-4.3679
1.5126e-06,-4.3235
1.5127e-06,-4.1622
1.5128e-06,-4.2317
1.5129e-06,-4.3523
1.513e-06,-4.1906
1.5131e-06,-4.3218
1.5132e-06,-4.3438
1.5133e-06,-4.1832
1.5134e-06,-4.355
1.5135e-06,-4.6631
1.5136e-06,-4.5416
1.5137e-06,-4.5963
1.5138e-06,-4.5369
1.5139e-06,-4.5148
1.514e-06,-4.5321
1.5141e-06,-4.7956
1.5142e-06,-4.5354
1.5143e-06,-4.5259
1.5144e-06,-4.4841
1.5145e-06,-4.5943
1.5146e-06,-4.755
1.5147e-06,-4.7396
1.5148e-06,-4.5295
1.5149e-06,-4.67
1.515e-06,-4.851
1.5151e-06,-4.8143
1.5152e-06,-4.6828
1.5153e-06,-4.9164
1.5154e-06,-4.8309
1.5155e-06,-4.8262
1.5156e-06,-4.881
1.5157e-06,-4.774
1.5158e-06,-4.7903
1.5159e-06,-4.7991
1.516e-06,-4.8958
1.5161e-06,-4.8304
1.5162e-06,-4.8314
1.5163e-06,-5.2164
1.5164e-06,-4.8962
1.5165e-06,-4.9688
1.5166e-06,-4.9411
1.5167e-06,-5.1523
1.5168e-06,-5.0158
1.5169e-06,-5.122
1.517e-06,-5.2678
1.5171e-06,-4.9995
1.5172e-06,-5.4194
1.5173e-06,-4.9747
1.5174e-06,-5.119
1.5175e-06,-5.1496
1.5176e-06,-5.1836
1.5177e-06,-4.9849
1.5178e-06,-5.0601
1.5179e-06,-5.2074
1.518e-06,-5.3285
1.5181e-06,-5.3979
1.5182e-06,-5.2649
1.5183e-06,-5.2988
1.5184e-06,-5.2661
1.5185e-06,-5.5594
1.5186e-06,-5.6166
1.5187e-06,-5.4114
1.5188e-06,-5.4499
1.5189e-06,-5.4325
1.519e-06,-5.4952
1.5191e-06,-5.434
1.5192e-06,-5.2404
1.5193e-06,-5.5731
1.5194e-06,-5.5741
1.5195e-06,-5.4555
1.5196e-06,-5.5498
1.5197e-06,-5.528
1.5198e-06,-5.5242
1.5199e-06,-5.5551
1.52e-06,-5.5167
1.5201e-06,-5.8399
1.5202e-06,-5.6103
1.5203e-06,-5.6255
1.5204e-06,-5.6351
1.5205e-06,-5.6118
1.5206e-06,-5.58
1.5207e-06,-5.7255
1.5208e-06,-5.834
1.5209e-06,-5.7693
1.521e-06,-5.9973
1.5211e-06,-5.8837
1.5212e-06,-5.7815
1.5213e-06,-6.0413
1.5214e-06,-5.947
1.5215e-06,-5.8179
1.5216e-06,-5.8893
1.5217e-06,-5.8638
1.5218e-06,-5.9513
1.5219e-06,-5.9043
1.522e-06,-6.041
1.5221e-06,-6.0485
1.5222e-06,-6.0402
1.5223e-06,-5.9309
1.5224e-06,-6.0692
1.5225e-06,-6.0792
1.5226e-06,-6.0767
1.5227e-06,-6.2016
1.5228e-06,-6.3721
1.5229e-06,-6.1755
1.523e-06,-6.0631
1.5231e-06,-6.3593
1.5232e-06,-6.2095
1.5233e-06,-6.2153
1.5234e-06,-6.353
1.5235e-06,-6.3911
1.5236e-06,-6.0652
1.5237e-06,-6.3663
1.5238e-06,-6.3285
1.5239e-06,-6.433
1.524e-06,-6.3383
1.5241e-06,-6.501
1.5242e-06,-6.4973
1.5243e-06,-6.5935
1.5244e-06,-6.6229
1.5245e-06,-6.6837
1.5246e-06,-6.4968
1.5247e-06,-6.4857
1.5248e-06,-6.5789
1.5249e-06,-6.543
1.525e-06,-6.6384
1.5251e-06,-6.5607
1.5252e-06,-6.871
1.5253e-06,-6.6901
1.5254e-06,-6.7542
1.5255e-06,-6.8204
1.5256e-06,-6.7337
1.5257e-06,-6.7797
1.5258e-06,-6.9179
1.5259e-06,-6.9919
1.526e-06,-6.7985
1.5261e-06,-6.9918
1.5262e-06,-6.8847
1.5263e-06,-6.8661
1.5264e-06,-7.1024
1.5265e-06,-7.0152
1.5266e-06,-7.0996
1.5267e-06,-7.2534
1.5268e-06,-7.0328
1.5269e-06,-6.961
1.527e-06,-6.7685
1.5271e-06,-6.9423
1.5272e-06,-7.1858
1.5273e-06,-7.125
1.5274e-06,-7.3258
1.5275e-06,-7.1315
1.5276e-06,-7.2479
1.5277e-06,-7.12
1.5278e-06,-7.2797
1.5279e-06,-7.202
1.528e-06,-7.2835
1.5281e-06,-7.3981
1.5282e-06,-7.4977
1.5283e-06,-7.3601
1.5284e-06,-7.2183
1.5285e-06,-7.473
1.5286e-06,-7.4487
1.5287e-06,-7.3915
1.5288e-06,-7.373
1.5289e-06,-7.3892
1.529e-06,-7.4807
1.5291e-06,-7.3657
1.5292e-06,-7.5115
1.5293e-06,-7.5943
1.5294e-06,-7.714
1.5295e-06,-7.4982
1.5296e-06,-7.5967
1.5297e-06,-7.574
1.5298e-06,-7.6304
1.5299e-06,-7.6863
1.53e-06,-7.6886
1.5301e-06,-7.8612
1.5302e-06,-7.8514
1.5303e-06,-7.6564
1.5304e-06,-7.9602
1.5305e-06,-7.8827
1.5306e-06,-8.0038
1.5307e-06,-7.7575
1.5308e-06,-7.8965
1.5309e-06,-7.9788
1.531e-06,-7.8811
1.5311e-06,-7.9924
1.5312e-06,-8.0372
1.5313e-06,-8.2961
1.5314e-06,-8.1714
1.5315e-06,-8.0843
1.5316e-06,-8.0359
1.5317e-06,-8.1785
1.5318e-06,-8.0247
1.5319e-06,-8.3112
1.532e-06,-8.1597
1.5321e-06,-8.1651
1.5322e-06,-8.2046
1.5323e-06,-8.0014
1.5324e-06,-8.2701
1.5325e-06,-8.426
1.5326e-06,-8.0234
1.5327e-06,-8.3991
1.5328e-06,-8.3536
1.5329e-06,-8.5007
1.533e-06,-8.4777
1.5331e-06,-8.5483
1.5332e-06,-8.2485
1.5333e-06,-8.6358
1.5334e-06,-8.5849
1.5335e-06,-8.6371
1.5336e-06,-8.5621
1.5337e-06,-8.7469
1.5338e-06,-8.5964
1.5339e-06,-8.7226
1.534e-06,-8.6409
1.5341e-06,-8.7281
1.5342e-06,-8.711
1.5343e-06,-8.6883
1.5344e-06,-9.068
1.5345e-06,-8.7671
1.5346e-06,-8.9461
1.5347e-06,-8.793
1.5348e-06,-8.8661
1.5349e-06,-8.9734
1.535e-06,-8.9407
1.5351e-06,-8.7725
1.5352e-06,-8.8797
1.5353e-06,-8.8631
1.5354e-06,-9.1043
1.5355e-06,-8.9232
1.5356e-06,-8.8942
1.5357e-06,-9.1068
1.5358e-06,-9.1014
1.5359e-06,-9.1769
1.536e-06,-9.08
1.5361e-06,-8.9965
1.5362e-06,-9.3553
1.5363e-06,-9.2018
1.5364e-06,-9.1734
1.5365e-06,-9.1839
1.5366e-06,-9.2882
1.5367e-06,-9.5282
1.5368e-06,-9.3686
1.5369e-06,-9.441
1.537e-06,-9.292
1.5371e-06,-9.4104
1.5372e-06,-9.5333
1.5373e-06,-9.4967
1.5374e-06,-9.4829
1.5375e-06,-9.7058
1.5376e-06,-9.4663
1.5377e-06,-9.614
1.5378e-06,-9.5395
1.5379e-06,-9.7079
1.538e-06,-9.68
1.5381e-06,-9.6721
1.5382e-06,-9.5337
1.5383e-06,-9.6011
1.5384e-06,-9.9242
1.5385e-06,-9.7246
1.5386e-06,-9.7424
1.5387e-06,-9.9668
1.5388e-06,-9.7778
1.5389e-06,-10.008
1.539e-06,-9.9539
1.5391e-06,-9.9823
1.5392e-06,-10.032
1.5393e-06,-9.9415
1.5394e-06,-9.9225
1.5395e-06,-10.102
1.5396e-06,-10.028
1.5397e-06,-9.8145
1.5398e-06,-9.9877
1.5399e-06,-10.202
1.54e-06,-10.038
1.5401e-06,-10.283
1.5402e-06,-10.273
1.5403e-06,-10.187
1.5404e-06,-10.198
1.5405e-06,-10.4
1.5406e-06,-10.317
1.5407e-06,-10.585
1.5408e-06,-10.29
1.5409e-06,-10.345
1.541e-06,-10.409
1.5411e-06,-10.491
1.5412e-06,-10.503
1.5413e-06,-10.395
1.5414e-06,-10.504
1.5415e-06,-10.499
1.5416e-06,-10.723
1.5417e-06,-10.56
1.5418e-06,-10.689
1.5419e-06,-10.506
1.542e-06,-10.546
1.5421e-06,-10.73
1.5422e-06,-10.73
1.5423e-06,-10.941
1.5424e-06,-10.908
1.5425e-06,-10.989
1.5426e-06,-10.895
1.5427e-06,-10.891
1.5428e-06,-10.951
1.5429e-06,-10.892
1.543e-06,-10.974
1.5431e-06,-11.02
1.5432e-06,-11.018
1.5433e-06,-11.053
1.5434e-06,-11.239
1.5435e-06,-11.185
1.5436e-06,-11.315
1.5437e-06,-11.105
1.5438e-06,-11.15
1.5439e-06,-11.217
1.544e-06,-11.178
1.5441e-06,-11.249
1.5442e-06,-11.253
1.5443e-06,-11.283
1.5444e-06,-11.461
1.5445e-06,-11.478
1.5446e-06,-11.409
1.5447e-06,-11.368
1.5448e-06,-11.481
1.5449e-06,-11.619
1.545e-06,-11.663
1.5451e-06,-11.424
1.5452e-06,-11.649
1.5453e-06,-11.685
1.5454e-06,-11.837
1.5455e-06,-12.014
1.5456e-06,-11.738
1.5457e-06,-11.841
1.5458e-06,-11.69
1.5459e-06,-11.8
1.546e-06,-11.744
1.5461e-06,-11.95
1.5462e-06,-11.63
1.5463e-06,-11.69
1.5464e-06,-11.89
1.5465e-06,-12.042
1.5466e-06,-11.956
1.5467e-06,-12.081
1.5468e-06,-12.127
1.5469e-06,-11.959
1.547e-06,-11.983
1.5471e-06,-11.851
1.5472e-06,-12.074
1.5473e-06,-12.14
1.5474e-06,-12.105
1.5475e-06,-12.195
1.5476e-06,-12.125
1.5477e-06,-12.373
1.5478e-06,-12.146
1.5479e-06,-12.324
1.548e-06,-12.288
1.5481e-06,-12.333
1.5482e-06,-12.41
1.5483e-06,-12.46
1.5484e-06,-12.457
1.5485e-06,-12.391
1.5486e-06,-12.623
1.5487e-06,-12.427
1.5488e-06,-12.503
1.5489e-06,-12.657
1.549e-06,-12.405
1.5491e-06,-12.458
1.5492e-06,-12.537
1.5493e-06,-12.607
1.5494e-06,-12.579
1.5495e-06,-12.546
1.5496e-06,-12.844
1.5497e-06,-12.632
1.5498e-06,-12.84
1.5499e-06,-12.78
1.55e-06,-12.797
1.5501e-06,-12.759
1.5502e-06,-12.784
1.5503e-06,-12.815
1.5504e-06,-12.931
1.5505e-06,-12.879
1.5506e-06,-12.884
1.5507e-06,-13.066
1.5508e-06,-13.228
1.5509e-06,-13.051
1.551e-06,-12.893
1.5511e-06,-13.126
1.5512e-06,-13.005
1.5513e-06,-13.045
1.5514e-06,-13.003
1.5515e-06,-12.933
1.5516e-06,-13.199
1.5517e-06,-13.381
1.5518e-06,-12.9
1.5519e-06,-13.166
1.552e-06,-13.278
1.5521e-06,-13.205
1.5522e-06,-13.34
1.5523e-06,-13.36
1.5524e-06,-13.393
1.5525e-06,-13.333
1.5526e-06,-13.36
1.5527e-06,-13.462
1.5528e-06,-13.427
1.5529e-06,-13.404
1.553e-06,-13.514
1.5531e-06,-13.588
1.5532e-06,-13.467
1.5533e-06,-13.46
1.5534e-06,-13.551
1.5535e-06,-13.48
1.5536e-06,-13.696
1.5537e-06,-13.44
1.5538e-06,-13.672
1.5539e-06,-13.687
1.554e-06,-13.81
1.5541e-06,-13.824
1.5542e-06,-13.764
1.5543e-06,-13.663
1.5544e-06,-13.582
1.5545e-06,-13.876
1.5546e-06,-13.803
1.5547e-06,-13.759
1.5548e-06,-13.693
1.5549e-06,-13.908
1.555e-06,-13.67
1.5551e-06,-14.059
1.5552e-06,-14.067
1.5553e-06,-13.866
1.5554e-06,-13.931
1.5555e-06,-13.846
1.5556e-06,-14.28
1.5557e-06,-14.128
1.5558e-06,-13.894
1.5559e-06,-14.334
1.556e-06,-13.801
1.5561e-06,-13.798
1.5562e-06,-14.001
1.5563e-06,-14.029
1.5564e-06,-13.851
1.5565e-06,-14.117
1.5566e-06,-14.114
1.5567e-06,-13.965
1.5568e-06,-14.181
1.5569e-06,-14.253
1.557e-06,-14.037
1.5571e-06,-14.132
1.5572e-06,-14.2
1.5573e-06,-14.156
1.5574e-06,-14.024
1.5575e-06,-14.139
1.5576e-06,-14.263
1.5577e-06,-14.237
1.5578e-06,-14.31
1.5579e-06,-14.232
1.558e-06,-14.194
1.5581e-06,-14.383
1.5582e-06,-14.296
1.5583e-06,-14.229
1.5584e-06,-14.325
1.5585e-06,-14.302
1.5586e-06,-14.371
1.5587e-06,-14.299
1.5588e-06,-14.353
1.5589e-06,-14.371
1.559e-06,-14.289
1.5591e-06,-14.326
1.5592e-06,-14.298
1.5593e-06,-14.3
1.5594e-06,-14.245
1.5595e-06,-14.447
1.5596e-06,-14.356
1.5597e-06,-14.233
1.5598e-06,-14.231
1.5599e-06,-14.437
1.56e-06,-14.136
1.5601e-06,-14.311
1.5602e-06,-14.333
1.5603e-06,-14.378
1.5604e-06,-14.318
1.5605e-06,-14.308
1.5606e-06,-14.393
1.5607e-06,-14.365
1.5608e-06,-14.374
1.5609e-06,-14.486
1.561e-06,-14.309
1.5611e-06,-14.362
1.5612e-06,-14.218
1.5613e-06,-14.229
1.5614e-06,-14.331
1.5615e-06,-14.426
1.5616e-06,-14.477
1.5617e-06,-14.413
1.5618e-06,-14.621
1.5619e-06,-14.354
1.562e-06,-14.498
1.5621e-06,-14.24
1.5622e-06,-14.423
1.5623e-06,-14.354
1.5624e-06,-14.451
1.5625e-06,-14.286
1.5626e-06,-14.277
1.5627e-06,-14.419
1.5628e-06,-14.362
1.5629e-06,-14.445
1.563e-06,-14.391
1.5631e-06,-14.502
1.5632e-06,-14.417
1.5633e-06,-14.359
1.5634e-06,-14.164
1.5635e-06,-14.29
1.5636e-06,-14.375
1.5637e-06,-14.373
1.5638e-06,-14.358
1.5639e-06,-14.297
1.564e-06,-14.119
1.5641e-06,-14.216
1.5642e-06,-14.107
1.5643e-06,-14.333
1.5644e-06,-14.425
1.5645e-06,-14.475
1.5646e-06,-14.371
1.5647e-06,-14.392
1.5648e-06,-14.272
1.5649e-06,-14.093
1.565e-06,-14.089
1.5651e-06,-14.111
1.5652e-06,-14.08
1.5653e-06,-14.27
1.5654e-06,-14.195
1.5655e-06,-14.032
1.5656e-06,-14.335
1.5657e-06,-14.295
1.5658e-06,-13.98
1.5659e-06,-14.377
1.566e-06,-14.089
1.5661e-06,-14.005
1.5662e-06,-13.924
1.5663e-06,-13.952
1.5664e-06,-13.921
1.5665e-06,-14.277
1.5666e-06,-13.945
1.5667e-06,-13.941
1.5668e-06,-13.877
1.5669e-06,-14
1.567e-06,-14.086
1.5671e-06,-13.838
1.5672e-06,-13.966
1.5673e-06,-13.969
1.5674e-06,-13.567
1.5675e-06,-13.864
1.5676e-06,-13.982
1.5677e-06,-13.778
1.5678e-06,-13.893
1.5679e-06,-13.723
1.568e-06,-13.508
1.5681e-06,-13.725
1.5682e-06,-13.624
1.5683e-06,-13.845
1.5684e-06,-13.701
1.5685e-06,-13.663
1.5686e-06,-13.822
1.5687e-06,-13.727
1.5688e-06,-13.608
1.5689e-06,-13.619
1.569e-06,-13.541
1.5691e-06,-13.641
1.5692e-06,-13.59
1.5693e-06,-13.566
1.5694e-06,-13.521
1.5695e-06,-13.718
1.5696e-06,-13.412
1.5697e-06,-13.589
1.5698e-06,-13.278
1.5699e-06,-13.465
1.57e-06,-13.377
1.5701e-06,-13.419
1.5702e-06,-13.204
1.5703e-06,-13.535
1.5704e-06,-13.332
1.5705e-06,-13.495
1.5706e-06,-13.428
1.5707e-06,-13.233
1.5708e-06,-13.386
1.5709e-06,-13.21
1.571e-06,-13.233
1.5711e-06,-13.322
1.5712e-06,-13.175
1.5713e-06,-13.062
1.5714e-06,-13.344
1.5715e-06,-13.364
1.5716e-06,-13.052
1.5717e-06,-13.239
1.5718e-06,-13.201
1.5719e-06,-13.279
1.572e-06,-12.906
1.5721e-06,-13.06
1.5722e-06,-13.125
1.5723e-06,-12.798
1.5724e-06,-13.051
1.5725e-06,-12.965
1.5726e-06,-12.9
1.5727e-06,-12.764
1.5728e-06,-13.018
1.5729e-06,-12.817
1.573e-06,-12.843
1.5731e-06,-12.994
1.5732e-06,-12.731
1.5733e-06,-12.772
1.5734e-06,-12.868
1.5735e-06,-12.802
1.5736e-06,-12.735
1.5737e-06,-12.443
1.5738e-06,-12.57
1.5739e-06,-12.686
1.574e-06,-12.494
1.5741e-06,-12.44
1.5742e-06,-12.649
1.5743e-06,-12.364
1.5744e-06,-12.472
1.5745e-06,-12.605
1.5746e-06,-12.507
1.5747e-06,-12.51
1.5748e-06,-12.439
1.5749e-06,-12.419
1.575e-06,-12.51
1.5751e-06,-12.318
1.5752e-06,-12.257
1.5753e-06,-12.262
1.5754e-06,-12.492
1.5755e-06,-12.374
1.5756e-06,-12.251
1.5757e-06,-12.354
1.5758e-06,-12.399
1.5759e-06,-11.902
1.576e-06,-11.972
1.5761e-06,-12.199
1.5762e-06,-12.012
1.5763e-06,-11.976
1.5764e-06,-12.05
1.5765e-06,-11.967
1.5766e-06,-11.985
1.5767e-06,-12.049
1.5768e-06,-11.936
1.5769e-06,-11.903
1.577e-06,-11.94
1.5771e-06,-11.863
1.5772e-06,-11.808
1.5773e-06,-11.873
1.5774e-06,-11.771
1.5775e-06,-11.859
1.5776e-06,-11.815
1.5777e-06,-11.626
1.5778e-06,-11.622
1.5779e-06,-11.682
1.578e-06,-11.68
1.5781e-06,-11.56
1.5782e-06,-11.535
1.5783e-06,-11.503
1.5784e-06,-11.523
1.5785e-06,-11.493
1.5786e-06,-11.508
1.5787e-06,-11.622
1.5788e-06,-11.213
1.5789e-06,-11.478
1.579e-06,-11.416
1.5791e-06,-11.096
1.5792e-06,-11.307
1.5793e-06,-11.419
1.5794e-06,-11.119
1.5795e-06,-11.095
1.5796e-06,-11.193
1.5797e-06,-11.27
1.5798e-06,-11.378
1.5799e-06,-11.198
1.58e-06,-11.154
1.5801e-06,-11.106
1.5802e-06,-11.155
1.5803e-06,-11.038
1.5804e-06,-10.932
1.5805e-06,-11.066
1.5806e-06,-11.135
1.5807e-06,-11.054
1.5808e-06,-11.153
1.5809e-06,-10.914
1.581e-06,-10.858
1.5811e-06,-10.849
1.5812e-06,-10.974
1.5813e-06,-10.891
1.5814e-06,-10.998
1.5815e-06,-10.964
1.5816e-06,-10.669
1.5817e-06,-10.699
1.5818e-06,-10.664
1.5819e-06,-10.903
1.582e-06,-10.696
1.5821e-06,-10.635
1.5822e-06,-10.78
1.5823e-06,-10.675
1.5824e-06,-10.45
1.5825e-06,-10.75
1.5826e-06,-10.641
1.5827e-06,-10.565
1.5828e-06,-10.411
1.5829e-06,-10.36
1.583e-06,-10.409
1.5831e-06,-10.4
1.5832e-06,-10.471
1.5833e-06,-10.578
1.5834e-06,-10.552
1.5835e-06,-10.299
1.5836e-06,-10.399
1.5837e-06,-10.398
1.5838e-06,-10.272
1.5839e-06,-10.24
1.584e-06,-10.269
1.5841e-06,-10.431
1.5842e-06,-10.071
1.5843e-06,-10.198
1.5844e-06,-10.077
1.5845e-06,-10.024
1.5846e-06,-10.254
1.5847e-06,-10.077
1.5848e-06,-10.081
1.5849e-06,-9.8361
1.585e-06,-10.071
1.5851e-06,-9.9958
1.5852e-06,-10.107
1.5853e-06,-9.9104
1.5854e-06,-10.19
1.5855e-06,-10.14
1.5856e-06,-10.016
1.5857e-06,-9.9734
1.5858e-06,-9.888
1.5859e-06,-9.9074
1.586e-06,-9.6962
1.5861e-06,-9.71
1.5862e-06,-9.7971
1.5863e-06,-9.7758
1.5864e-06,-9.7247
1.5865e-06,-9.7035
1.5866e-06,-9.6886
1.5867e-06,-9.6525
1.5868e-06,-9.688
1.5869e-06,-9.6535
1.587e-06,-9.7761
1.5871e-06,-9.7159
1.5872e-06,-9.4992
1.5873e-06,-9.3283
1.5874e-06,-9.3959
1.5875e-06,-9.53
1.5876e-06,-9.6884
1.5877e-06,-9.591
1.5878e-06,-9.5257
1.5879e-06,-9.5235
1.588e-06,-9.3082
1.5881e-06,-9.2758
1.5882e-06,-9.3342
1.5883e-06,-9.2544
1.5884e-06,-9.1373
1.5885e-06,-9.3307
1.5886e-06,-9.1441
1.5887e-06,-9.2553
1.5888e-06,-9.2255
1.5889e-06,-9.221
1.589e-06,-9.2913
1.5891e-06,-9.0421
1.5892e-06,-9.3339
1.5893e-06,-8.762
1.5894e-06,-9.1443
1.5895e-06,-9.304
1.5896e-06,-9.1571
1.5897e-06,-9.0115
1.5898e-06,-8.835
1.5899e-06,-8.9159
1.59e-06,-8.818
1.5901e-06,-9.0977
1.5902e-06,-8.7984
1.5903e-06,-8.9562
1.5904e-06,-8.8025
1.5905e-06,-8.8384
1.5906e-06,-8.7192
1.5907e-06,-8.6927
1.5908e-06,-8.9025
1.5909e-06,-8.881
1.591e-06,-8.8376
1.5911e-06,-8.7528
1.5912e-06,-8.8561
1.5913e-06,-8.5726
1.5914e-06,-8.8588
1.5915e-06,-8.8076
1.5916e-06,-8.6568
1.5917e-06,-8.7727
1.5918e-06,-8.5403
1.5919e-06,-8.5225
1.592e-06,-8.3869
1.5921e-06,-8.6848
1.5922e-06,-8.5281
1.5923e-06,-8.4836
1.5924e-06,-8.6084
1.5925e-06,-8.388
1.5926e-06,-8.3788
1.5927e-06,-8.5621
1.5928e-06,-8.3624
1.5929e-06,-8.5791
1.593e-06,-8.4844
1.5931e-06,-8.1676
1.5932e-06,-8.482
1.5933e-06,-8.434
1.5934e-06,-8.2056
1.5935e-06,-8.1311
1.5936e-06,-8.3949
1.5937e-06,-8.4084
1.5938e-06,-8.2575
1.5939e-06,-8.3513
1.594e-06,-8.1325
1.5941e-06,-7.9863
1.5942e-06,-8.2193
1.5943e-06,-8.0543
1.5944e-06,-8.0441
1.5945e-06,-8.0731
1.5946e-06,-8.2783
1.5947e-06,-8.0454
1.5948e-06,-7.9224
1.5949e-06,-8.0517
1.595e-06,-7.9163
1.5951e-06,-8.0041
1.5952e-06,-7.8342
1.5953e-06,-7.9407
1.5954e-06,-8.0301
1.5955e-06,-7.7774
1.5956e-06,-7.9105
1.5957e-06,-8.0034
1.5958e-06,-8.009
1.5959e-06,-7.733
1.596e-06,-7.8726
1.5961e-06,-7.7235
1.5962e-06,-7.5921
1.5963e-06,-7.7472
1.5964e-06,-7.9556
1.5965e-06,-7.6514
1.5966e-06,-7.4917
1.5967e-06,-7.7302
1.5968e-06,-7.5919
1.5969e-06,-7.7086
1.597e-06,-7.5272
1.5971e-06,-7.6525
1.5972e-06,-7.6224
1.5973e-06,-7.5278
1.5974e-06,-7.2463
1.5975e-06,-7.3663
1.5976e-06,-7.5809
1.5977e-06,-7.4609
1.5978e-06,-7.4597
1.5979e-06,-7.6597
1.598e-06,-7.4762
1.5981e-06,-7.5589
1.5982e-06,-7.6026
1.5983e-06,-7.5182
1.5984e-06,-7.4038
1.5985e-06,-7.3599
1.5986e-06,-7.5861
1.5987e-06,-7.2152
1.5988e-06,-7.3418
1.5989e-06,-7.5391
1.599e-06,-7.3352
1.5991e-06,-7.1837
1.5992e-06,-7.1077
1.5993e-06,-7.0853
1.5994e-06,-7.3549
1.5995e-06,-7.0944
1.5996e-06,-7.2498
1.5997e-06,-7.1168
1.5998e-06,-7.0972
1.5999e-06,-7.1444
1.6e-06,-7.1358
1.6001e-06,-7.155
1.6002e-06,-7.3592
1.6003e-06,-7.1472
1.6004e-06,-7.0801
1.6005e-06,-6.862
1.6006e-06,-7.2109
1.6007e-06,-6.8996
1.6008e-06,-7.1641
1.6009e-06,-7.1691
1.601e-06,-6.9395
1.6011e-06,-7.2596
1.6012e-06,-7.1648
1.6013e-06,-6.9112
1.6014e-06,-6.9184
1.6015e-06,-6.7415
1.6016e-06,-6.6615
1.6017e-06,-6.8219
1.6018e-06,-6.8816
1.6019e-06,-6.735
1.602e-06,-6.8362
1.6021e-06,-6.9255
1.6022e-06,-6.8309
1.6023e-06,-6.7541
1.6024e-06,-6.767
1.6025e-06,-6.7293
1.6026e-06,-6.818
1.6027e-06,-6.7397
1.6028e-06,-6.7007
1.6029e-06,-6.7254
1.603e-06,-6.8531
1.6031e-06,-6.6474
1.6032e-06,-6.4752
1.6033e-06,-6.6399
1.6034e-06,-6.6626
1.6035e-06,-6.6009
1.6036e-06,-6.5466
1.6037e-06,-6.3706
1.6038e-06,-6.3744
1.6039e-06,-6.6674
1.604e-06,-6.4375
1.6041e-06,-6.4214
1.6042e-06,-6.2834
1.6043e-06,-6.3118
1.6044e-06,-6.3585
1.6045e-06,-6.643
1.6046e-06,-6.3888
1.6047e-06,-6.4313
1.6048e-06,-6.3449
1.6049e-06,-6.3766
1.605e-06,-6.1455
1.6051e-06,-6.1195
1.6052e-06,-6.2863
1.6053e-06,-6.3728
1.6054e-06,-6.494
1.6055e-06,-6.3286
1.6056e-06,-6.1413
1.6057e-06,-6.0505
1.6058e-06,-6.1567
1.6059e-06,-6.1903
1.606e-06,-6.3356
1.6061e-06,-6.1686
1.6062e-06,-6.2539
1.6063e-06,-6.1818
1.6064e-06,-6.117
1.6065e-06,-6.1132
1.6066e-06,-6.0294
1.6067e-06,-5.932
1.6068e-06,-5.9645
1.6069e-06,-5.8227
1.607e-06,-5.9907
1.6071e-06,-6.0483
1.6072e-06,-5.7466
1.6073e-06,-6.0284
1.6074e-06,-5.8952
1.6075e-06,-6.0909
1.6076e-06,-6.1087
1.6077e-06,-6.005
1.6078e-06,-5.8788
1.6079e-06,-5.8378
1.608e-06,-5.7847
1.6081e-06,-5.8424
1.6082e-06,-6.0197
1.6083e-06,-5.8709
1.6084e-06,-5.77
1.6085e-06,-5.5616
1.6086e-06,-5.9006
1.6087e-06,-5.6267
1.6088e-06,-5.8634
1.6089e-06,-5.8147
1.609e-06,-5.8904
1.6091e-06,-5.5601
1.6092e-06,-5.6815
1.6093e-06,-5.663
1.6094e-06,-5.6804
1.6095e-06,-5.8596
1.6096e-06,-5.7028
1.6097e-06,-5.5094
1.6098e-06,-5.6055
1.6099e-06,-5.5653
1.61e-06,-5.5775
1.6101e-06,-5.7053
1.6102e-06,-5.4037
1.6103e-06,-5.5359
1.6104e-06,-5.6106
1.6105e-06,-5.5343
1.6106e-06,-5.4396
1.6107e-06,-5.5672
1.6108e-06,-5.5278
1.6109e-06,-5.3421
1.611e-06,-5.449
1.6111e-06,-5.5775
1.6112e-06,-5.3246
1.6113e-06,-5.5424
1.6114e-06,-5.6018
1.6115e-06,-5.5466
1.6116e-06,-5.3983
1.6117e-06,-5.4866
1.6118e-06,-5.4127
1.6119e-06,-5.375
1.612e-06,-5.2466
1.6121e-06,-5.2566
1.6122e-06,-5.3223
1.6123e-06,-5.2152
1.6124e-06,-5.1581
1.6125e-06,-5.2251
1.6126e-06,-5.2358
1.6127e-06,-5.1669
1.6128e-06,-5.3158
1.6129e-06,-5.4909
1.613e-06,-5.0685
1.6131e-06,-4.9493
1.6132e-06,-5.2563
1.6133e-06,-5.0764
1.6134e-06,-5.3208
1.6135e-06,-5.1879
1.6136e-06,-5.0072
1.6137e-06,-5.1358
1.6138e-06,-5.063
1.6139e-06,-5.167
1.614e-06,-5.1062
1.6141e-06,-5.1535
1.6142e-06,-5.0712
1.6143e-06,-4.9349
1.6144e-06,-5.031
1.6145e-06,-5.0737
1.6146e-06,-5.013
1.6147e-06,-4.9077
1.6148e-06,-4.7657
1.6149e-06,-5.0322
1.615e-06,-5.0226
1.6151e-06,-5.0912
1.6152e-06,-4.8377
1.6153e-06,-4.8648
1.6154e-06,-4.6721
1.6155e-06,-4.834
1.6156e-06,-4.7382
1.6157e-06,-4.7492
1.6158e-06,-4.8418
1.6159e-06,-4.9344
1.616e-06,-4.7883
1.6161e-06,-5.0989
1.6162e-06,-4.9785
1.6163e-06,-4.6966
1.6164e-06,-4.8433
1.6165e-06,-4.7523
1.6166e-06,-4.4522
1.6167e-06,-4.8803
1.6168e-06,-4.81
1.6169e-06,-4.7948
1.617e-06,-4.6211
1.6171e-06,-4.8231
1.6172e-06,-4.7391
1.6173e-06,-4.5264
1.6174e-06,-4.8112
1.6175e-06,-4.7763
1.6176e-06,-4.5263
1.6177e-06,-4.5462
1.6178e-06,-4.6839
1.6179e-06,-4.5997
1.618e-06,-4.5661
1.6181e-06,-4.5449
1.6182e-06,-4.4821
1.6183e-06,-4.4993
1.6184e-06,-4.4213
1.6185e-06,-4.5356
1.6186e-06,-4.3494
1.6187e-06,-4.4054
1.6188e-06,-4.4361
1.6189e-06,-4.5007
1.619e-06,-4.3243
1.6191e-06,-4.3897
1.6192e-06,-4.4556
1.6193e-06,-4.3472
1.6194e-06,-4.1142
1.6195e-06,-4.4412
1.6196e-06,-4.3315
1.6197e-06,-4.3593
1.6198e-06,-4.5165
1.6199e-06,-4.4132
1.62e-06,-4.4103
1.6201e-06,-4.521
1.6202e-06,-4.4663
1.6203e-06,-4.308
1.6204e-06,-4.0686
1.6205e-06,-4.5196
1.6206e-06,-4.2105
1.6207e-06,-4.457
1.6208e-06,-4.1184
1.6209e-06,-4.0204
1.621e-06,-4.3293
1.6211e-06,-4.2752
1.6212e-06,-4.0992
1.6213e-06,-4.2765
1.6214e-06,-4.1018
1.6215e-06,-4.1281
1.6216e-06,-4.0093
1.6217e-06,-4.1884
1.6218e-06,-4.0978
1.6219e-06,-4.0999
1.622e-06,-4.1709
1.6221e-06,-4.0988
1.6222e-06,-3.935
1.6223e-06,-4.1697
1.6224e-06,-3.9342
1.6225e-06,-3.9558
1.6226e-06,-4.0959
1.6227e-06,-3.9011
1.6228e-06,-4.0949
1.6229e-06,-4.118
1.623e-06,-3.8653
1.6231e-06,-3.8872
1.6232e-06,-3.9812
1.6233e-06,-3.9851
1.6234e-06,-3.836
1.6235e-06,-3.8235
1.6236e-06,-3.8006
1.6237e-06,-3.9428
1.6238e-06,-4.0321
1.6239e-06,-3.7036
1.624e-06,-3.9937
1.6241e-06,-3.9198
1.6242e-06,-3.942
1.6243e-06,-3.644
1.6244e-06,-3.8536
1.6245e-06,-3.8418
1.6246e-06,-4.0459
1.6247e-06,-3.6394
1.6248e-06,-3.9407
1.6249e-06,-3.9374
1.625e-06,-3.9449
1.6251e-06,-3.7716
1.6252e-06,-3.9954
1.6253e-06,-3.6176
1.6254e-06,-3.852
1.6255e-06,-3.858
1.6256e-06,-3.6768
1.6257e-06,-3.6538
1.6258e-06,-3.5882
1.6259e-06,-3.6162
1.626e-06,-3.6015
1.6261e-06,-3.701
1.6262e-06,-3.4736
1.6263e-06,-3.6312
1.6264e-06,-3.4843
1.6265e-06,-3.4467
1.6266e-06,-3.4577
1.6267e-06,-3.4345
1.6268e-06,-3.3375
1.6269e-06,-3.8004
1.627e-06,-3.1728
1.6271e-06,-3.4822
1.6272e-06,-3.5173
1.6273e-06,-3.4116
1.6274e-06,-3.472
1.6275e-06,-3.7306
1.6276e-06,-3.3527
1.6277e-06,-3.4769
1.6278e-06,-3.4804
1.6279e-06,-3.5307
1.628e-06,-3.3417
1.6281e-06,-3.482
1.6282e-06,-3.172
1.6283e-06,-3.5908
1.6284e-06,-3.5478
1.6285e-06,-3.4809
1.6286e-06,-3.5062
1.6287e-06,-3.2745
1.6288e-06,-3.551
1.6289e-06,-3.2882
1.629e-06,-3.4094
1.6291e-06,-3.495
1.6292e-06,-3.1986
1.6293e-06,-3.3848
1.6294e-06,-3.0856
1.6295e-06,-3.2817
1.6296e-06,-3.1744
1.6297e-06,-3.4819
1.6298e-06,-3.1783
1.6299e-06,-3.4129
1.63e-06,-3.3512
1.6301e-06,-3.0501
1.6302e-06,-3.2702
1.6303e-06,-2.9674
1.6304e-06,-3.3459
1.6305e-06,-3.4288
1.6306e-06,-3.2969
1.6307e-06,-3.0937
1.6308e-06,-3.3596
1.6309e-06,-3.0967
1.631e-06,-3.302
1.6311e-06,-3.014
1.6312e-06,-3.1972
1.6313e-06,-3.0132
1.6314e-06,-3.0973
1.6315e-06,-3.1486
1.6316e-06,-3.347
1.6317e-06,-3.1548
1.6318e-06,-3.037
1.6319e-06,-2.9541
1.632e-06,-3.1756
1.6321e-06,-3.1157
1.6322e-06,-2.9305
1.6323e-06,-2.8981
1.6324e-06,-3.0307
1.6325e-06,-3.0556
1.6326e-06,-3.231
1.6327e-06,-2.8976
1.6328e-06,-3.0207
1.6329e-06,-2.8896
1.633e-06,-2.726
1.6331e-06,-3.0867
1.6332e-06,-3.1017
1.6333e-06,-3.0482
1.6334e-06,-2.8194
1.6335e-06,-2.6791
1.6336e-06,-2.8021
1.6337e-06,-2.6978
1.6338e-06,-2.6759
1.6339e-06,-3.1146
1.634e-06,-2.9669
1.6341e-06,-2.7256
1.6342e-06,-2.7837
1.6343e-06,-2.8268
1.6344e-06,-2.709
1.6345e-06,-2.8541
1.6346e-06,-2.5924
1.6347e-06,-2.8265
1.6348e-06,-2.7977
1.6349e-06,-2.7941
1.635e-06,-2.7752
1.6351e-06,-2.8818
1.6352e-06,-2.8821
1.6353e-06,-2.6625
1.6354e-06,-2.6329
1.6355e-06,-2.8214
1.6356e-06,-2.7941
1.6357e-06,-2.795
1.6358e-06,-3.0424
1.6359e-06,-2.7277
1.636e-06,-2.6658
1.6361e-06,-2.8775
1.6362e-06,-2.8095
1.6363e-06,-2.5666
1.6364e-06,-2.753
1.6365e-06,-2.4136
1.6366e-06,-2.6949
1.6367e-06,-2.634
1.6368e-06,-2.5291
1.6369e-06,-2.4688
1.637e-06,-2.6262
1.6371e-06,-2.739
1.6372e-06,-2.5134
1.6373e-06,-2.5342
1.6374e-06,-2.4501
1.6375e-06,-2.6665
1.6376e-06,-2.5043
1.6377e-06,-2.5426
1.6378e-06,-2.3514
1.6379e-06,-2.4396
1.638e-06,-2.3819
1.6381e-06,-2.6012
1.6382e-06,-2.5419
1.6383e-06,-2.4438
1.6384e-06,-2.2893
1.6385e-06,-2.2227
1.6386e-06,-2.3033
1.6387e-06,-2.5587
1.6388e-06,-2.3313
1.6389e-06,-2.5603
1.639e-06,-2.3337
1.6391e-06,-2.4914
1.6392e-06,-2.2914
1.6393e-06,-2.4202
1.6394e-06,-2.4142
1.6395e-06,-2.2033
1.6396e-06,-2.1663
1.6397e-06,-2.274
1.6398e-06,-2.4073
1.6399e-06,-2.211
1.64e-06,-2.4343
1.6401e-06,-2.192
1.6402e-06,-2.121
1.6403e-06,-2.2114
1.6404e-06,-2.0913
1.6405e-06,-2.0697
1.6406e-06,-2.2851
1.6407e-06,-2.0975
1.6408e-06,-2.4287
1.6409e-06,-2.2116
1.641e-06,-2.0774
1.6411e-06,-2.0502
1.6412e-06,-1.9965
1.6413e-06,-2.2364
1.6414e-06,-2.1211
1.6415e-06,-2.1602
1.6416e-06,-2.4031
1.6417e-06,-2.0637
1.6418e-06,-2.1102
1.6419e-06,-1.8611
1.642e-06,-2.301
1.6421e-06,-2.288
1.6422e-06,-2.0448
1.6423e-06,-2.1077
1.6424e-06,-2.0643
1.6425e-06,-2.0825
1.6426e-06,-2.1119
1.6427e-06,-2.0463
1.6428e-06,-2.1885
1.6429e-06,-1.8864
1.643e-06,-2.2137
1.6431e-06,-2.2214
1.6432e-06,-2.256
1.6433e-06,-2.0551
1.6434e-06,-2.4538
1.6435e-06,-1.9798
1.6436e-06,-1.9613
1.6437e-06,-1.9266
1.6438e-06,-2.135
1.6439e-06,-2.0184
1.644e-06,-1.8702
1.6441e-06,-2.0194
1.6442e-06,-1.9313
1.6443e-06,-1.756
1.6444e-06,-2.0179
1.6445e-06,-2.0204
1.6446e-06,-1.791
1.6447e-06,-1.976
1.6448e-06,-1.9564
1.6449e-06,-2.2154
1.645e-06,-1.7667
1.6451e-06,-1.788
1.6452e-06,-1.9883
1.6453e-06,-1.8235
1.6454e-06,-1.9158
1.6455e-06,-1.7875
1.6456e-06,-1.9739
1.6457e-06,-1.943
1.6458e-06,-1.7163
1.6459e-06,-1.8613
1.646e-06,-1.7364
1.6461e-06,-1.9296
1.6462e-06,-1.8566
1.6463e-06,-1.9657
1.6464e-06,-1.9356
1.6465e-06,-1.7463
1.6466e-06,-1.8338
1.6467e-06,-1.8386
1.6468e-06,-1.8641
1.6469e-06,-1.6179
1.647e-06,-1.6378
1.6471e-06,-1.7776
1.6472e-06,-1.611
1.6473e-06,-1.4354
1.6474e-06,-1.6942
1.6475e-06,-1.7311
1.6476e-06,-1.6543
1.6477e-06,-1.5654
1.6478e-06,-1.2713
1.6479e-06,-1.6457
1.648e-06,-1.7898
1.6481e-06,-1.5546
1.6482e-06,-1.5391
1.6483e-06,-1.8648
1.6484e-06,-1.5312
1.6485e-06,-1.5083
1.6486e-06,-1.6366
1.6487e-06,-1.5325
1.6488e-06,-1.5845
1.6489e-06,-1.4404
1.649e-06,-1.3921
1.6491e-06,-1.3268
1.6492e-06,-1.4745
1.6493e-06,-1.3978
1.6494e-06,-1.1648
1.6495e-06,-1.3527
1.6496e-06,-1.7018
1.6497e-06,-1.407
1.6498e-06,-1.6194
1.6499e-06,-1.5367
1.65e-06,-1.3299
