1.35e-06,9.4439
1.3501e-06,9.6645
1.3502e-06,9.5697
1.3503e-06,9.6378
1.3504e-06,9.4933
1.3505e-06,9.4646
1.3506e-06,9.5433
1.3507e-06,9.542
1.3508e-06,9.572
1.3509e-06,9.5126
1.351e-06,9.6639
1.3511e-06,9.4365
1.3512e-06,9.5511
1.3513e-06,9.625
1.3514e-06,9.5828
1.3515e-06,9.4844
1.3516e-06,9.478
1.3517e-06,9.5321
1.3518e-06,9.4733
1.3519e-06,9.493
1.352e-06,9.4197
1.3521e-06,9.5218
1.3522e-06,9.5719
1.3523e-06,9.4905
1.3524e-06,9.4351
1.3525e-06,9.4459
1.3526e-06,9.3016
1.3527e-06,9.3663
1.3528e-06,9.4012
1.3529e-06,9.4343
1.353e-06,9.564
1.3531e-06,9.3835
1.3532e-06,9.2463
1.3533e-06,9.3242
1.3534e-06,9.3301
1.3535e-06,9.3892
1.3536e-06,9.4457
1.3537e-06,9.3311
1.3538e-06,9.3097
1.3539e-06,9.2814
1.354e-06,9.4822
1.3541e-06,9.3808
1.3542e-06,9.3335
1.3543e-06,9.3879
1.3544e-06,9.4067
1.3545e-06,9.274
1.3546e-06,9.248
1.3547e-06,9.3698
1.3548e-06,9.4057
1.3549e-06,9.2803
1.355e-06,9.3441
1.3551e-06,9.3565
1.3552e-06,9.3072
1.3553e-06,9.2421
1.3554e-06,9.1619
1.3555e-06,9.302
1.3556e-06,9.3517
1.3557e-06,9.2602
1.3558e-06,9.249
1.3559e-06,9.2992
1.356e-06,9.2083
1.3561e-06,9.2883
1.3562e-06,9.3054
1.3563e-06,9.3071
1.3564e-06,9.213
1.3565e-06,9.4258
1.3566e-06,9.3276
1.3567e-06,9.2562
1.3568e-06,9.3817
1.3569e-06,9.2726
1.357e-06,9.2426
1.3571e-06,9.2789
1.3572e-06,9.1626
1.3573e-06,9.2055
1.3574e-06,9.2115
1.3575e-06,9.2881
1.3576e-06,9.1642
1.3577e-06,9.188
1.3578e-06,9.0968
1.3579e-06,9.2528
1.358e-06,9.2009
1.3581e-06,9.2951
1.3582e-06,9.2383
1.3583e-06,9.2258
1.3584e-06,9.121
1.3585e-06,9.2892
1.3586e-06,9.126
1.3587e-06,9.0452
1.3588e-06,9.2208
1.3589e-06,9.2251
1.359e-06,9.0263
1.3591e-06,9.1923
1.3592e-06,9.1339
1.3593e-06,9.128
1.3594e-06,9.1627
1.3595e-06,9.0528
1.3596e-06,9.103
1.3597e-06,9.1449
1.3598e-06,9.079
1.3599e-06,9.1152
1.36e-06,9.1461
1.3601e-06,8.9795
1.3602e-06,9.0512
1.3603e-06,9.0962
1.3604e-06,9.0537
1.3605e-06,9.0764
1.3606e-06,9.084
1.3607e-06,9.111
1.3608e-06,9.0548
1.3609e-06,9.0711
1.361e-06,9.0059
1.3611e-06,9.029
1.3612e-06,9.003
1.3613e-06,8.9696
1.3614e-06,9.0434
1.3615e-06,8.9193
1.3616e-06,9.0187
1.3617e-06,9.0074
1.3618e-06,9.0166
1.3619e-06,8.9917
1.362e-06,9.028
1.3621e-06,8.9722
1.3622e-06,9.0652
1.3623e-06,8.9894
1.3624e-06,8.9918
1.3625e-06,9.0621
1.3626e-06,8.9863
1.3627e-06,9.0003
1.3628e-06,9.0267
1.3629e-06,8.9462
1.363e-06,9.0614
1.3631e-06,9.0391
1.3632e-06,8.9176
1.3633e-06,8.9502
1.3634e-06,8.9895
1.3635e-06,9.0583
1.3636e-06,8.9401
1.3637e-06,8.9453
1.3638e-06,8.958
1.3639e-06,8.998
1.364e-06,8.8974
1.3641e-06,8.9639
1.3642e-06,9.0819
1.3643e-06,9.0156
1.3644e-06,8.9864
1.3645e-06,8.8933
1.3646e-06,8.7882
1.3647e-06,8.878
1.3648e-06,8.7762
1.3649e-06,8.9491
1.365e-06,8.9555
1.3651e-06,8.9079
1.3652e-06,9.0068
1.3653e-06,8.7968
1.3654e-06,8.9032
1.3655e-06,8.9799
1.3656e-06,8.723
1.3657e-06,8.7633
1.3658e-06,8.8154
1.3659e-06,8.8823
1.366e-06,8.8424
1.3661e-06,8.9127
1.3662e-06,8.8602
1.3663e-06,8.7556
1.3664e-06,8.8639
1.3665e-06,8.862
1.3666e-06,8.8706
1.3667e-06,8.7525
1.3668e-06,8.7572
1.3669e-06,8.7772
1.367e-06,8.839
1.3671e-06,8.7841
1.3672e-06,8.797
1.3673e-06,8.6814
1.3674e-06,8.8668
1.3675e-06,8.7911
1.3676e-06,8.7266
1.3677e-06,8.8494
1.3678e-06,8.7034
1.3679e-06,8.7686
1.368e-06,8.7798
1.3681e-06,8.8572
1.3682e-06,8.8187
1.3683e-06,8.7536
1.3684e-06,8.7681
1.3685e-06,8.7409
1.3686e-06,8.724
1.3687e-06,8.5441
1.3688e-06,8.668
1.3689e-06,8.6698
1.369e-06,8.7268
1.3691e-06,8.6806
1.3692e-06,8.5695
1.3693e-06,8.754
1.3694e-06,8.6124
1.3695e-06,8.7291
1.3696e-06,8.7697
1.3697e-06,8.6791
1.3698e-06,8.6907
1.3699e-06,8.6288
1.37e-06,8.804
1.3701e-06,8.6507
1.3702e-06,8.7771
1.3703e-06,8.6484
1.3704e-06,8.6111
1.3705e-06,8.711
1.3706e-06,8.7556
1.3707e-06,8.6882
1.3708e-06,8.5442
1.3709e-06,8.6033
1.371e-06,8.5947
1.3711e-06,8.629
1.3712e-06,8.5439
1.3713e-06,8.5131
1.3714e-06,8.4704
1.3715e-06,8.6574
1.3716e-06,8.5037
1.3717e-06,8.5499
1.3718e-06,8.54
1.3719e-06,8.6851
1.372e-06,8.6027
1.3721e-06,8.6735
1.3722e-06,8.5248
1.3723e-06,8.6066
1.3724e-06,8.5193
1.3725e-06,8.5315
1.3726e-06,8.4749
1.3727e-06,8.5053
1.3728e-06,8.5226
1.3729e-06,8.5057
1.373e-06,8.6112
1.3731e-06,8.4521
1.3732e-06,8.5241
1.3733e-06,8.5192
1.3734e-06,8.4982
1.3735e-06,8.3544
1.3736e-06,8.4597
1.3737e-06,8.5278
1.3738e-06,8.5984
1.3739e-06,8.5143
1.374e-06,8.5914
1.3741e-06,8.4403
1.3742e-06,8.4663
1.3743e-06,8.4156
1.3744e-06,8.6119
1.3745e-06,8.4489
1.3746e-06,8.5081
1.3747e-06,8.4657
1.3748e-06,8.4211
1.3749e-06,8.4518
1.375e-06,8.4145
1.3751e-06,8.4215
1.3752e-06,8.4524
1.3753e-06,8.4297
1.3754e-06,8.4322
1.3755e-06,8.4451
1.3756e-06,8.328
1.3757e-06,8.4853
1.3758e-06,8.5393
1.3759e-06,8.2635
1.376e-06,8.4009
1.3761e-06,8.3936
1.3762e-06,8.4536
1.3763e-06,8.5261
1.3764e-06,8.3575
1.3765e-06,8.4153
1.3766e-06,8.532
1.3767e-06,8.3569
1.3768e-06,8.3315
1.3769e-06,8.4289
1.377e-06,8.4222
1.3771e-06,8.3023
1.3772e-06,8.297
1.3773e-06,8.3455
1.3774e-06,8.3301
1.3775e-06,8.2338
1.3776e-06,8.1049
1.3777e-06,8.4037
1.3778e-06,8.2287
1.3779e-06,8.3401
1.378e-06,8.2686
1.3781e-06,8.3076
1.3782e-06,8.2255
1.3783e-06,8.2653
1.3784e-06,8.1475
1.3785e-06,8.2379
1.3786e-06,8.2815
1.3787e-06,8.1873
1.3788e-06,8.2038
1.3789e-06,8.2687
1.379e-06,8.1616
1.3791e-06,8.2278
1.3792e-06,8.2825
1.3793e-06,8.179
1.3794e-06,8.2239
1.3795e-06,8.0734
1.3796e-06,8.2467
1.3797e-06,8.3068
1.3798e-06,8.2125
1.3799e-06,8.1491
1.38e-06,8.2863
1.3801e-06,8.311
1.3802e-06,8.2563
1.3803e-06,8.1931
1.3804e-06,8.3016
1.3805e-06,8.1253
1.3806e-06,8.3112
1.3807e-06,8.0831
1.3808e-06,8.2455
1.3809e-06,8.0828
1.381e-06,8.2476
1.3811e-06,8.2268
1.3812e-06,8.2539
1.3813e-06,8.1736
1.3814e-06,8.1687
1.3815e-06,8.2342
1.3816e-06,8.0914
1.3817e-06,8.1738
1.3818e-06,8.0763
1.3819e-06,8.1045
1.382e-06,8.0279
1.3821e-06,8.1559
1.3822e-06,8.0413
1.3823e-06,8.1446
1.3824e-06,7.967
1.3825e-06,7.9474
1.3826e-06,8.0684
1.3827e-06,8.0503
1.3828e-06,8.0886
1.3829e-06,7.9995
1.383e-06,8.2218
1.3831e-06,7.9313
1.3832e-06,7.948
1.3833e-06,7.9183
1.3834e-06,7.9774
1.3835e-06,8.0337
1.3836e-06,8.0032
1.3837e-06,8.0484
1.3838e-06,8.0637
1.3839e-06,8.0084
1.384e-06,8.0331
1.3841e-06,7.8347
1.3842e-06,8.0059
1.3843e-06,7.9595
1.3844e-06,7.8681
1.3845e-06,8.0886
1.3846e-06,8.1965
1.3847e-06,7.9669
1.3848e-06,7.9534
1.3849e-06,8.0089
1.385e-06,7.964
1.3851e-06,8.0046
1.3852e-06,7.8524
1.3853e-06,8.0304
1.3854e-06,8.017
1.3855e-06,8.0016
1.3856e-06,7.9819
1.3857e-06,7.9491
1.3858e-06,7.886
1.3859e-06,7.9273
1.386e-06,7.9542
1.3861e-06,7.9625
1.3862e-06,7.8144
1.3863e-06,7.8922
1.3864e-06,7.8659
1.3865e-06,7.8777
1.3866e-06,7.8801
1.3867e-06,8.0662
1.3868e-06,7.8492
1.3869e-06,7.882
1.387e-06,7.9675
1.3871e-06,7.6029
1.3872e-06,7.8886
1.3873e-06,8.0168
1.3874e-06,7.767
1.3875e-06,7.9347
1.3876e-06,7.8098
1.3877e-06,7.789
1.3878e-06,7.692
1.3879e-06,7.8916
1.388e-06,7.8178
1.3881e-06,7.8273
1.3882e-06,7.8416
1.3883e-06,7.9089
1.3884e-06,7.87
1.3885e-06,7.7754
1.3886e-06,7.838
1.3887e-06,7.8461
1.3888e-06,7.9409
1.3889e-06,7.7617
1.389e-06,7.6805
1.3891e-06,7.7843
1.3892e-06,7.8385
1.3893e-06,8.0139
1.3894e-06,7.7813
1.3895e-06,7.6747
1.3896e-06,7.7338
1.3897e-06,7.7618
1.3898e-06,7.7016
1.3899e-06,7.6976
1.39e-06,7.7574
1.3901e-06,7.7087
1.3902e-06,7.7263
1.3903e-06,7.6433
1.3904e-06,7.6281
1.3905e-06,7.7528
1.3906e-06,7.7992
1.3907e-06,7.7091
1.3908e-06,7.8865
1.3909e-06,7.637
1.391e-06,7.5892
1.3911e-06,7.7231
1.3912e-06,7.6123
1.3913e-06,7.7346
1.3914e-06,7.5268
1.3915e-06,7.544
1.3916e-06,7.7592
1.3917e-06,7.6338
1.3918e-06,7.6766
1.3919e-06,7.6164
1.392e-06,7.7427
1.3921e-06,7.5542
1.3922e-06,7.5962
1.3923e-06,7.5006
1.3924e-06,7.6351
1.3925e-06,7.6745
1.3926e-06,7.5933
1.3927e-06,7.5341
1.3928e-06,7.7721
1.3929e-06,7.5872
1.393e-06,7.5109
1.3931e-06,7.5301
1.3932e-06,7.6542
1.3933e-06,7.7779
1.3934e-06,7.5075
1.3935e-06,7.7068
1.3936e-06,7.4331
1.3937e-06,7.5754
1.3938e-06,7.6889
1.3939e-06,7.428
1.394e-06,7.5497
1.3941e-06,7.6184
1.3942e-06,7.5406
1.3943e-06,7.5446
1.3944e-06,7.5666
1.3945e-06,7.4595
1.3946e-06,7.4771
1.3947e-06,7.444
1.3948e-06,7.3886
1.3949e-06,7.4414
1.395e-06,7.3892
1.3951e-06,7.438
1.3952e-06,7.5166
1.3953e-06,7.4222
1.3954e-06,7.5454
1.3955e-06,7.5475
1.3956e-06,7.5311
1.3957e-06,7.438
1.3958e-06,7.5312
1.3959e-06,7.4908
1.396e-06,7.4313
1.3961e-06,7.5536
1.3962e-06,7.4241
1.3963e-06,7.2163
1.3964e-06,7.2656
1.3965e-06,7.2597
1.3966e-06,7.3434
1.3967e-06,7.3998
1.3968e-06,7.5165
1.3969e-06,7.4335
1.397e-06,7.4699
1.3971e-06,7.2959
1.3972e-06,7.2739
1.3973e-06,7.2514
1.3974e-06,7.2967
1.3975e-06,7.2053
1.3976e-06,7.3122
1.3977e-06,7.3243
1.3978e-06,7.4134
1.3979e-06,7.1384
1.398e-06,7.3055
1.3981e-06,7.3704
1.3982e-06,7.2782
1.3983e-06,7.2721
1.3984e-06,7.3827
1.3985e-06,7.188
1.3986e-06,7.2567
1.3987e-06,7.2451
1.3988e-06,7.2706
1.3989e-06,7.1658
1.399e-06,7.2194
1.3991e-06,7.1303
1.3992e-06,7.2256
1.3993e-06,7.1756
1.3994e-06,7.2462
1.3995e-06,7.3943
1.3996e-06,7.1907
1.3997e-06,7.4153
1.3998e-06,7.2205
1.3999e-06,7.1017
1.4e-06,7.1226
1.4001e-06,7.1851
1.4002e-06,7.1648
1.4003e-06,7.0014
1.4004e-06,7.18
1.4005e-06,7.081
1.4006e-06,7.1342
1.4007e-06,7.1299
1.4008e-06,7.0491
1.4009e-06,7.2529
1.401e-06,7.1231
1.4011e-06,7.0571
1.4012e-06,7.1429
1.4013e-06,7.0999
1.4014e-06,7.0406
1.4015e-06,6.8954
1.4016e-06,7.1496
1.4017e-06,7.0821
1.4018e-06,7.0667
1.4019e-06,7.0974
1.402e-06,7.0917
1.4021e-06,7.0458
1.4022e-06,7.0334
1.4023e-06,7.0512
1.4024e-06,7.1137
1.4025e-06,7.1631
1.4026e-06,7.0882
1.4027e-06,6.9692
1.4028e-06,7.0149
1.4029e-06,7.0157
1.403e-06,7.0332
1.4031e-06,7.0461
1.4032e-06,7.0907
1.4033e-06,7.0032
1.4034e-06,7.077
1.4035e-06,6.9465
1.4036e-06,6.9067
1.4037e-06,6.8651
1.4038e-06,7.1432
1.4039e-06,7.0536
1.404e-06,6.944
1.4041e-06,7.1665
1.4042e-06,7.0025
1.4043e-06,6.93
1.4044e-06,6.986
1.4045e-06,6.9402
1.4046e-06,6.818
1.4047e-06,6.8821
1.4048e-06,6.8028
1.4049e-06,6.7574
1.405e-06,6.7661
1.4051e-06,6.8179
1.4052e-06,6.8211
1.4053e-06,6.7849
1.4054e-06,6.7306
1.4055e-06,6.8327
1.4056e-06,6.8046
1.4057e-06,6.7433
1.4058e-06,6.7941
1.4059e-06,6.7443
1.406e-06,6.86
1.4061e-06,6.6609
1.4062e-06,6.804
1.4063e-06,6.7759
1.4064e-06,6.7509
1.4065e-06,6.7743
1.4066e-06,6.771
1.4067e-06,6.7847
1.4068e-06,6.8626
1.4069e-06,6.6876
1.407e-06,6.8313
1.4071e-06,6.7228
1.4072e-06,6.6696
1.4073e-06,6.5973
1.4074e-06,6.6509
1.4075e-06,6.651
1.4076e-06,6.7094
1.4077e-06,6.5918
1.4078e-06,6.6188
1.4079e-06,6.77
1.408e-06,6.7669
1.4081e-06,6.5518
1.4082e-06,6.6997
1.4083e-06,6.5522
1.4084e-06,6.5401
1.4085e-06,6.6031
1.4086e-06,6.8571
1.4087e-06,6.4947
1.4088e-06,6.7079
1.4089e-06,6.6377
1.409e-06,6.5139
1.4091e-06,6.6533
1.4092e-06,6.6732
1.4093e-06,6.5137
1.4094e-06,6.5231
1.4095e-06,6.5494
1.4096e-06,6.526
1.4097e-06,6.7305
1.4098e-06,6.5615
1.4099e-06,6.527
1.41e-06,6.5754
1.4101e-06,6.5224
1.4102e-06,6.7134
1.4103e-06,6.4386
1.4104e-06,6.4908
1.4105e-06,6.5535
1.4106e-06,6.5737
1.4107e-06,6.5333
1.4108e-06,6.4575
1.4109e-06,6.5525
1.411e-06,6.4545
1.4111e-06,6.424
1.4112e-06,6.4357
1.4113e-06,6.4865
1.4114e-06,6.5138
1.4115e-06,6.4512
1.4116e-06,6.3456
1.4117e-06,6.3962
1.4118e-06,6.5127
1.4119e-06,6.4632
1.412e-06,6.4331
1.4121e-06,6.3968
1.4122e-06,6.2796
1.4123e-06,6.3895
1.4124e-06,6.5456
1.4125e-06,6.3073
1.4126e-06,6.3253
1.4127e-06,6.3228
1.4128e-06,6.3179
1.4129e-06,6.3826
1.413e-06,6.1991
1.4131e-06,6.3579
1.4132e-06,6.322
1.4133e-06,6.3092
1.4134e-06,6.1956
1.4135e-06,6.2965
1.4136e-06,6.2579
1.4137e-06,6.2153
1.4138e-06,6.2273
1.4139e-06,6.2678
1.414e-06,6.188
1.4141e-06,6.4106
1.4142e-06,6.2356
1.4143e-06,6.2502
1.4144e-06,6.2596
1.4145e-06,6.2399
1.4146e-06,6.3251
1.4147e-06,6.1681
1.4148e-06,6.1271
1.4149e-06,6.2127
1.415e-06,6.2243
1.4151e-06,6.2612
1.4152e-06,6.2856
1.4153e-06,6.2061
1.4154e-06,6.1976
1.4155e-06,6.1521
1.4156e-06,6.0628
1.4157e-06,6.1512
1.4158e-06,6.2511
1.4159e-06,6.1616
1.416e-06,6.2347
1.4161e-06,6.2181
1.4162e-06,6.2896
1.4163e-06,6.1921
1.4164e-06,6.0268
1.4165e-06,6.1717
1.4166e-06,6.0109
1.4167e-06,6.1411
1.4168e-06,5.9785
1.4169e-06,6.0967
1.417e-06,6.0485
1.4171e-06,6.1796
1.4172e-06,6.0276
1.4173e-06,6.1162
1.4174e-06,5.9931
1.4175e-06,6.0383
1.4176e-06,6.0816
1.4177e-06,5.9855
1.4178e-06,5.8982
1.4179e-06,5.7809
1.418e-06,5.8173
1.4181e-06,6.0851
1.4182e-06,6.0317
1.4183e-06,6.0587
1.4184e-06,5.8248
1.4185e-06,5.9212
1.4186e-06,5.9507
1.4187e-06,5.8353
1.4188e-06,6.0379
1.4189e-06,5.8507
1.419e-06,5.9394
1.4191e-06,5.9395
1.4192e-06,5.7316
1.4193e-06,5.8497
1.4194e-06,5.8955
1.4195e-06,5.913
1.4196e-06,5.7795
1.4197e-06,5.824
1.4198e-06,5.9548
1.4199e-06,5.772
1.42e-06,5.8533
1.4201e-06,5.698
1.4202e-06,5.8819
1.4203e-06,5.8794
1.4204e-06,5.718
1.4205e-06,5.7151
1.4206e-06,5.7101
1.4207e-06,5.7646
1.4208e-06,5.75
1.4209e-06,5.6145
1.421e-06,5.8753
1.4211e-06,5.8009
1.4212e-06,5.8555
1.4213e-06,5.6365
1.4214e-06,5.6821
1.4215e-06,5.6628
1.4216e-06,5.7733
1.4217e-06,5.7951
1.4218e-06,5.748
1.4219e-06,5.7909
1.422e-06,5.7175
1.4221e-06,5.6724
1.4222e-06,5.6003
1.4223e-06,5.7522
1.4224e-06,5.8208
1.4225e-06,5.6612
1.4226e-06,5.6395
1.4227e-06,5.7232
1.4228e-06,5.6927
1.4229e-06,5.458
1.423e-06,5.6105
1.4231e-06,5.4952
1.4232e-06,5.4726
1.4233e-06,5.6024
1.4234e-06,5.5128
1.4235e-06,5.5024
1.4236e-06,5.7899
1.4237e-06,5.5068
1.4238e-06,5.6328
1.4239e-06,5.6189
1.424e-06,5.5528
1.4241e-06,5.5289
1.4242e-06,5.5792
1.4243e-06,5.5431
1.4244e-06,5.4696
1.4245e-06,5.5585
1.4246e-06,5.5992
1.4247e-06,5.4452
1.4248e-06,5.4696
1.4249e-06,5.5069
1.425e-06,5.6275
1.4251e-06,5.565
1.4252e-06,5.463
1.4253e-06,5.4811
1.4254e-06,5.608
1.4255e-06,5.5478
1.4256e-06,5.5943
1.4257e-06,5.5066
1.4258e-06,5.5716
1.4259e-06,5.3716
1.426e-06,5.6133
1.4261e-06,5.3548
1.4262e-06,5.411
1.4263e-06,5.4615
1.4264e-06,5.4079
1.4265e-06,5.3762
1.4266e-06,5.3592
1.4267e-06,5.422
1.4268e-06,5.3257
1.4269e-06,5.407
1.427e-06,5.287
1.4271e-06,5.411
1.4272e-06,5.2694
1.4273e-06,5.4828
1.4274e-06,5.5012
1.4275e-06,5.4033
1.4276e-06,5.4976
1.4277e-06,5.1513
1.4278e-06,5.1578
1.4279e-06,5.2709
1.428e-06,5.3352
1.4281e-06,5.1977
1.4282e-06,5.1991
1.4283e-06,5.1252
1.4284e-06,5.2997
1.4285e-06,5.1254
1.4286e-06,5.2611
1.4287e-06,5.2277
1.4288e-06,5.2247
1.4289e-06,5.2221
1.429e-06,5.1953
1.4291e-06,5.2772
1.4292e-06,5.213
1.4293e-06,5.0974
1.4294e-06,5.1299
1.4295e-06,5.4581
1.4296e-06,5.0689
1.4297e-06,5.2543
1.4298e-06,5.101
1.4299e-06,5.0509
1.43e-06,5.1445
1.4301e-06,5.1456
1.4302e-06,5.1651
1.4303e-06,5.2272
1.4304e-06,5.2051
1.4305e-06,5.1009
1.4306e-06,5.1579
1.4307e-06,5.058
1.4308e-06,5.2033
1.4309e-06,5.0336
1.431e-06,4.9
1.4311e-06,5.0188
1.4312e-06,4.9143
1.4313e-06,4.9703
1.4314e-06,4.9644
1.4315e-06,4.9946
1.4316e-06,4.9907
1.4317e-06,5.0991
1.4318e-06,5.0638
1.4319e-06,4.9735
1.432e-06,4.9793
1.4321e-06,4.8409
1.4322e-06,4.9773
1.4323e-06,4.9435
1.4324e-06,4.9482
1.4325e-06,4.9041
1.4326e-06,4.8724
1.4327e-06,4.9085
1.4328e-06,5.1535
1.4329e-06,4.9799
1.433e-06,4.7531
1.4331e-06,4.9225
1.4332e-06,4.9102
1.4333e-06,4.926
1.4334e-06,4.8053
1.4335e-06,4.7689
1.4336e-06,4.8765
1.4337e-06,4.777
1.4338e-06,4.718
1.4339e-06,4.8837
1.434e-06,4.8748
1.4341e-06,4.8539
1.4342e-06,4.891
1.4343e-06,4.8957
1.4344e-06,4.8078
1.4345e-06,4.8234
1.4346e-06,4.7919
1.4347e-06,4.9481
1.4348e-06,4.6898
1.4349e-06,4.8437
1.435e-06,4.7688
1.4351e-06,4.7801
1.4352e-06,4.7514
1.4353e-06,4.6841
1.4354e-06,4.652
1.4355e-06,4.7429
1.4356e-06,4.4726
1.4357e-06,4.763
1.4358e-06,4.6052
1.4359e-06,4.7713
1.436e-06,4.699
1.4361e-06,4.5464
1.4362e-06,4.7586
1.4363e-06,4.5031
1.4364e-06,4.6836
1.4365e-06,4.6436
1.4366e-06,4.6673
1.4367e-06,4.5821
1.4368e-06,4.3302
1.4369e-06,4.7671
1.437e-06,4.5142
1.4371e-06,4.6375
1.4372e-06,4.676
1.4373e-06,4.5468
1.4374e-06,4.4625
1.4375e-06,4.3987
1.4376e-06,4.6141
1.4377e-06,4.5287
1.4378e-06,4.4619
1.4379e-06,4.5263
1.438e-06,4.5403
1.4381e-06,4.7323
1.4382e-06,4.5558
1.4383e-06,4.451
1.4384e-06,4.4793
1.4385e-06,4.5373
1.4386e-06,4.4736
1.4387e-06,4.3001
1.4388e-06,4.4305
1.4389e-06,4.4027
1.439e-06,4.4398
1.4391e-06,4.405
1.4392e-06,4.2863
1.4393e-06,4.4932
1.4394e-06,4.3905
1.4395e-06,4.5013
1.4396e-06,4.3045
1.4397e-06,4.3006
1.4398e-06,4.3799
1.4399e-06,4.3529
1.44e-06,4.2787
1.4401e-06,4.468
1.4402e-06,4.2343
1.4403e-06,4.2979
1.4404e-06,4.1977
1.4405e-06,4.3801
1.4406e-06,4.159
1.4407e-06,4.2773
1.4408e-06,4.278
1.4409e-06,4.3335
1.441e-06,4.3682
1.4411e-06,4.3232
1.4412e-06,4.0127
1.4413e-06,4.1924
1.4414e-06,4.1546
1.4415e-06,4.0812
1.4416e-06,4.1293
1.4417e-06,4.1847
1.4418e-06,4.1425
1.4419e-06,4.144
1.442e-06,4.1773
1.4421e-06,4.2052
1.4422e-06,4.1172
1.4423e-06,4.0168
1.4424e-06,4.1097
1.4425e-06,4.1294
1.4426e-06,4.1153
1.4427e-06,4.1574
1.4428e-06,4.1811
1.4429e-06,4.285
1.443e-06,4.1386
1.4431e-06,4.0196
1.4432e-06,4.0736
1.4433e-06,3.911
1.4434e-06,4.0548
1.4435e-06,4.0793
1.4436e-06,4.0299
1.4437e-06,4.0875
1.4438e-06,3.9552
1.4439e-06,3.9694
1.444e-06,3.9982
1.4441e-06,4.0028
1.4442e-06,4.0622
1.4443e-06,3.9002
1.4444e-06,3.8986
1.4445e-06,3.9757
1.4446e-06,4.0779
1.4447e-06,4.0203
1.4448e-06,4.2099
1.4449e-06,4.1124
1.445e-06,3.9189
1.4451e-06,3.9023
1.4452e-06,3.7064
1.4453e-06,3.9219
1.4454e-06,3.9147
1.4455e-06,3.9153
1.4456e-06,3.9587
1.4457e-06,3.876
1.4458e-06,3.7733
1.4459e-06,3.958
1.446e-06,3.817
1.4461e-06,3.725
1.4462e-06,3.5779
1.4463e-06,3.6674
1.4464e-06,3.8055
1.4465e-06,3.8032
1.4466e-06,3.8536
1.4467e-06,3.8135
1.4468e-06,3.7185
1.4469e-06,3.5426
1.447e-06,3.6397
1.4471e-06,3.7979
1.4472e-06,3.7662
1.4473e-06,3.5985
1.4474e-06,3.7034
1.4475e-06,3.7173
1.4476e-06,3.5694
1.4477e-06,3.57
1.4478e-06,3.6172
1.4479e-06,3.6728
1.448e-06,3.5687
1.4481e-06,3.5675
1.4482e-06,3.6623
1.4483e-06,3.6219
1.4484e-06,3.5103
1.4485e-06,3.7319
1.4486e-06,3.6145
1.4487e-06,3.5425
1.4488e-06,3.6952
1.4489e-06,3.3944
1.449e-06,3.4978
1.4491e-06,3.4191
1.4492e-06,3.5463
1.4493e-06,3.5714
1.4494e-06,3.5764
1.4495e-06,3.4033
1.4496e-06,3.5949
1.4497e-06,3.4144
1.4498e-06,3.3708
1.4499e-06,3.4265
1.45e-06,3.5193
1.4501e-06,3.6325
1.4502e-06,3.4616
1.4503e-06,3.3446
1.4504e-06,3.2277
1.4505e-06,3.3509
1.4506e-06,3.2866
1.4507e-06,3.2739
1.4508e-06,3.4636
1.4509e-06,3.4114
1.451e-06,3.4041
1.4511e-06,3.1647
1.4512e-06,3.2862
1.4513e-06,3.3094
1.4514e-06,3.2973
1.4515e-06,3.2733
1.4516e-06,3.1371
1.4517e-06,3.2513
1.4518e-06,3.3173
1.4519e-06,3.2909
1.452e-06,3.1863
1.4521e-06,3.241
1.4522e-06,3.2279
1.4523e-06,3.2112
1.4524e-06,3.3056
1.4525e-06,3.2084
1.4526e-06,3.3157
1.4527e-06,3.3156
1.4528e-06,3.135
1.4529e-06,2.9677
1.453e-06,3.4296
1.4531e-06,3.021
1.4532e-06,3.1088
1.4533e-06,3.2213
1.4534e-06,3.2475
1.4535e-06,3.1337
1.4536e-06,3.0773
1.4537e-06,3.0125
1.4538e-06,3.1517
1.4539e-06,3.1603
1.454e-06,3.0677
1.4541e-06,3.0777
1.4542e-06,3.0215
1.4543e-06,3.0859
1.4544e-06,2.9009
1.4545e-06,2.9721
1.4546e-06,2.9933
1.4547e-06,3.1776
1.4548e-06,2.8743
1.4549e-06,2.9605
1.455e-06,2.9457
1.4551e-06,2.9066
1.4552e-06,2.9011
1.4553e-06,2.8942
1.4554e-06,2.9942
1.4555e-06,2.9788
1.4556e-06,3.0819
1.4557e-06,2.9103
1.4558e-06,2.8799
1.4559e-06,2.7751
1.456e-06,2.9196
1.4561e-06,2.8955
1.4562e-06,2.9149
1.4563e-06,2.7878
1.4564e-06,2.8467
1.4565e-06,2.9269
1.4566e-06,2.6793
1.4567e-06,2.8779
1.4568e-06,2.8426
1.4569e-06,2.8286
1.457e-06,2.7195
1.4571e-06,2.703
1.4572e-06,2.801
1.4573e-06,2.53
1.4574e-06,2.4886
1.4575e-06,2.7105
1.4576e-06,2.6748
1.4577e-06,2.6114
1.4578e-06,2.9379
1.4579e-06,2.7686
1.458e-06,2.6004
1.4581e-06,2.6613
1.4582e-06,2.6093
1.4583e-06,2.6563
1.4584e-06,2.6931
1.4585e-06,2.5591
1.4586e-06,2.6511
1.4587e-06,2.7466
1.4588e-06,2.5778
1.4589e-06,2.5037
1.459e-06,2.4335
1.4591e-06,2.6143
1.4592e-06,2.5415
1.4593e-06,2.513
1.4594e-06,2.577
1.4595e-06,2.3758
1.4596e-06,2.6298
1.4597e-06,2.5176
1.4598e-06,2.4799
1.4599e-06,2.6312
1.46e-06,2.5464
1.4601e-06,2.4947
1.4602e-06,2.4026
1.4603e-06,2.5572
1.4604e-06,2.3479
1.4605e-06,2.4416
1.4606e-06,2.4453
1.4607e-06,2.383
1.4608e-06,2.4045
1.4609e-06,2.2978
1.461e-06,2.3509
1.4611e-06,2.3058
1.4612e-06,2.3459
1.4613e-06,2.3648
1.4614e-06,2.0829
1.4615e-06,2.3616
1.4616e-06,2.4267
1.4617e-06,2.2819
1.4618e-06,2.4112
1.4619e-06,2.25
1.462e-06,2.3491
1.4621e-06,2.2463
1.4622e-06,2.2002
1.4623e-06,2.3243
1.4624e-06,2.4472
1.4625e-06,2.4098
1.4626e-06,2.2434
1.4627e-06,2.1574
1.4628e-06,2.3696
1.4629e-06,2.1874
1.463e-06,2.2687
1.4631e-06,2.0878
1.4632e-06,2.1245
1.4633e-06,2.1893
1.4634e-06,2.0703
1.4635e-06,1.7991
1.4636e-06,2.034
1.4637e-06,2.046
1.4638e-06,2.1715
1.4639e-06,2.1197
1.464e-06,2.2939
1.4641e-06,1.9287
1.4642e-06,2.0364
1.4643e-06,1.9678
1.4644e-06,2.1046
1.4645e-06,1.9508
1.4646e-06,1.9773
1.4647e-06,2.107
1.4648e-06,1.9973
1.4649e-06,1.9603
1.465e-06,1.8906
1.4651e-06,1.8946
1.4652e-06,1.9373
1.4653e-06,1.8323
1.4654e-06,1.9351
1.4655e-06,1.928
1.4656e-06,1.844
1.4657e-06,1.8512
1.4658e-06,1.7591
1.4659e-06,1.9197
1.466e-06,1.8907
1.4661e-06,1.8631
1.4662e-06,1.7265
1.4663e-06,1.806
1.4664e-06,1.7922
1.4665e-06,1.7291
1.4666e-06,1.6071
1.4667e-06,1.5964
1.4668e-06,1.7674
1.4669e-06,1.7131
1.467e-06,1.6187
1.4671e-06,1.6486
1.4672e-06,1.9329
1.4673e-06,1.7172
1.4674e-06,1.7546
1.4675e-06,1.6122
1.4676e-06,1.6347
1.4677e-06,1.5728
1.4678e-06,1.6961
1.4679e-06,1.6756
1.468e-06,1.6977
1.4681e-06,1.596
1.4682e-06,1.6925
1.4683e-06,1.7036
1.4684e-06,1.4067
1.4685e-06,1.5022
1.4686e-06,1.4465
1.4687e-06,1.5108
1.4688e-06,1.4325
1.4689e-06,1.5571
1.469e-06,1.4812
1.4691e-06,1.4627
1.4692e-06,1.4885
1.4693e-06,1.6443
1.4694e-06,1.3677
1.4695e-06,1.5003
1.4696e-06,1.4148
1.4697e-06,1.3034
1.4698e-06,1.4553
1.4699e-06,1.3396
1.47e-06,1.3507
1.4701e-06,1.36
1.4702e-06,1.3813
1.4703e-06,1.545
1.4704e-06,1.2813
1.4705e-06,1.3426
1.4706e-06,1.3158
1.4707e-06,1.273
1.4708e-06,1.2861
1.4709e-06,1.3845
1.471e-06,1.2495
1.4711e-06,1.1809
1.4712e-06,1.2438
1.4713e-06,1.286
1.4714e-06,1.1594
1.4715e-06,1.3014
1.4716e-06,1.0091
1.4717e-06,1.2677
1.4718e-06,1.2277
1.4719e-06,1.117
1.472e-06,1.2753
1.4721e-06,1.1521
1.4722e-06,1.2065
1.4723e-06,1.0239
1.4724e-06,1.0189
1.4725e-06,1.1343
1.4726e-06,0.98919
1.4727e-06,1.2475
1.4728e-06,1.1622
1.4729e-06,1.0315
1.473e-06,0.97949
1.4731e-06,1.0334
1.4732e-06,1.2005
1.4733e-06,0.94266
1.4734e-06,0.98702
1.4735e-06,1.0655
1.4736e-06,0.91647
1.4737e-06,1.0853
1.4738e-06,0.93993
1.4739e-06,0.97229
1.474e-06,1.0231
1.4741e-06,0.80839
1.4742e-06,0.85022
1.4743e-06,0.75839
1.4744e-06,1.0555
1.4745e-06,0.7931
1.4746e-06,0.97301
1.4747e-06,0.90048
1.4748e-06,0.83733
1.4749e-06,0.71841
1.475e-06,0.8882
1.4751e-06,0.8066
1.4752e-06,0.85876
1.4753e-06,0.78009
1.4754e-06,0.79583
1.4755e-06,0.74902
1.4756e-06,0.76598
1.4757e-06,0.7248
1.4758e-06,0.59095
1.4759e-06,0.71547
1.476e-06,0.56425
1.4761e-06,0.5105
1.4762e-06,0.68778
1.4763e-06,0.63998
1.4764e-06,0.63629
1.4765e-06,0.70762
1.4766e-06,0.64684
1.4767e-06,0.64444
1.4768e-06,0.51987
1.4769e-06,0.5466
1.477e-06,0.69426
1.4771e-06,0.42592
1.4772e-06,0.58326
1.4773e-06,0.46341
1.4774e-06,0.49835
1.4775e-06,0.48172
1.4776e-06,0.59345
1.4777e-06,0.58614
1.4778e-06,0.48653
1.4779e-06,0.24656
1.478e-06,0.54806
1.4781e-06,0.45439
1.4782e-06,0.37257
1.4783e-06,0.45015
1.4784e-06,0.43944
1.4785e-06,0.22383
1.4786e-06,0.42665
1.4787e-06,0.26461
1.4788e-06,0.24022
1.4789e-06,0.20815
1.479e-06,0.2962
1.4791e-06,0.26645
1.4792e-06,0.22255
1.4793e-06,0.22409
1.4794e-06,0.23175
1.4795e-06,-0.0055631
1.4796e-06,0.12235
1.4797e-06,0.22567
1.4798e-06,0.37549
1.4799e-06,0.19905
1.48e-06,0.19129
1.4801e-06,0.26994
1.4802e-06,0.19348
1.4803e-06,0.079513
1.4804e-06,-0.00093235
1.4805e-06,0.203
1.4806e-06,0.21383
1.4807e-06,0.2324
1.4808e-06,0.08959
1.4809e-06,0.10718
1.481e-06,-0.010667
1.4811e-06,-0.0056204
1.4812e-06,-0.14095
1.4813e-06,0.039487
1.4814e-06,0.050561
1.4815e-06,0.21765
1.4816e-06,-0.15199
1.4817e-06,-0.029974
1.4818e-06,-0.0085182
1.4819e-06,0.069161
1.482e-06,-0.12866
1.4821e-06,-0.14387
1.4822e-06,-0.155
1.4823e-06,0.054295
1.4824e-06,-0.24034
1.4825e-06,-0.075587
1.4826e-06,-0.16718
1.4827e-06,-0.12782
1.4828e-06,-0.1496
1.4829e-06,-0.17927
1.483e-06,-0.13751
1.4831e-06,-0.23355
1.4832e-06,-0.44398
1.4833e-06,-0.38759
1.4834e-06,-0.29079
1.4835e-06,-0.27769
1.4836e-06,-0.25176
1.4837e-06,-0.27851
1.4838e-06,-0.25011
1.4839e-06,-0.22426
1.484e-06,-0.35147
1.4841e-06,-0.36864
1.4842e-06,-0.34412
1.4843e-06,-0.47795
1.4844e-06,-0.37638
1.4845e-06,-0.35029
1.4846e-06,-0.39964
1.4847e-06,-0.42487
1.4848e-06,-0.42949
1.4849e-06,-0.63636
1.485e-06,-0.52921
1.4851e-06,-0.49575
1.4852e-06,-0.52215
1.4853e-06,-0.47316
1.4854e-06,-0.49198
1.4855e-06,-0.5553
1.4856e-06,-0.56048
1.4857e-06,-0.42841
1.4858e-06,-0.61679
1.4859e-06,-0.68908
1.486e-06,-0.38129
1.4861e-06,-0.68189
1.4862e-06,-0.7253
1.4863e-06,-0.6197
1.4864e-06,-0.919
1.4865e-06,-0.70408
1.4866e-06,-0.71437
1.4867e-06,-0.815
1.4868e-06,-0.77314
1.4869e-06,-0.73046
1.487e-06,-0.73849
1.4871e-06,-0.87519
1.4872e-06,-0.82443
1.4873e-06,-0.85718
1.4874e-06,-0.80432
1.4875e-06,-0.77723
1.4876e-06,-0.85912
1.4877e-06,-1.0057
1.4878e-06,-1.0384
1.4879e-06,-0.79898
1.488e-06,-1.0144
1.4881e-06,-0.80899
1.4882e-06,-0.83657
1.4883e-06,-0.72077
1.4884e-06,-1.0513
1.4885e-06,-0.87635
1.4886e-06,-1.0933
1.4887e-06,-1.0481
1.4888e-06,-0.95422
1.4889e-06,-0.97156
1.489e-06,-0.95957
1.4891e-06,-1.073
1.4892e-06,-1.1797
1.4893e-06,-1.1904
1.4894e-06,-1.128
1.4895e-06,-1.0393
1.4896e-06,-1.1477
1.4897e-06,-1.1619
1.4898e-06,-1.2555
1.4899e-06,-1.055
1.49e-06,-1.3505
1.4901e-06,-1.1899
1.4902e-06,-1.0713
1.4903e-06,-1.2183
1.4904e-06,-1.254
1.4905e-06,-1.1744
1.4906e-06,-1.3308
1.4907e-06,-1.3508
1.4908e-06,-1.3166
1.4909e-06,-1.4111
1.491e-06,-1.3573
1.4911e-06,-1.276
1.4912e-06,-1.2701
1.4913e-06,-1.3294
1.4914e-06,-1.3293
1.4915e-06,-1.5113
1.4916e-06,-1.3348
1.4917e-06,-1.3199
1.4918e-06,-1.4388
1.4919e-06,-1.5195
1.492e-06,-1.4698
1.4921e-06,-1.4667
1.4922e-06,-1.5485
1.4923e-06,-1.4401
1.4924e-06,-1.3331
1.4925e-06,-1.5615
1.4926e-06,-1.5627
1.4927e-06,-1.6499
1.4928e-06,-1.523
1.4929e-06,-1.5209
1.493e-06,-1.6979
1.4931e-06,-1.6679
1.4932e-06,-1.5498
1.4933e-06,-1.55
1.4934e-06,-1.6641
1.4935e-06,-1.6026
1.4936e-06,-1.7687
1.4937e-06,-1.7479
1.4938e-06,-1.9335
1.4939e-06,-1.728
1.494e-06,-1.7133
1.4941e-06,-1.5171
1.4942e-06,-1.82
1.4943e-06,-1.8506
1.4944e-06,-1.7768
1.4945e-06,-1.9632
1.4946e-06,-1.9075
1.4947e-06,-1.8798
1.4948e-06,-1.9487
1.4949e-06,-1.8218
1.495e-06,-1.8781
1.4951e-06,-1.9413
1.4952e-06,-1.8354
1.4953e-06,-1.8581
1.4954e-06,-2.0305
1.4955e-06,-1.847
1.4956e-06,-1.9539
1.4957e-06,-1.9169
1.4958e-06,-1.9891
1.4959e-06,-2.0836
1.496e-06,-2.1317
1.4961e-06,-2.1004
1.4962e-06,-2.131
1.4963e-06,-2.0856
1.4964e-06,-2.0921
1.4965e-06,-2.2463
1.4966e-06,-2.0711
1.4967e-06,-2.2206
1.4968e-06,-2.0309
1.4969e-06,-2.2065
1.497e-06,-2.3478
1.4971e-06,-2.1438
1.4972e-06,-2.17
1.4973e-06,-2.2518
1.4974e-06,-2.2255
1.4975e-06,-2.3382
1.4976e-06,-2.319
1.4977e-06,-2.1848
1.4978e-06,-2.1808
1.4979e-06,-2.4636
1.498e-06,-2.3407
1.4981e-06,-2.2436
1.4982e-06,-2.4068
1.4983e-06,-2.1976
1.4984e-06,-2.2077
1.4985e-06,-2.181
1.4986e-06,-2.5305
1.4987e-06,-2.3444
1.4988e-06,-2.462
1.4989e-06,-2.3415
1.499e-06,-2.4865
1.4991e-06,-2.6214
1.4992e-06,-2.4182
1.4993e-06,-2.5743
1.4994e-06,-2.6292
1.4995e-06,-2.5673
1.4996e-06,-2.6265
1.4997e-06,-2.3889
1.4998e-06,-2.5287
1.4999e-06,-2.5618
1.5e-06,-2.8384
1.5001e-06,-2.5774
1.5002e-06,-2.5738
1.5003e-06,-2.4888
1.5004e-06,-2.6419
1.5005e-06,-2.6559
1.5006e-06,-2.6078
1.5007e-06,-2.8501
1.5008e-06,-2.6814
1.5009e-06,-2.7014
1.501e-06,-2.6549
1.5011e-06,-2.7196
1.5012e-06,-2.8559
1.5013e-06,-2.6039
1.5014e-06,-2.7681
1.5015e-06,-2.8351
1.5016e-06,-2.8796
1.5017e-06,-2.9362
1.5018e-06,-3.0757
1.5019e-06,-2.9239
1.502e-06,-2.9879
1.5021e-06,-2.7389
1.5022e-06,-3.0673
1.5023e-06,-3.075
1.5024e-06,-2.8476
1.5025e-06,-3.0017
1.5026e-06,-3.0432
1.5027e-06,-2.8324
1.5028e-06,-3.0243
1.5029e-06,-2.8441
1.503e-06,-3.0944
1.5031e-06,-3.0773
1.5032e-06,-2.991
1.5033e-06,-3.324
1.5034e-06,-3.0469
1.5035e-06,-2.8776
1.5036e-06,-3.1637
1.5037e-06,-3.1273
1.5038e-06,-3.3566
1.5039e-06,-3.4692
1.504e-06,-3.1398
1.5041e-06,-3.1387
1.5042e-06,-3.1847
1.5043e-06,-3.2995
1.5044e-06,-3.21
1.5045e-06,-3.1705
1.5046e-06,-3.2603
1.5047e-06,-3.197
1.5048e-06,-3.3453
1.5049e-06,-3.1395
1.505e-06,-3.113
1.5051e-06,-3.308
1.5052e-06,-3.3053
1.5053e-06,-3.3322
1.5054e-06,-3.3344
1.5055e-06,-3.7286
1.5056e-06,-3.3921
1.5057e-06,-3.48
1.5058e-06,-3.4674
1.5059e-06,-3.4225
1.506e-06,-3.5988
1.5061e-06,-3.6821
1.5062e-06,-3.5517
1.5063e-06,-3.5609
1.5064e-06,-3.795
1.5065e-06,-3.5407
1.5066e-06,-3.7079
1.5067e-06,-3.543
1.5068e-06,-3.7364
1.5069e-06,-3.6776
1.507e-06,-3.6429
1.5071e-06,-3.6031
1.5072e-06,-3.6963
1.5073e-06,-3.7089
1.5074e-06,-3.7268
1.5075e-06,-3.8781
1.5076e-06,-3.7665
1.5077e-06,-3.8249
1.5078e-06,-3.8044
1.5079e-06,-3.8674
1.508e-06,-3.6297
1.5081e-06,-3.8611
1.5082e-06,-3.7686
1.5083e-06,-3.8893
1.5084e-06,-3.993
1.5085e-06,-3.9511
1.5086e-06,-3.903
1.5087e-06,-3.8724
1.5088e-06,-3.8917
1.5089e-06,-4.1111
1.509e-06,-4.0657
1.5091e-06,-3.9134
1.5092e-06,-3.8153
1.5093e-06,-4.0258
1.5094e-06,-4.1295
1.5095e-06,-3.9372
1.5096e-06,-3.8965
1.5097e-06,-4.0543
1.5098e-06,-4.1898
1.5099e-06,-4.1865
1.51e-06,-4.1399
1.5101e-06,-4.1135
1.5102e-06,-4.1267
1.5103e-06,-4.1057
1.5104e-06,-4.163
1.5105e-06,-4.2238
1.5106e-06,-4.2363
1.5107e-06,-4.2768
1.5108e-06,-4.3795
1.5109e-06,-4.3121
1.511e-06,-4.2929
1.5111e-06,-4.3437
1.5112e-06,-4.361
1.5113e-06,-4.5558
1.5114e-06,-4.4676
1.5115e-06,-4.2352
1.5116e-06,-4.4814
1.5117e-06,-4.5173
1.5118e-06,-4.2115
1.5119e-06,-4.4312
1.512e-06,-4.5903
1.5121e-06,-4.4648
1.5122e-06,-4.5649
1.5123e-06,-4.39
1.5124e-06,-4.5587
1.5125e-06,-4.5673
1.5126e-06,-4.4201
1.5127e-06,-4.4589
1.5128e-06,-4.5148
1.5129e-06,-4.5887
1.513e-06,-4.5741
1.5131e-06,-4.5009
1.5132e-06,-4.5363
1.5133e-06,-4.3639
1.5134e-06,-4.6164
1.5135e-06,-4.6472
1.5136e-06,-4.6941
1.5137e-06,-4.7641
1.5138e-06,-4.8874
1.5139e-06,-4.8756
1.514e-06,-4.7492
1.5141e-06,-4.7722
1.5142e-06,-4.7657
1.5143e-06,-4.5874
1.5144e-06,-4.6788
1.5145e-06,-4.8363
1.5146e-06,-4.8458
1.5147e-06,-4.8259
1.5148e-06,-4.7189
1.5149e-06,-4.744
1.515e-06,-4.9506
1.5151e-06,-4.9455
1.5152e-06,-4.8608
1.5153e-06,-4.9011
1.5154e-06,-4.9975
1.5155e-06,-5.0063
1.5156e-06,-4.922
1.5157e-06,-4.8752
1.5158e-06,-5.0177
1.5159e-06,-4.8948
1.516e-06,-4.9977
1.5161e-06,-4.9301
1.5162e-06,-5.0152
1.5163e-06,-5.2712
1.5164e-06,-5.1268
1.5165e-06,-5.2023
1.5166e-06,-5.0416
1.5167e-06,-5.2124
1.5168e-06,-5.1198
1.5169e-06,-5.1403
1.517e-06,-5.0286
1.5171e-06,-5.0641
1.5172e-06,-5.4633
1.5173e-06,-5.0699
1.5174e-06,-5.1098
1.5175e-06,-5.1199
1.5176e-06,-5.3027
1.5177e-06,-4.9559
1.5178e-06,-5.0754
1.5179e-06,-5.0991
1.518e-06,-5.424
1.5181e-06,-5.2367
1.5182e-06,-5.4775
1.5183e-06,-5.3599
1.5184e-06,-5.3538
1.5185e-06,-5.4795
1.5186e-06,-5.4588
1.5187e-06,-5.2758
1.5188e-06,-5.3662
1.5189e-06,-5.4545
1.519e-06,-5.4871
1.5191e-06,-5.3978
1.5192e-06,-5.3203
1.5193e-06,-5.5272
1.5194e-06,-5.3758
1.5195e-06,-5.4058
1.5196e-06,-5.44
1.5197e-06,-5.5822
1.5198e-06,-5.4222
1.5199e-06,-5.4389
1.52e-06,-5.3454
1.5201e-06,-5.7337
1.5202e-06,-5.3814
1.5203e-06,-5.5787
1.5204e-06,-5.5474
1.5205e-06,-5.7477
1.5206e-06,-5.4988
1.5207e-06,-5.6306
1.5208e-06,-5.6614
1.5209e-06,-5.6263
1.521e-06,-5.7543
1.5211e-06,-5.6578
1.5212e-06,-5.7257
1.5213e-06,-5.8251
1.5214e-06,-5.7893
1.5215e-06,-5.556
1.5216e-06,-5.699
1.5217e-06,-5.6611
1.5218e-06,-5.6749
1.5219e-06,-5.5176
1.522e-06,-5.6867
1.5221e-06,-5.9555
1.5222e-06,-5.7931
1.5223e-06,-5.6913
1.5224e-06,-5.9119
1.5225e-06,-5.8449
1.5226e-06,-5.8114
1.5227e-06,-5.9702
1.5228e-06,-5.9848
1.5229e-06,-5.7171
1.523e-06,-5.7755
1.5231e-06,-6.0166
1.5232e-06,-5.9197
1.5233e-06,-5.8239
1.5234e-06,-6.0011
1.5235e-06,-6.0296
1.5236e-06,-5.7921
1.5237e-06,-6.0214
1.5238e-06,-5.8808
1.5239e-06,-5.9751
1.524e-06,-6.0631
1.5241e-06,-5.9941
1.5242e-06,-6.0593
1.5243e-06,-6.1858
1.5244e-06,-6.0017
1.5245e-06,-5.9882
1.5246e-06,-6.078
1.5247e-06,-5.9259
1.5248e-06,-6.0511
1.5249e-06,-6.0966
1.525e-06,-6.1529
1.5251e-06,-6.0545
1.5252e-06,-6.1701
1.5253e-06,-6.0599
1.5254e-06,-6.2595
1.5255e-06,-6.1685
1.5256e-06,-6.1534
1.5257e-06,-6.128
1.5258e-06,-6.1432
1.5259e-06,-6.1902
1.526e-06,-6.1813
1.5261e-06,-6.2022
1.5262e-06,-6.1162
1.5263e-06,-6.1592
1.5264e-06,-6.2488
1.5265e-06,-6.3492
1.5266e-06,-6.1644
1.5267e-06,-6.3474
1.5268e-06,-6.2238
1.5269e-06,-6.2865
1.527e-06,-6.1846
1.5271e-06,-6.17
1.5272e-06,-6.3003
1.5273e-06,-6.3469
1.5274e-06,-6.3343
1.5275e-06,-6.0535
1.5276e-06,-6.4048
1.5277e-06,-6.234
1.5278e-06,-6.3394
1.5279e-06,-6.1499
1.528e-06,-6.2349
1.5281e-06,-6.2218
1.5282e-06,-6.4249
1.5283e-06,-6.5612
1.5284e-06,-6.1947
1.5285e-06,-6.3675
1.5286e-06,-6.5308
1.5287e-06,-6.6544
1.5288e-06,-6.1792
1.5289e-06,-6.471
1.529e-06,-6.4039
1.5291e-06,-6.5103
1.5292e-06,-6.4019
1.5293e-06,-6.5668
1.5294e-06,-6.5062
1.5295e-06,-6.3418
1.5296e-06,-6.5328
1.5297e-06,-6.2429
1.5298e-06,-6.4834
1.5299e-06,-6.5489
1.53e-06,-6.3109
1.5301e-06,-6.6706
1.5302e-06,-6.476
1.5303e-06,-6.4214
1.5304e-06,-6.711
1.5305e-06,-6.5294
1.5306e-06,-6.574
1.5307e-06,-6.406
1.5308e-06,-6.5792
1.5309e-06,-6.5305
1.531e-06,-6.4991
1.5311e-06,-6.4736
1.5312e-06,-6.4674
1.5313e-06,-6.6652
1.5314e-06,-6.8502
1.5315e-06,-6.5189
1.5316e-06,-6.6336
1.5317e-06,-6.7658
1.5318e-06,-6.503
1.5319e-06,-6.567
1.532e-06,-6.5962
1.5321e-06,-6.4236
1.5322e-06,-6.547
1.5323e-06,-6.5278
1.5324e-06,-6.7564
1.5325e-06,-6.6214
1.5326e-06,-6.5481
1.5327e-06,-6.6465
1.5328e-06,-6.5597
1.5329e-06,-6.5289
1.533e-06,-6.6178
1.5331e-06,-6.8426
1.5332e-06,-6.6319
1.5333e-06,-6.6963
1.5334e-06,-6.5922
1.5335e-06,-6.5399
1.5336e-06,-6.6234
1.5337e-06,-6.6947
1.5338e-06,-6.4436
1.5339e-06,-6.5272
1.534e-06,-6.9076
1.5341e-06,-6.6351
1.5342e-06,-6.6168
1.5343e-06,-6.6878
1.5344e-06,-6.7261
1.5345e-06,-6.4998
1.5346e-06,-6.8127
1.5347e-06,-6.5377
1.5348e-06,-6.5477
1.5349e-06,-6.6363
1.535e-06,-6.634
1.5351e-06,-6.409
1.5352e-06,-6.6529
1.5353e-06,-6.5458
1.5354e-06,-6.7092
1.5355e-06,-6.8268
1.5356e-06,-6.3181
1.5357e-06,-6.6491
1.5358e-06,-6.7052
1.5359e-06,-6.5776
1.536e-06,-6.6471
1.5361e-06,-6.456
1.5362e-06,-6.782
1.5363e-06,-6.7518
1.5364e-06,-6.6421
1.5365e-06,-6.5153
1.5366e-06,-6.7121
1.5367e-06,-6.7588
1.5368e-06,-6.6335
1.5369e-06,-6.7627
1.537e-06,-6.6328
1.5371e-06,-6.5657
1.5372e-06,-6.7523
1.5373e-06,-6.7584
1.5374e-06,-6.6891
1.5375e-06,-6.71
1.5376e-06,-6.5538
1.5377e-06,-6.6859
1.5378e-06,-6.7907
1.5379e-06,-6.6202
1.538e-06,-6.7006
1.5381e-06,-6.6309
1.5382e-06,-6.6574
1.5383e-06,-6.5865
1.5384e-06,-6.681
1.5385e-06,-6.522
1.5386e-06,-6.7335
1.5387e-06,-6.762
1.5388e-06,-6.5253
1.5389e-06,-6.7928
1.539e-06,-6.6463
1.5391e-06,-6.6418
1.5392e-06,-6.7313
1.5393e-06,-6.5386
1.5394e-06,-6.4664
1.5395e-06,-6.611
1.5396e-06,-6.8249
1.5397e-06,-6.3948
1.5398e-06,-6.463
1.5399e-06,-6.5099
1.54e-06,-6.4924
1.5401e-06,-6.7689
1.5402e-06,-6.7054
1.5403e-06,-6.4193
1.5404e-06,-6.6337
1.5405e-06,-6.71
1.5406e-06,-6.5176
1.5407e-06,-6.7117
1.5408e-06,-6.5266
1.5409e-06,-6.6633
1.541e-06,-6.6772
1.5411e-06,-6.539
1.5412e-06,-6.655
1.5413e-06,-6.5179
1.5414e-06,-6.4841
1.5415e-06,-6.5158
1.5416e-06,-6.7434
1.5417e-06,-6.567
1.5418e-06,-6.379
1.5419e-06,-6.5084
1.542e-06,-6.4846
1.5421e-06,-6.4484
1.5422e-06,-6.3874
1.5423e-06,-6.4098
1.5424e-06,-6.57
1.5425e-06,-6.6903
1.5426e-06,-6.6088
1.5427e-06,-6.5515
1.5428e-06,-6.5832
1.5429e-06,-6.5199
1.543e-06,-6.3406
1.5431e-06,-6.4875
1.5432e-06,-6.386
1.5433e-06,-6.4919
1.5434e-06,-6.6419
1.5435e-06,-6.3839
1.5436e-06,-6.6179
1.5437e-06,-6.4377
1.5438e-06,-6.4983
1.5439e-06,-6.3985
1.544e-06,-6.5444
1.5441e-06,-6.4301
1.5442e-06,-6.3928
1.5443e-06,-6.4396
1.5444e-06,-6.4148
1.5445e-06,-6.5264
1.5446e-06,-6.2234
1.5447e-06,-6.4376
1.5448e-06,-6.3164
1.5449e-06,-6.5237
1.545e-06,-6.227
1.5451e-06,-6.1751
1.5452e-06,-6.2283
1.5453e-06,-6.2984
1.5454e-06,-6.4533
1.5455e-06,-6.3719
1.5456e-06,-6.334
1.5457e-06,-6.4826
1.5458e-06,-6.2354
1.5459e-06,-6.3543
1.546e-06,-6.2339
1.5461e-06,-6.4347
1.5462e-06,-6.1046
1.5463e-06,-6.2242
1.5464e-06,-6.1852
1.5465e-06,-6.2746
1.5466e-06,-6.1853
1.5467e-06,-6.3517
1.5468e-06,-6.3904
1.5469e-06,-6.1747
1.547e-06,-6.119
1.5471e-06,-6.1824
1.5472e-06,-6.1106
1.5473e-06,-6.2553
1.5474e-06,-6.0669
1.5475e-06,-6.0379
1.5476e-06,-6.0085
1.5477e-06,-6.1051
1.5478e-06,-6.2243
1.5479e-06,-6.1221
1.548e-06,-6.139
1.5481e-06,-6.1571
1.5482e-06,-6.001
1.5483e-06,-6.3401
1.5484e-06,-6.0219
1.5485e-06,-6.0129
1.5486e-06,-6.1143
1.5487e-06,-6.0378
1.5488e-06,-5.9915
1.5489e-06,-6.2164
1.549e-06,-5.8535
1.5491e-06,-6.1732
1.5492e-06,-5.9812
1.5493e-06,-6.0334
1.5494e-06,-5.9096
1.5495e-06,-5.958
1.5496e-06,-6.2066
1.5497e-06,-5.8265
1.5498e-06,-6.1487
1.5499e-06,-5.9198
1.55e-06,-6.0696
1.5501e-06,-5.7617
1.5502e-06,-5.9067
1.5503e-06,-5.8991
1.5504e-06,-5.9376
1.5505e-06,-5.7898
1.5506e-06,-5.8541
1.5507e-06,-5.8476
1.5508e-06,-5.8875
1.5509e-06,-5.9151
1.551e-06,-5.8367
1.5511e-06,-5.7708
1.5512e-06,-5.7556
1.5513e-06,-5.7527
1.5514e-06,-5.5893
1.5515e-06,-5.7012
1.5516e-06,-5.8579
1.5517e-06,-5.9106
1.5518e-06,-5.6835
1.5519e-06,-5.6887
1.552e-06,-5.7408
1.5521e-06,-5.6718
1.5522e-06,-5.749
1.5523e-06,-5.7019
1.5524e-06,-5.6526
1.5525e-06,-5.796
1.5526e-06,-5.7151
1.5527e-06,-5.8791
1.5528e-06,-5.7932
1.5529e-06,-5.5961
1.553e-06,-5.7069
1.5531e-06,-5.6039
1.5532e-06,-5.5292
1.5533e-06,-5.4846
1.5534e-06,-5.5953
1.5535e-06,-5.5478
1.5536e-06,-5.5857
1.5537e-06,-5.4351
1.5538e-06,-5.6101
1.5539e-06,-5.6023
1.554e-06,-5.5613
1.5541e-06,-5.592
1.5542e-06,-5.6556
1.5543e-06,-5.6256
1.5544e-06,-5.429
1.5545e-06,-5.5028
1.5546e-06,-5.4923
1.5547e-06,-5.3849
1.5548e-06,-5.4688
1.5549e-06,-5.4303
1.555e-06,-5.3709
1.5551e-06,-5.5749
1.5552e-06,-5.4168
1.5553e-06,-5.3873
1.5554e-06,-5.3279
1.5555e-06,-5.3727
1.5556e-06,-5.4224
1.5557e-06,-5.4362
1.5558e-06,-5.0595
1.5559e-06,-5.4593
1.556e-06,-5.2751
1.5561e-06,-5.1835
1.5562e-06,-5.1641
1.5563e-06,-5.3046
1.5564e-06,-5.0607
1.5565e-06,-5.055
1.5566e-06,-5.1697
1.5567e-06,-5.1861
1.5568e-06,-5.3955
1.5569e-06,-5.2281
1.557e-06,-5.1339
1.5571e-06,-5.0713
1.5572e-06,-5.1224
1.5573e-06,-5.0515
1.5574e-06,-5.0787
1.5575e-06,-5.037
1.5576e-06,-5.1574
1.5577e-06,-4.9243
1.5578e-06,-5.0477
1.5579e-06,-5.0252
1.558e-06,-4.9113
1.5581e-06,-4.8818
1.5582e-06,-4.9918
1.5583e-06,-5.1544
1.5584e-06,-5.1494
1.5585e-06,-4.9161
1.5586e-06,-5.1072
1.5587e-06,-5.0501
1.5588e-06,-4.973
1.5589e-06,-5.0915
1.559e-06,-4.9771
1.5591e-06,-4.8961
1.5592e-06,-4.8826
1.5593e-06,-4.8556
1.5594e-06,-5.1607
1.5595e-06,-4.7701
1.5596e-06,-4.8047
1.5597e-06,-4.6605
1.5598e-06,-4.9024
1.5599e-06,-4.6901
1.56e-06,-4.5414
1.5601e-06,-4.6666
1.5602e-06,-4.8417
1.5603e-06,-4.7842
1.5604e-06,-4.6546
1.5605e-06,-4.6642
1.5606e-06,-4.7493
1.5607e-06,-4.6954
1.5608e-06,-4.7895
1.5609e-06,-4.7828
1.561e-06,-4.7252
1.5611e-06,-4.4786
1.5612e-06,-4.4754
1.5613e-06,-4.5812
1.5614e-06,-4.5159
1.5615e-06,-4.5702
1.5616e-06,-4.6075
1.5617e-06,-4.5276
1.5618e-06,-4.6772
1.5619e-06,-4.4418
1.562e-06,-4.579
1.5621e-06,-4.4704
1.5622e-06,-4.4924
1.5623e-06,-4.5859
1.5624e-06,-4.5509
1.5625e-06,-4.3563
1.5626e-06,-4.6638
1.5627e-06,-4.4225
1.5628e-06,-4.3523
1.5629e-06,-4.4494
1.563e-06,-4.46
1.5631e-06,-4.4266
1.5632e-06,-4.5516
1.5633e-06,-4.3809
1.5634e-06,-4.2962
1.5635e-06,-4.4041
1.5636e-06,-4.2653
1.5637e-06,-4.4448
1.5638e-06,-4.36
1.5639e-06,-4.3705
1.564e-06,-4.2149
1.5641e-06,-4.1904
1.5642e-06,-4.1905
1.5643e-06,-4.3973
1.5644e-06,-4.2832
1.5645e-06,-4.3847
1.5646e-06,-4.1167
1.5647e-06,-4.3284
1.5648e-06,-4.0968
1.5649e-06,-4.2533
1.565e-06,-4.2594
1.5651e-06,-4.1366
1.5652e-06,-4.0984
1.5653e-06,-4.1625
1.5654e-06,-4.2029
1.5655e-06,-4.0516
1.5656e-06,-4.0322
1.5657e-06,-4.0413
1.5658e-06,-4.0743
1.5659e-06,-4.2526
1.566e-06,-4.0004
1.5661e-06,-4.0063
1.5662e-06,-4.0129
1.5663e-06,-3.8907
1.5664e-06,-3.927
1.5665e-06,-4.1094
1.5666e-06,-4.0131
1.5667e-06,-3.8429
1.5668e-06,-3.9235
1.5669e-06,-4.0786
1.567e-06,-4.0682
1.5671e-06,-3.8274
1.5672e-06,-3.9811
1.5673e-06,-3.8863
1.5674e-06,-3.8256
1.5675e-06,-3.7818
1.5676e-06,-3.9404
1.5677e-06,-3.9735
1.5678e-06,-3.7996
1.5679e-06,-3.8705
1.568e-06,-3.7083
1.5681e-06,-3.7658
1.5682e-06,-3.6431
1.5683e-06,-3.7512
1.5684e-06,-3.7386
1.5685e-06,-3.7225
1.5686e-06,-3.7638
1.5687e-06,-3.7463
1.5688e-06,-3.7179
1.5689e-06,-3.7364
1.569e-06,-3.6088
1.5691e-06,-3.7336
1.5692e-06,-3.7096
1.5693e-06,-3.5884
1.5694e-06,-3.5696
1.5695e-06,-3.7116
1.5696e-06,-3.4839
1.5697e-06,-3.547
1.5698e-06,-3.4582
1.5699e-06,-3.5061
1.57e-06,-3.5251
1.5701e-06,-3.5634
1.5702e-06,-3.3247
1.5703e-06,-3.6425
1.5704e-06,-3.3494
1.5705e-06,-3.7725
1.5706e-06,-3.5389
1.5707e-06,-3.3392
1.5708e-06,-3.5514
1.5709e-06,-3.2927
1.571e-06,-3.2902
1.5711e-06,-3.6233
1.5712e-06,-3.4777
1.5713e-06,-3.3712
1.5714e-06,-3.5504
1.5715e-06,-3.5502
1.5716e-06,-3.4675
1.5717e-06,-3.7084
1.5718e-06,-3.2851
1.5719e-06,-3.5071
1.572e-06,-3.1578
1.5721e-06,-3.3736
1.5722e-06,-3.2951
1.5723e-06,-3.2377
1.5724e-06,-3.2224
1.5725e-06,-3.2031
1.5726e-06,-3.3477
1.5727e-06,-3.2115
1.5728e-06,-3.3534
1.5729e-06,-3.2271
1.573e-06,-3.2388
1.5731e-06,-3.4135
1.5732e-06,-3.2548
1.5733e-06,-3.3871
1.5734e-06,-3.1804
1.5735e-06,-3.2376
1.5736e-06,-3.2791
1.5737e-06,-3.1367
1.5738e-06,-3.0784
1.5739e-06,-3.3039
1.574e-06,-3.2344
1.5741e-06,-3.0968
1.5742e-06,-3.2911
1.5743e-06,-3.1225
1.5744e-06,-3.0828
1.5745e-06,-3.186
1.5746e-06,-2.8506
1.5747e-06,-3.0755
1.5748e-06,-3.0801
1.5749e-06,-2.9649
1.575e-06,-3.1061
1.5751e-06,-3.1648
1.5752e-06,-2.9704
1.5753e-06,-2.8525
1.5754e-06,-2.9516
1.5755e-06,-3.0601
1.5756e-06,-2.7774
1.5757e-06,-3.0537
1.5758e-06,-2.9673
1.5759e-06,-2.8701
1.576e-06,-2.5561
1.5761e-06,-2.9183
1.5762e-06,-2.734
1.5763e-06,-2.8195
1.5764e-06,-2.6236
1.5765e-06,-2.7171
1.5766e-06,-2.6782
1.5767e-06,-2.902
1.5768e-06,-2.7987
1.5769e-06,-2.7977
1.577e-06,-2.7911
1.5771e-06,-2.6372
1.5772e-06,-2.841
1.5773e-06,-2.665
1.5774e-06,-2.7871
1.5775e-06,-2.5632
1.5776e-06,-2.639
1.5777e-06,-2.6701
1.5778e-06,-2.6299
1.5779e-06,-2.5142
1.578e-06,-2.5622
1.5781e-06,-2.5879
1.5782e-06,-2.7088
1.5783e-06,-2.4368
1.5784e-06,-2.4304
1.5785e-06,-2.4952
1.5786e-06,-2.6263
1.5787e-06,-2.4306
1.5788e-06,-2.4225
1.5789e-06,-2.3577
1.579e-06,-2.5692
1.5791e-06,-2.2403
1.5792e-06,-2.3537
1.5793e-06,-2.4828
1.5794e-06,-2.3415
1.5795e-06,-2.3085
1.5796e-06,-2.5244
1.5797e-06,-2.5233
1.5798e-06,-2.4382
1.5799e-06,-2.4084
1.58e-06,-2.3716
1.5801e-06,-2.0785
1.5802e-06,-2.2832
1.5803e-06,-2.3025
1.5804e-06,-2.2012
1.5805e-06,-2.4024
1.5806e-06,-2.3749
1.5807e-06,-2.4379
1.5808e-06,-2.4522
1.5809e-06,-2.302
1.581e-06,-2.1717
1.5811e-06,-2.1359
1.5812e-06,-2.4467
1.5813e-06,-2.3987
1.5814e-06,-2.512
1.5815e-06,-2.2579
1.5816e-06,-2.2283
1.5817e-06,-2.2389
1.5818e-06,-2.2459
1.5819e-06,-2.181
1.582e-06,-2.1271
1.5821e-06,-2.1594
1.5822e-06,-2.3949
1.5823e-06,-2.2042
1.5824e-06,-2.2612
1.5825e-06,-2.3571
1.5826e-06,-2.1333
1.5827e-06,-2.1801
1.5828e-06,-1.8542
1.5829e-06,-2.0387
1.583e-06,-1.9863
1.5831e-06,-1.9576
1.5832e-06,-1.8482
1.5833e-06,-2.127
1.5834e-06,-2.1525
1.5835e-06,-2.0194
1.5836e-06,-1.8815
1.5837e-06,-1.9061
1.5838e-06,-1.9544
1.5839e-06,-2.0305
1.584e-06,-2.0826
1.5841e-06,-2.0367
1.5842e-06,-1.726
1.5843e-06,-1.9768
1.5844e-06,-2.0178
1.5845e-06,-2.0431
1.5846e-06,-1.9618
1.5847e-06,-1.7201
1.5848e-06,-1.7788
1.5849e-06,-1.9199
1.585e-06,-1.7913
1.5851e-06,-1.7876
1.5852e-06,-1.9191
1.5853e-06,-1.7278
1.5854e-06,-1.8391
1.5855e-06,-1.6876
1.5856e-06,-1.8566
1.5857e-06,-1.6544
1.5858e-06,-1.6092
1.5859e-06,-1.8558
1.586e-06,-1.8735
1.5861e-06,-1.7061
1.5862e-06,-1.7037
1.5863e-06,-1.702
1.5864e-06,-1.6963
1.5865e-06,-1.5562
1.5866e-06,-1.4721
1.5867e-06,-1.6529
1.5868e-06,-1.5526
1.5869e-06,-1.5579
1.587e-06,-1.6013
1.5871e-06,-1.7994
1.5872e-06,-1.5839
1.5873e-06,-1.3206
1.5874e-06,-1.4697
1.5875e-06,-1.7148
1.5876e-06,-1.6185
1.5877e-06,-1.36
1.5878e-06,-1.5463
1.5879e-06,-1.4049
1.588e-06,-1.2318
1.5881e-06,-1.4985
1.5882e-06,-1.7054
1.5883e-06,-1.2901
1.5884e-06,-1.4545
1.5885e-06,-1.6089
1.5886e-06,-1.4704
1.5887e-06,-1.3688
1.5888e-06,-1.5014
1.5889e-06,-1.4203
1.589e-06,-1.4972
1.5891e-06,-1.4519
1.5892e-06,-1.3954
1.5893e-06,-1.2116
1.5894e-06,-1.4213
1.5895e-06,-1.418
1.5896e-06,-1.4538
1.5897e-06,-1.1742
1.5898e-06,-1.3209
1.5899e-06,-1.2805
1.59e-06,-1.2578
1.5901e-06,-1.2966
1.5902e-06,-1.0708
1.5903e-06,-1.1328
1.5904e-06,-1.3419
1.5905e-06,-1.2972
1.5906e-06,-1.1637
1.5907e-06,-1.0951
1.5908e-06,-1.2981
1.5909e-06,-1.2335
1.591e-06,-1.251
1.5911e-06,-1.1788
1.5912e-06,-1.2585
1.5913e-06,-1.0249
1.5914e-06,-1.1928
1.5915e-06,-1.2548
1.5916e-06,-1.2358
1.5917e-06,-1.2422
1.5918e-06,-1.0532
1.5919e-06,-1.1226
1.592e-06,-0.88787
1.5921e-06,-1.2828
1.5922e-06,-0.92462
1.5923e-06,-1.1076
1.5924e-06,-1.0924
1.5925e-06,-1.0169
1.5926e-06,-1.0073
1.5927e-06,-0.97314
1.5928e-06,-1.1421
1.5929e-06,-0.96355
1.593e-06,-1.1219
1.5931e-06,-0.91753
1.5932e-06,-1.0277
1.5933e-06,-0.91646
1.5934e-06,-0.90907
1.5935e-06,-0.81932
1.5936e-06,-1.1044
1.5937e-06,-1.0182
1.5938e-06,-0.93296
1.5939e-06,-1.116
1.594e-06,-0.83205
1.5941e-06,-0.75548
1.5942e-06,-1.0698
1.5943e-06,-0.79292
1.5944e-06,-0.80733
1.5945e-06,-0.88399
1.5946e-06,-0.90296
1.5947e-06,-0.90687
1.5948e-06,-0.77416
1.5949e-06,-0.91646
1.595e-06,-0.78758
1.5951e-06,-0.84177
1.5952e-06,-0.79561
1.5953e-06,-0.71036
1.5954e-06,-0.70655
1.5955e-06,-0.76175
1.5956e-06,-0.74978
1.5957e-06,-0.51875
1.5958e-06,-0.88025
1.5959e-06,-0.75144
1.596e-06,-0.64318
1.5961e-06,-0.58724
1.5962e-06,-0.61501
1.5963e-06,-0.75438
1.5964e-06,-0.90941
1.5965e-06,-0.71004
1.5966e-06,-0.58298
1.5967e-06,-0.75438
1.5968e-06,-0.767
1.5969e-06,-0.585
1.597e-06,-0.35306
1.5971e-06,-0.52703
1.5972e-06,-0.58242
1.5973e-06,-0.81947
1.5974e-06,-0.41204
1.5975e-06,-0.5486
1.5976e-06,-0.64446
1.5977e-06,-0.44399
1.5978e-06,-0.4602
1.5979e-06,-0.61027
1.598e-06,-0.74398
1.5981e-06,-0.61749
1.5982e-06,-0.63327
1.5983e-06,-0.56314
1.5984e-06,-0.53864
1.5985e-06,-0.21747
1.5986e-06,-0.60105
1.5987e-06,-0.46595
1.5988e-06,-0.62411
1.5989e-06,-0.45667
1.599e-06,-0.21091
1.5991e-06,-0.43293
1.5992e-06,-0.32802
1.5993e-06,-0.30996
1.5994e-06,-0.35193
1.5995e-06,-0.24685
1.5996e-06,-0.30766
1.5997e-06,-0.39318
1.5998e-06,-0.39651
1.5999e-06,-0.46882
1.6e-06,-0.25704
1.6001e-06,-0.23948
1.6002e-06,-0.59256
1.6003e-06,-0.58058
1.6004e-06,-0.24968
1.6005e-06,-0.1168
1.6006e-06,-0.39757
1.6007e-06,-0.30265
1.6008e-06,-0.45422
1.6009e-06,-0.40495
1.601e-06,-0.15749
1.6011e-06,-0.5041
1.6012e-06,-0.21779
1.6013e-06,-0.38186
1.6014e-06,-0.24489
1.6015e-06,-0.14697
1.6016e-06,-0.10078
1.6017e-06,-0.25976
1.6018e-06,-0.22279
1.6019e-06,-0.18895
1.602e-06,-0.21879
1.6021e-06,-0.28736
1.6022e-06,-0.13865
1.6023e-06,-0.044675
1.6024e-06,-0.092219
1.6025e-06,-0.269
1.6026e-06,-0.17828
1.6027e-06,-0.28161
1.6028e-06,-0.30482
1.6029e-06,-0.016342
1.603e-06,-0.060959
1.6031e-06,-0.24079
1.6032e-06,-0.024683
1.6033e-06,-0.11103
1.6034e-06,-0.11074
1.6035e-06,-0.078354
1.6036e-06,-0.02083
1.6037e-06,0.016309
1.6038e-06,-0.14315
1.6039e-06,-0.215
1.604e-06,-0.013609
1.6041e-06,0.069318
1.6042e-06,0.13398
1.6043e-06,0.18754
1.6044e-06,0.10296
1.6045e-06,-0.18094
1.6046e-06,0.086273
1.6047e-06,-0.076352
1.6048e-06,0.1191
1.6049e-06,0.11931
1.605e-06,0.23444
1.6051e-06,0.056549
1.6052e-06,0.2948
1.6053e-06,0.32672
1.6054e-06,0.10088
1.6055e-06,0.25372
1.6056e-06,0.15986
1.6057e-06,0.16965
1.6058e-06,0.057403
1.6059e-06,0.097125
1.606e-06,0.03474
1.6061e-06,0.13659
1.6062e-06,0.21863
1.6063e-06,0.013875
1.6064e-06,0.064889
1.6065e-06,0.13394
1.6066e-06,0.38613
1.6067e-06,0.4442
1.6068e-06,0.33937
1.6069e-06,0.31795
1.607e-06,0.26176
1.6071e-06,0.23536
1.6072e-06,0.37682
1.6073e-06,0.35142
1.6074e-06,0.31472
1.6075e-06,0.39438
1.6076e-06,0.11151
1.6077e-06,0.26733
1.6078e-06,0.30261
1.6079e-06,0.43609
1.608e-06,0.26344
1.6081e-06,0.24186
1.6082e-06,0.242
1.6083e-06,0.33433
1.6084e-06,0.21758
1.6085e-06,0.4775
1.6086e-06,0.36344
1.6087e-06,0.28992
1.6088e-06,0.16649
1.6089e-06,0.23009
1.609e-06,0.36996
1.6091e-06,0.74211
1.6092e-06,0.53675
1.6093e-06,0.32295
1.6094e-06,0.44162
1.6095e-06,0.51276
1.6096e-06,0.37815
1.6097e-06,0.50874
1.6098e-06,0.49412
1.6099e-06,0.52232
1.61e-06,0.55622
1.6101e-06,0.42494
1.6102e-06,0.75459
1.6103e-06,0.61456
1.6104e-06,0.51571
1.6105e-06,0.56982
1.6106e-06,0.77828
1.6107e-06,0.55603
1.6108e-06,0.58037
1.6109e-06,0.79693
1.611e-06,0.55006
1.6111e-06,0.29921
1.6112e-06,0.72787
1.6113e-06,0.63201
1.6114e-06,0.52354
1.6115e-06,0.36092
1.6116e-06,0.54033
1.6117e-06,0.66143
1.6118e-06,0.63157
1.6119e-06,0.49404
1.612e-06,0.84916
1.6121e-06,0.9613
1.6122e-06,0.7225
1.6123e-06,0.63594
1.6124e-06,0.79297
1.6125e-06,0.74636
1.6126e-06,0.66638
1.6127e-06,0.63633
1.6128e-06,0.69445
1.6129e-06,0.65751
1.613e-06,0.70696
1.6131e-06,0.79574
1.6132e-06,0.81146
1.6133e-06,0.87772
1.6134e-06,0.79642
1.6135e-06,0.74204
1.6136e-06,0.63553
1.6137e-06,0.68851
1.6138e-06,0.6322
1.6139e-06,0.68441
1.614e-06,0.73646
1.6141e-06,1.0749
1.6142e-06,0.66979
1.6143e-06,0.90022
1.6144e-06,0.76754
1.6145e-06,0.89332
1.6146e-06,0.8507
1.6147e-06,0.82432
1.6148e-06,1.0834
1.6149e-06,0.77145
1.615e-06,0.68436
1.6151e-06,0.85608
1.6152e-06,0.93931
1.6153e-06,0.86334
1.6154e-06,0.96131
1.6155e-06,0.92288
1.6156e-06,0.92282
1.6157e-06,0.86549
1.6158e-06,1.0357
1.6159e-06,0.95813
1.616e-06,0.91551
1.6161e-06,0.92515
1.6162e-06,0.97274
1.6163e-06,0.89423
1.6164e-06,0.98166
1.6165e-06,1.0442
1.6166e-06,1.1639
1.6167e-06,1.1267
1.6168e-06,1.0186
1.6169e-06,0.84344
1.617e-06,1.0241
1.6171e-06,0.97848
1.6172e-06,0.93472
1.6173e-06,1.0713
1.6174e-06,0.79322
1.6175e-06,0.90986
1.6176e-06,1.2145
1.6177e-06,1.0347
1.6178e-06,1.0781
1.6179e-06,1.0553
1.618e-06,1.0282
1.6181e-06,1.053
1.6182e-06,1.2469
1.6183e-06,1.1227
1.6184e-06,0.97756
1.6185e-06,1.2108
1.6186e-06,1.1259
1.6187e-06,1.2416
1.6188e-06,1.4049
1.6189e-06,1.0912
1.619e-06,1.2495
1.6191e-06,1.0842
1.6192e-06,1.3261
1.6193e-06,1.2424
1.6194e-06,1.4246
1.6195e-06,1.0874
1.6196e-06,1.1675
1.6197e-06,1.3265
1.6198e-06,0.98285
1.6199e-06,1.1368
1.62e-06,1.171
1.6201e-06,1.1741
1.6202e-06,1.266
1.6203e-06,1.2168
1.6204e-06,1.4826
1.6205e-06,1.233
1.6206e-06,1.3767
1.6207e-06,1.1424
1.6208e-06,1.4656
1.6209e-06,1.5181
1.621e-06,1.2603
1.6211e-06,1.3642
1.6212e-06,1.3913
1.6213e-06,1.4865
1.6214e-06,1.4527
1.6215e-06,1.3889
1.6216e-06,1.2551
1.6217e-06,1.4744
1.6218e-06,1.3057
1.6219e-06,1.359
1.622e-06,1.2498
1.6221e-06,1.5516
1.6222e-06,1.4433
1.6223e-06,1.203
1.6224e-06,1.4145
1.6225e-06,1.5765
1.6226e-06,1.3507
1.6227e-06,1.4503
1.6228e-06,1.4581
1.6229e-06,1.2395
1.623e-06,1.2801
1.6231e-06,1.4982
1.6232e-06,1.6883
1.6233e-06,1.3863
1.6234e-06,1.5672
1.6235e-06,1.5854
1.6236e-06,1.5122
1.6237e-06,1.2955
1.6238e-06,1.4618
1.6239e-06,1.831
1.624e-06,1.3914
1.6241e-06,1.4291
1.6242e-06,1.5506
1.6243e-06,1.5383
1.6244e-06,1.7652
1.6245e-06,1.4582
1.6246e-06,1.5477
1.6247e-06,1.6749
1.6248e-06,1.5973
1.6249e-06,1.5038
1.625e-06,1.3929
1.6251e-06,1.5016
1.6252e-06,1.5148
1.6253e-06,1.7259
1.6254e-06,1.6447
1.6255e-06,1.4711
1.6256e-06,1.7256
1.6257e-06,1.6705
1.6258e-06,1.701
1.6259e-06,1.5777
1.626e-06,1.6721
1.6261e-06,1.6882
1.6262e-06,1.7777
1.6263e-06,1.7302
1.6264e-06,1.7371
1.6265e-06,1.7298
1.6266e-06,1.7208
1.6267e-06,1.8122
1.6268e-06,1.9632
1.6269e-06,1.5926
1.627e-06,1.8535
1.6271e-06,1.7727
1.6272e-06,1.5831
1.6273e-06,1.8836
1.6274e-06,1.6367
1.6275e-06,1.5485
1.6276e-06,1.8615
1.6277e-06,1.7302
1.6278e-06,1.8901
1.6279e-06,2.0763
1.628e-06,1.8008
1.6281e-06,1.9313
1.6282e-06,2.1272
1.6283e-06,1.6131
1.6284e-06,1.7646
1.6285e-06,1.5426
1.6286e-06,1.6535
1.6287e-06,1.7955
1.6288e-06,1.7588
1.6289e-06,1.8401
1.629e-06,1.5427
1.6291e-06,1.5285
1.6292e-06,1.8936
1.6293e-06,1.6797
1.6294e-06,1.695
1.6295e-06,1.7622
1.6296e-06,1.8577
1.6297e-06,1.7103
1.6298e-06,1.8487
1.6299e-06,1.6467
1.63e-06,1.8501
1.6301e-06,1.8417
1.6302e-06,1.8151
1.6303e-06,2.0064
1.6304e-06,1.8938
1.6305e-06,1.7859
1.6306e-06,1.5022
1.6307e-06,2.012
1.6308e-06,1.9103
1.6309e-06,1.9496
1.631e-06,1.8398
1.6311e-06,2.0805
1.6312e-06,1.8574
1.6313e-06,2.0014
1.6314e-06,2.0043
1.6315e-06,2.1579
1.6316e-06,1.757
1.6317e-06,2.0048
1.6318e-06,1.9525
1.6319e-06,2.0556
1.632e-06,1.8279
1.6321e-06,1.935
1.6322e-06,2.1994
1.6323e-06,2.2949
1.6324e-06,2.1358
1.6325e-06,1.9384
1.6326e-06,1.8724
1.6327e-06,2.056
1.6328e-06,2.2558
1.6329e-06,2.1804
1.633e-06,2.1385
1.6331e-06,2.0812
1.6332e-06,1.9724
1.6333e-06,2.1457
1.6334e-06,2.2089
1.6335e-06,2.2399
1.6336e-06,2.2453
1.6337e-06,2.3472
1.6338e-06,2.2578
1.6339e-06,1.9668
1.634e-06,2.2541
1.6341e-06,2.1999
1.6342e-06,2.1573
1.6343e-06,2.1713
1.6344e-06,2.2628
1.6345e-06,2.3003
1.6346e-06,2.0857
1.6347e-06,2.2545
1.6348e-06,2.2905
1.6349e-06,2.0564
1.635e-06,2.2923
1.6351e-06,2.3567
1.6352e-06,2.1112
1.6353e-06,2.0925
1.6354e-06,2.2904
1.6355e-06,2.218
1.6356e-06,2.2584
1.6357e-06,2.0157
1.6358e-06,2.2331
1.6359e-06,2.0922
1.636e-06,2.1642
1.6361e-06,2.0611
1.6362e-06,2.0992
1.6363e-06,2.1102
1.6364e-06,2.3328
1.6365e-06,2.3968
1.6366e-06,2.3071
1.6367e-06,2.2593
1.6368e-06,2.2455
1.6369e-06,2.2763
1.637e-06,1.9993
1.6371e-06,2.2027
1.6372e-06,2.3809
1.6373e-06,2.3757
1.6374e-06,2.4245
1.6375e-06,2.0614
1.6376e-06,2.2497
1.6377e-06,2.4029
1.6378e-06,2.4486
1.6379e-06,2.8092
1.638e-06,2.6278
1.6381e-06,2.3417
1.6382e-06,2.2167
1.6383e-06,2.531
1.6384e-06,2.356
1.6385e-06,2.5958
1.6386e-06,2.6297
1.6387e-06,2.4762
1.6388e-06,2.412
1.6389e-06,2.4088
1.639e-06,2.6096
1.6391e-06,2.2881
1.6392e-06,2.4879
1.6393e-06,2.4241
1.6394e-06,2.5887
1.6395e-06,2.4637
1.6396e-06,2.4964
1.6397e-06,2.4264
1.6398e-06,2.4224
1.6399e-06,2.3826
1.64e-06,2.4482
1.6401e-06,2.3408
1.6402e-06,2.5888
1.6403e-06,2.8697
1.6404e-06,2.6038
1.6405e-06,2.6897
1.6406e-06,2.4089
1.6407e-06,2.3804
1.6408e-06,2.4697
1.6409e-06,2.662
1.641e-06,2.7422
1.6411e-06,2.6272
1.6412e-06,2.4553
1.6413e-06,2.4987
1.6414e-06,2.4401
1.6415e-06,2.6806
1.6416e-06,2.5446
1.6417e-06,2.4769
1.6418e-06,2.7099
1.6419e-06,2.7075
1.642e-06,2.4218
1.6421e-06,2.3525
1.6422e-06,2.756
1.6423e-06,2.589
1.6424e-06,2.654
1.6425e-06,2.7218
1.6426e-06,2.6441
1.6427e-06,2.4593
1.6428e-06,2.5996
1.6429e-06,2.7461
1.643e-06,2.5437
1.6431e-06,2.5227
1.6432e-06,2.4889
1.6433e-06,2.6773
1.6434e-06,2.3506
1.6435e-06,2.7129
1.6436e-06,2.7041
1.6437e-06,2.8309
1.6438e-06,2.5336
1.6439e-06,2.4883
1.644e-06,2.8457
1.6441e-06,2.5176
1.6442e-06,2.7444
1.6443e-06,2.6859
1.6444e-06,2.773
1.6445e-06,2.661
1.6446e-06,2.8945
1.6447e-06,2.6786
1.6448e-06,2.6961
1.6449e-06,2.5108
1.645e-06,2.7617
1.6451e-06,2.8938
1.6452e-06,2.4682
1.6453e-06,2.9258
1.6454e-06,2.6661
1.6455e-06,2.7761
1.6456e-06,2.9062
1.6457e-06,2.8445
1.6458e-06,3.1913
1.6459e-06,2.6775
1.646e-06,2.966
1.6461e-06,2.7686
1.6462e-06,2.6073
1.6463e-06,2.5929
1.6464e-06,2.8211
1.6465e-06,2.8073
1.6466e-06,2.8812
1.6467e-06,2.628
1.6468e-06,2.7015
1.6469e-06,2.8395
1.647e-06,2.8064
1.6471e-06,2.8523
1.6472e-06,2.913
1.6473e-06,3.0648
1.6474e-06,2.6487
1.6475e-06,2.8052
1.6476e-06,2.7819
1.6477e-06,2.9081
1.6478e-06,3.061
1.6479e-06,2.8662
1.648e-06,2.8271
1.6481e-06,3.0282
1.6482e-06,2.8998
1.6483e-06,2.7822
1.6484e-06,3.0497
1.6485e-06,2.8908
1.6486e-06,2.9456
1.6487e-06,2.8434
1.6488e-06,2.8377
1.6489e-06,2.9439
1.649e-06,2.8259
1.6491e-06,2.9419
1.6492e-06,2.9415
1.6493e-06,3.0022
1.6494e-06,3.3655
1.6495e-06,3.0479
1.6496e-06,2.833
1.6497e-06,2.9789
1.6498e-06,2.7841
1.6499e-06,2.9465
1.65e-06,3.068
