1.35e-06,9.1633
1.3501e-06,9.2473
1.3502e-06,9.2127
1.3503e-06,9.1313
1.3504e-06,9.076
1.3505e-06,9.1281
1.3506e-06,9.1439
1.3507e-06,9.2849
1.3508e-06,9.2166
1.3509e-06,9.0608
1.351e-06,9.1917
1.3511e-06,9.2073
1.3512e-06,9.2069
1.3513e-06,9.1888
1.3514e-06,9.2246
1.3515e-06,9.18
1.3516e-06,9.13
1.3517e-06,9.1199
1.3518e-06,9.1741
1.3519e-06,9.0888
1.352e-06,9.0764
1.3521e-06,9.135
1.3522e-06,9.1049
1.3523e-06,9.0797
1.3524e-06,9.0185
1.3525e-06,9.0807
1.3526e-06,8.9832
1.3527e-06,8.996
1.3528e-06,8.9764
1.3529e-06,9.0615
1.353e-06,9.1924
1.3531e-06,9.0416
1.3532e-06,9.0057
1.3533e-06,9.0649
1.3534e-06,8.9585
1.3535e-06,9.0435
1.3536e-06,9.0692
1.3537e-06,9.0326
1.3538e-06,9.0523
1.3539e-06,9.0544
1.354e-06,9.1419
1.3541e-06,8.988
1.3542e-06,8.8822
1.3543e-06,8.9089
1.3544e-06,8.9051
1.3545e-06,8.9382
1.3546e-06,8.8971
1.3547e-06,8.9148
1.3548e-06,8.9812
1.3549e-06,8.8495
1.355e-06,8.9011
1.3551e-06,8.9796
1.3552e-06,8.8517
1.3553e-06,8.8889
1.3554e-06,8.9385
1.3555e-06,8.9553
1.3556e-06,8.8712
1.3557e-06,8.8602
1.3558e-06,8.968
1.3559e-06,8.8827
1.356e-06,8.7639
1.3561e-06,8.8599
1.3562e-06,8.9487
1.3563e-06,8.9681
1.3564e-06,8.7824
1.3565e-06,8.9847
1.3566e-06,8.8673
1.3567e-06,8.9254
1.3568e-06,8.9364
1.3569e-06,8.7534
1.357e-06,8.9067
1.3571e-06,8.8696
1.3572e-06,8.8636
1.3573e-06,8.8182
1.3574e-06,8.7697
1.3575e-06,8.8814
1.3576e-06,8.7102
1.3577e-06,8.8053
1.3578e-06,8.7732
1.3579e-06,8.8057
1.358e-06,8.7309
1.3581e-06,8.7643
1.3582e-06,8.8205
1.3583e-06,8.8407
1.3584e-06,8.7231
1.3585e-06,8.8211
1.3586e-06,8.7482
1.3587e-06,8.7439
1.3588e-06,8.8552
1.3589e-06,8.7703
1.359e-06,8.6455
1.3591e-06,8.792
1.3592e-06,8.6991
1.3593e-06,8.743
1.3594e-06,8.7742
1.3595e-06,8.6046
1.3596e-06,8.6181
1.3597e-06,8.7845
1.3598e-06,8.6357
1.3599e-06,8.8057
1.36e-06,8.8445
1.3601e-06,8.734
1.3602e-06,8.6281
1.3603e-06,8.629
1.3604e-06,8.7221
1.3605e-06,8.6631
1.3606e-06,8.7707
1.3607e-06,8.6212
1.3608e-06,8.6594
1.3609e-06,8.6941
1.361e-06,8.6784
1.3611e-06,8.6881
1.3612e-06,8.5669
1.3613e-06,8.5371
1.3614e-06,8.7186
1.3615e-06,8.5388
1.3616e-06,8.6041
1.3617e-06,8.5436
1.3618e-06,8.4896
1.3619e-06,8.718
1.362e-06,8.5846
1.3621e-06,8.6101
1.3622e-06,8.5751
1.3623e-06,8.4372
1.3624e-06,8.6986
1.3625e-06,8.5475
1.3626e-06,8.4731
1.3627e-06,8.5764
1.3628e-06,8.6034
1.3629e-06,8.5278
1.363e-06,8.5318
1.3631e-06,8.6031
1.3632e-06,8.6151
1.3633e-06,8.5842
1.3634e-06,8.5147
1.3635e-06,8.7114
1.3636e-06,8.5591
1.3637e-06,8.5792
1.3638e-06,8.5338
1.3639e-06,8.5228
1.364e-06,8.3746
1.3641e-06,8.6181
1.3642e-06,8.6349
1.3643e-06,8.5978
1.3644e-06,8.4251
1.3645e-06,8.4329
1.3646e-06,8.4564
1.3647e-06,8.4143
1.3648e-06,8.3612
1.3649e-06,8.4434
1.365e-06,8.5821
1.3651e-06,8.5315
1.3652e-06,8.5838
1.3653e-06,8.3867
1.3654e-06,8.4271
1.3655e-06,8.5969
1.3656e-06,8.4512
1.3657e-06,8.402
1.3658e-06,8.3797
1.3659e-06,8.4293
1.366e-06,8.4972
1.3661e-06,8.4304
1.3662e-06,8.5319
1.3663e-06,8.3952
1.3664e-06,8.604
1.3665e-06,8.4782
1.3666e-06,8.4948
1.3667e-06,8.3147
1.3668e-06,8.4354
1.3669e-06,8.317
1.367e-06,8.4734
1.3671e-06,8.3661
1.3672e-06,8.4259
1.3673e-06,8.321
1.3674e-06,8.3925
1.3675e-06,8.2338
1.3676e-06,8.3682
1.3677e-06,8.3782
1.3678e-06,8.2825
1.3679e-06,8.297
1.368e-06,8.3218
1.3681e-06,8.3817
1.3682e-06,8.3384
1.3683e-06,8.3655
1.3684e-06,8.3888
1.3685e-06,8.3758
1.3686e-06,8.2957
1.3687e-06,8.1251
1.3688e-06,8.2718
1.3689e-06,8.2086
1.369e-06,8.3241
1.3691e-06,8.265
1.3692e-06,8.215
1.3693e-06,8.2912
1.3694e-06,8.2699
1.3695e-06,8.2707
1.3696e-06,8.3421
1.3697e-06,8.2324
1.3698e-06,8.3198
1.3699e-06,8.2536
1.37e-06,8.3894
1.3701e-06,8.2453
1.3702e-06,8.4374
1.3703e-06,8.3447
1.3704e-06,8.1278
1.3705e-06,8.2105
1.3706e-06,8.294
1.3707e-06,8.2547
1.3708e-06,8.0709
1.3709e-06,8.1692
1.371e-06,8.1576
1.3711e-06,8.1607
1.3712e-06,8.0384
1.3713e-06,8.2714
1.3714e-06,8.0641
1.3715e-06,8.1937
1.3716e-06,8.1885
1.3717e-06,8.1429
1.3718e-06,8.1511
1.3719e-06,8.2847
1.372e-06,8.1716
1.3721e-06,8.1366
1.3722e-06,8.1
1.3723e-06,8.1324
1.3724e-06,8.1652
1.3725e-06,8.2233
1.3726e-06,8.1753
1.3727e-06,8.1141
1.3728e-06,8.0984
1.3729e-06,8.0585
1.373e-06,8.0831
1.3731e-06,8.0175
1.3732e-06,8.108
1.3733e-06,7.8714
1.3734e-06,8.1661
1.3735e-06,8.0807
1.3736e-06,8.0692
1.3737e-06,8.0795
1.3738e-06,8.1107
1.3739e-06,8.0197
1.374e-06,8.0569
1.3741e-06,7.985
1.3742e-06,8.1128
1.3743e-06,8.0841
1.3744e-06,8.2001
1.3745e-06,7.9739
1.3746e-06,8.0671
1.3747e-06,8.0028
1.3748e-06,7.9821
1.3749e-06,8.0966
1.375e-06,8.0214
1.3751e-06,8.0008
1.3752e-06,7.9782
1.3753e-06,8.0651
1.3754e-06,8.0885
1.3755e-06,7.9762
1.3756e-06,7.9724
1.3757e-06,8.0798
1.3758e-06,8.0055
1.3759e-06,7.8998
1.376e-06,7.8842
1.3761e-06,7.9713
1.3762e-06,8.0484
1.3763e-06,8.0338
1.3764e-06,7.7938
1.3765e-06,7.9677
1.3766e-06,8.0008
1.3767e-06,8.0276
1.3768e-06,7.9955
1.3769e-06,7.9937
1.377e-06,7.9601
1.3771e-06,7.8092
1.3772e-06,7.8784
1.3773e-06,7.9999
1.3774e-06,7.9556
1.3775e-06,7.9825
1.3776e-06,7.7966
1.3777e-06,7.8894
1.3778e-06,7.819
1.3779e-06,7.918
1.378e-06,7.8174
1.3781e-06,7.8435
1.3782e-06,7.8337
1.3783e-06,7.8697
1.3784e-06,7.774
1.3785e-06,7.8308
1.3786e-06,7.8531
1.3787e-06,7.8556
1.3788e-06,7.8101
1.3789e-06,7.8441
1.379e-06,7.7769
1.3791e-06,7.6977
1.3792e-06,7.7593
1.3793e-06,7.7439
1.3794e-06,7.7751
1.3795e-06,7.8096
1.3796e-06,7.9524
1.3797e-06,7.802
1.3798e-06,7.8042
1.3799e-06,7.7245
1.38e-06,7.8247
1.3801e-06,7.838
1.3802e-06,7.7919
1.3803e-06,7.8254
1.3804e-06,7.841
1.3805e-06,7.6368
1.3806e-06,7.8067
1.3807e-06,7.7531
1.3808e-06,7.7294
1.3809e-06,7.7164
1.381e-06,7.6573
1.3811e-06,7.7744
1.3812e-06,7.7866
1.3813e-06,7.7791
1.3814e-06,7.7211
1.3815e-06,7.6829
1.3816e-06,7.664
1.3817e-06,7.6874
1.3818e-06,7.7269
1.3819e-06,7.5758
1.382e-06,7.5812
1.3821e-06,7.6777
1.3822e-06,7.516
1.3823e-06,7.4483
1.3824e-06,7.5212
1.3825e-06,7.6155
1.3826e-06,7.7003
1.3827e-06,7.6085
1.3828e-06,7.5495
1.3829e-06,7.5005
1.383e-06,7.7591
1.3831e-06,7.58
1.3832e-06,7.4998
1.3833e-06,7.508
1.3834e-06,7.5487
1.3835e-06,7.5085
1.3836e-06,7.596
1.3837e-06,7.5525
1.3838e-06,7.5948
1.3839e-06,7.538
1.384e-06,7.5936
1.3841e-06,7.4572
1.3842e-06,7.4823
1.3843e-06,7.613
1.3844e-06,7.4747
1.3845e-06,7.5456
1.3846e-06,7.6634
1.3847e-06,7.6346
1.3848e-06,7.5979
1.3849e-06,7.5989
1.385e-06,7.5106
1.3851e-06,7.5732
1.3852e-06,7.575
1.3853e-06,7.5227
1.3854e-06,7.6059
1.3855e-06,7.6905
1.3856e-06,7.6243
1.3857e-06,7.6025
1.3858e-06,7.4007
1.3859e-06,7.5331
1.386e-06,7.4282
1.3861e-06,7.5264
1.3862e-06,7.4613
1.3863e-06,7.4482
1.3864e-06,7.4915
1.3865e-06,7.3522
1.3866e-06,7.5305
1.3867e-06,7.5887
1.3868e-06,7.5019
1.3869e-06,7.4571
1.387e-06,7.4261
1.3871e-06,7.3202
1.3872e-06,7.4926
1.3873e-06,7.5717
1.3874e-06,7.4475
1.3875e-06,7.5239
1.3876e-06,7.5126
1.3877e-06,7.4304
1.3878e-06,7.3017
1.3879e-06,7.415
1.388e-06,7.4377
1.3881e-06,7.3053
1.3882e-06,7.322
1.3883e-06,7.3818
1.3884e-06,7.2965
1.3885e-06,7.4683
1.3886e-06,7.2829
1.3887e-06,7.353
1.3888e-06,7.4031
1.3889e-06,7.2531
1.389e-06,7.2028
1.3891e-06,7.3734
1.3892e-06,7.4061
1.3893e-06,7.4108
1.3894e-06,7.334
1.3895e-06,7.2127
1.3896e-06,7.297
1.3897e-06,7.3118
1.3898e-06,7.2053
1.3899e-06,7.3031
1.39e-06,7.2023
1.3901e-06,7.2707
1.3902e-06,7.3017
1.3903e-06,7.2474
1.3904e-06,7.2433
1.3905e-06,7.2004
1.3906e-06,7.2143
1.3907e-06,7.2724
1.3908e-06,7.4632
1.3909e-06,7.134
1.391e-06,7.2137
1.3911e-06,7.3711
1.3912e-06,7.0852
1.3913e-06,7.2579
1.3914e-06,7.0725
1.3915e-06,7.1317
1.3916e-06,7.2305
1.3917e-06,7.2643
1.3918e-06,7.1363
1.3919e-06,7.0707
1.392e-06,7.2751
1.3921e-06,7.2017
1.3922e-06,7.1642
1.3923e-06,7.045
1.3924e-06,7.1235
1.3925e-06,7.2538
1.3926e-06,7.1083
1.3927e-06,7.0411
1.3928e-06,7.1939
1.3929e-06,7.2166
1.393e-06,7.0539
1.3931e-06,7.0635
1.3932e-06,7.1405
1.3933e-06,7.2375
1.3934e-06,7.2523
1.3935e-06,7.1619
1.3936e-06,7.0143
1.3937e-06,7.1361
1.3938e-06,7.0854
1.3939e-06,7.0158
1.394e-06,7.1425
1.3941e-06,6.992
1.3942e-06,7.124
1.3943e-06,7.0243
1.3944e-06,7.0108
1.3945e-06,7.0227
1.3946e-06,7.1097
1.3947e-06,7.0615
1.3948e-06,7.0809
1.3949e-06,6.9349
1.395e-06,7.005
1.3951e-06,7.0272
1.3952e-06,6.984
1.3953e-06,6.9209
1.3954e-06,6.8718
1.3955e-06,6.9498
1.3956e-06,7.0124
1.3957e-06,6.9277
1.3958e-06,7.0851
1.3959e-06,7.0065
1.396e-06,6.9161
1.3961e-06,7.0668
1.3962e-06,6.9914
1.3963e-06,6.9811
1.3964e-06,6.9192
1.3965e-06,6.6808
1.3966e-06,6.8335
1.3967e-06,6.8247
1.3968e-06,7.0171
1.3969e-06,6.8465
1.397e-06,6.9133
1.3971e-06,6.8565
1.3972e-06,6.849
1.3973e-06,6.9315
1.3974e-06,6.867
1.3975e-06,6.8537
1.3976e-06,6.7836
1.3977e-06,6.7919
1.3978e-06,6.8408
1.3979e-06,6.7689
1.398e-06,6.9952
1.3981e-06,6.8756
1.3982e-06,6.89
1.3983e-06,6.8765
1.3984e-06,6.8689
1.3985e-06,6.7721
1.3986e-06,6.8322
1.3987e-06,6.7923
1.3988e-06,6.7749
1.3989e-06,6.7739
1.399e-06,6.6313
1.3991e-06,6.7077
1.3992e-06,6.6441
1.3993e-06,6.7453
1.3994e-06,6.7527
1.3995e-06,6.9138
1.3996e-06,6.6536
1.3997e-06,6.8969
1.3998e-06,6.624
1.3999e-06,6.6206
1.4e-06,6.6022
1.4001e-06,6.7321
1.4002e-06,6.7277
1.4003e-06,6.6131
1.4004e-06,6.7422
1.4005e-06,6.6849
1.4006e-06,6.5604
1.4007e-06,6.7895
1.4008e-06,6.743
1.4009e-06,6.7117
1.401e-06,6.6261
1.4011e-06,6.5266
1.4012e-06,6.6933
1.4013e-06,6.7253
1.4014e-06,6.6322
1.4015e-06,6.6033
1.4016e-06,6.7124
1.4017e-06,6.4721
1.4018e-06,6.6006
1.4019e-06,6.6977
1.402e-06,6.6216
1.4021e-06,6.6111
1.4022e-06,6.6714
1.4023e-06,6.6489
1.4024e-06,6.5733
1.4025e-06,6.6261
1.4026e-06,6.5633
1.4027e-06,6.5345
1.4028e-06,6.6206
1.4029e-06,6.6724
1.403e-06,6.6015
1.4031e-06,6.6341
1.4032e-06,6.6141
1.4033e-06,6.4813
1.4034e-06,6.5526
1.4035e-06,6.521
1.4036e-06,6.3969
1.4037e-06,6.4655
1.4038e-06,6.5983
1.4039e-06,6.6195
1.404e-06,6.5216
1.4041e-06,6.3913
1.4042e-06,6.5665
1.4043e-06,6.4622
1.4044e-06,6.4726
1.4045e-06,6.4781
1.4046e-06,6.4674
1.4047e-06,6.4396
1.4048e-06,6.4741
1.4049e-06,6.3808
1.405e-06,6.3136
1.4051e-06,6.3668
1.4052e-06,6.2009
1.4053e-06,6.3783
1.4054e-06,6.3692
1.4055e-06,6.4086
1.4056e-06,6.2896
1.4057e-06,6.323
1.4058e-06,6.4875
1.4059e-06,6.4219
1.406e-06,6.3007
1.4061e-06,6.1526
1.4062e-06,6.3204
1.4063e-06,6.3075
1.4064e-06,6.2887
1.4065e-06,6.3953
1.4066e-06,6.4809
1.4067e-06,6.2624
1.4068e-06,6.4451
1.4069e-06,6.2945
1.407e-06,6.2063
1.4071e-06,6.4159
1.4072e-06,6.3131
1.4073e-06,6.2963
1.4074e-06,6.2738
1.4075e-06,6.2533
1.4076e-06,6.358
1.4077e-06,6.195
1.4078e-06,6.1889
1.4079e-06,6.3522
1.408e-06,6.2737
1.4081e-06,6.064
1.4082e-06,6.3263
1.4083e-06,6.1297
1.4084e-06,6.1883
1.4085e-06,6.2
1.4086e-06,6.3713
1.4087e-06,6.1843
1.4088e-06,6.1653
1.4089e-06,6.3003
1.409e-06,6.1401
1.4091e-06,6.1416
1.4092e-06,6.2044
1.4093e-06,5.9804
1.4094e-06,6.0772
1.4095e-06,6.1634
1.4096e-06,6.1121
1.4097e-06,6.232
1.4098e-06,6.053
1.4099e-06,6.1307
1.41e-06,6.0712
1.4101e-06,6.1196
1.4102e-06,6.2386
1.4103e-06,6.0744
1.4104e-06,6.1147
1.4105e-06,6.0967
1.4106e-06,6.1597
1.4107e-06,5.9882
1.4108e-06,6.1039
1.4109e-06,6.133
1.411e-06,6.1858
1.4111e-06,5.9745
1.4112e-06,6.0788
1.4113e-06,6.0287
1.4114e-06,6.0638
1.4115e-06,6.0986
1.4116e-06,6.0312
1.4117e-06,5.9705
1.4118e-06,6.2091
1.4119e-06,6.0808
1.412e-06,5.9197
1.4121e-06,6.0044
1.4122e-06,5.9478
1.4123e-06,6.0195
1.4124e-06,6.058
1.4125e-06,5.9195
1.4126e-06,5.9256
1.4127e-06,5.7908
1.4128e-06,5.9499
1.4129e-06,5.8846
1.413e-06,5.7961
1.4131e-06,5.7482
1.4132e-06,5.9361
1.4133e-06,5.8922
1.4134e-06,5.8775
1.4135e-06,5.7877
1.4136e-06,5.9848
1.4137e-06,5.8472
1.4138e-06,5.7939
1.4139e-06,5.9227
1.414e-06,5.8218
1.4141e-06,5.9697
1.4142e-06,5.7738
1.4143e-06,5.8857
1.4144e-06,5.8626
1.4145e-06,5.9055
1.4146e-06,5.8873
1.4147e-06,5.814
1.4148e-06,5.8145
1.4149e-06,5.8853
1.415e-06,5.8402
1.4151e-06,5.7828
1.4152e-06,5.8586
1.4153e-06,5.8483
1.4154e-06,5.7229
1.4155e-06,5.8035
1.4156e-06,5.8542
1.4157e-06,5.7099
1.4158e-06,5.8653
1.4159e-06,5.7266
1.416e-06,5.8943
1.4161e-06,5.6432
1.4162e-06,5.6626
1.4163e-06,5.9068
1.4164e-06,5.6715
1.4165e-06,5.7581
1.4166e-06,5.6063
1.4167e-06,5.7375
1.4168e-06,5.603
1.4169e-06,5.843
1.417e-06,5.5872
1.4171e-06,5.6991
1.4172e-06,5.7535
1.4173e-06,5.7431
1.4174e-06,5.6315
1.4175e-06,5.5544
1.4176e-06,5.7271
1.4177e-06,5.6847
1.4178e-06,5.6412
1.4179e-06,5.5046
1.418e-06,5.7206
1.4181e-06,5.7409
1.4182e-06,5.6406
1.4183e-06,5.5489
1.4184e-06,5.6417
1.4185e-06,5.5923
1.4186e-06,5.6173
1.4187e-06,5.504
1.4188e-06,5.5644
1.4189e-06,5.5739
1.419e-06,5.6679
1.4191e-06,5.505
1.4192e-06,5.3915
1.4193e-06,5.4482
1.4194e-06,5.4763
1.4195e-06,5.4347
1.4196e-06,5.6002
1.4197e-06,5.4834
1.4198e-06,5.6429
1.4199e-06,5.4316
1.42e-06,5.5021
1.4201e-06,5.3534
1.4202e-06,5.5144
1.4203e-06,5.4847
1.4204e-06,5.3821
1.4205e-06,5.4135
1.4206e-06,5.3943
1.4207e-06,5.3841
1.4208e-06,5.4053
1.4209e-06,5.3235
1.421e-06,5.488
1.4211e-06,5.4558
1.4212e-06,5.3433
1.4213e-06,5.263
1.4214e-06,5.3371
1.4215e-06,5.3352
1.4216e-06,5.3847
1.4217e-06,5.398
1.4218e-06,5.4076
1.4219e-06,5.3933
1.422e-06,5.3614
1.4221e-06,5.3735
1.4222e-06,5.2639
1.4223e-06,5.3419
1.4224e-06,5.3117
1.4225e-06,5.1977
1.4226e-06,5.3097
1.4227e-06,5.1604
1.4228e-06,5.3575
1.4229e-06,5.1587
1.423e-06,5.1768
1.4231e-06,5.2894
1.4232e-06,5.1677
1.4233e-06,5.1703
1.4234e-06,5.2987
1.4235e-06,5.1886
1.4236e-06,5.2573
1.4237e-06,5.0259
1.4238e-06,5.3227
1.4239e-06,5.2838
1.424e-06,5.2142
1.4241e-06,5.1969
1.4242e-06,5.0708
1.4243e-06,5.1763
1.4244e-06,5.1465
1.4245e-06,5.2035
1.4246e-06,5.1704
1.4247e-06,5.1808
1.4248e-06,5.1606
1.4249e-06,5.0628
1.425e-06,5.1717
1.4251e-06,5.1193
1.4252e-06,5.2144
1.4253e-06,5.1173
1.4254e-06,5.3007
1.4255e-06,5.0137
1.4256e-06,5.0481
1.4257e-06,5.0675
1.4258e-06,5.1095
1.4259e-06,4.9815
1.426e-06,5.2774
1.4261e-06,5.0117
1.4262e-06,5.0841
1.4263e-06,5.0678
1.4264e-06,4.845
1.4265e-06,4.9699
1.4266e-06,4.9599
1.4267e-06,5.1834
1.4268e-06,5.1203
1.4269e-06,5.0585
1.427e-06,5.0151
1.4271e-06,4.971
1.4272e-06,4.9876
1.4273e-06,5.0191
1.4274e-06,5.0828
1.4275e-06,4.9867
1.4276e-06,4.9162
1.4277e-06,4.8627
1.4278e-06,4.914
1.4279e-06,4.7469
1.428e-06,5.0292
1.4281e-06,4.9248
1.4282e-06,4.8191
1.4283e-06,4.7806
1.4284e-06,4.778
1.4285e-06,4.8257
1.4286e-06,4.8565
1.4287e-06,4.7042
1.4288e-06,4.8409
1.4289e-06,4.8316
1.429e-06,4.8379
1.4291e-06,4.8255
1.4292e-06,4.847
1.4293e-06,4.7214
1.4294e-06,4.8826
1.4295e-06,4.8839
1.4296e-06,4.6675
1.4297e-06,4.7861
1.4298e-06,4.7697
1.4299e-06,4.6557
1.43e-06,4.8242
1.4301e-06,4.7027
1.4302e-06,4.8944
1.4303e-06,4.9671
1.4304e-06,4.8907
1.4305e-06,4.7548
1.4306e-06,4.8928
1.4307e-06,4.6101
1.4308e-06,4.8723
1.4309e-06,4.6194
1.431e-06,4.5031
1.4311e-06,4.6927
1.4312e-06,4.5105
1.4313e-06,4.681
1.4314e-06,4.6078
1.4315e-06,4.592
1.4316e-06,4.5549
1.4317e-06,4.8301
1.4318e-06,4.6895
1.4319e-06,4.5957
1.432e-06,4.7162
1.4321e-06,4.5279
1.4322e-06,4.5981
1.4323e-06,4.5875
1.4324e-06,4.4819
1.4325e-06,4.4411
1.4326e-06,4.3576
1.4327e-06,4.6766
1.4328e-06,4.6733
1.4329e-06,4.5981
1.433e-06,4.5913
1.4331e-06,4.6032
1.4332e-06,4.5915
1.4333e-06,4.5777
1.4334e-06,4.4586
1.4335e-06,4.3917
1.4336e-06,4.4661
1.4337e-06,4.4208
1.4338e-06,4.4819
1.4339e-06,4.4643
1.434e-06,4.4741
1.4341e-06,4.3776
1.4342e-06,4.4448
1.4343e-06,4.4257
1.4344e-06,4.4211
1.4345e-06,4.4905
1.4346e-06,4.3492
1.4347e-06,4.5676
1.4348e-06,4.4651
1.4349e-06,4.5959
1.435e-06,4.495
1.4351e-06,4.3833
1.4352e-06,4.3643
1.4353e-06,4.4415
1.4354e-06,4.4245
1.4355e-06,4.3013
1.4356e-06,4.1652
1.4357e-06,4.4502
1.4358e-06,4.3062
1.4359e-06,4.4414
1.436e-06,4.2602
1.4361e-06,4.249
1.4362e-06,4.35
1.4363e-06,4.2793
1.4364e-06,4.321
1.4365e-06,4.319
1.4366e-06,4.331
1.4367e-06,4.2687
1.4368e-06,4.2174
1.4369e-06,4.4459
1.437e-06,4.1691
1.4371e-06,4.1301
1.4372e-06,4.41
1.4373e-06,4.2445
1.4374e-06,4.1833
1.4375e-06,4.1314
1.4376e-06,4.2571
1.4377e-06,4.2619
1.4378e-06,4.1024
1.4379e-06,4.2027
1.438e-06,4.1818
1.4381e-06,4.1591
1.4382e-06,4.2565
1.4383e-06,4.0448
1.4384e-06,4.1904
1.4385e-06,4.163
1.4386e-06,4.1531
1.4387e-06,4.0424
1.4388e-06,4.0587
1.4389e-06,4.1097
1.439e-06,4.1425
1.4391e-06,3.9932
1.4392e-06,3.9384
1.4393e-06,4.1568
1.4394e-06,4.0369
1.4395e-06,4.1601
1.4396e-06,4.0252
1.4397e-06,4.0088
1.4398e-06,4.0769
1.4399e-06,4.0565
1.44e-06,3.9751
1.4401e-06,4.1815
1.4402e-06,3.8974
1.4403e-06,4.0211
1.4404e-06,3.9557
1.4405e-06,3.9386
1.4406e-06,3.8947
1.4407e-06,3.9592
1.4408e-06,4.0221
1.4409e-06,4.0717
1.441e-06,3.8931
1.4411e-06,4.0208
1.4412e-06,3.7047
1.4413e-06,3.9135
1.4414e-06,3.8222
1.4415e-06,3.8473
1.4416e-06,3.9347
1.4417e-06,3.7973
1.4418e-06,3.8343
1.4419e-06,3.8369
1.442e-06,3.9881
1.4421e-06,3.9827
1.4422e-06,3.7928
1.4423e-06,3.7322
1.4424e-06,3.8075
1.4425e-06,3.7747
1.4426e-06,3.8211
1.4427e-06,3.8036
1.4428e-06,3.8829
1.4429e-06,4.0116
1.443e-06,3.9294
1.4431e-06,3.6841
1.4432e-06,3.8065
1.4433e-06,3.7387
1.4434e-06,3.7261
1.4435e-06,3.7679
1.4436e-06,3.8079
1.4437e-06,3.7707
1.4438e-06,3.6459
1.4439e-06,3.6644
1.444e-06,3.5784
1.4441e-06,3.6909
1.4442e-06,3.7401
1.4443e-06,3.7045
1.4444e-06,3.65
1.4445e-06,3.7056
1.4446e-06,3.6277
1.4447e-06,3.6661
1.4448e-06,3.9078
1.4449e-06,3.7864
1.445e-06,3.7019
1.4451e-06,3.5975
1.4452e-06,3.4383
1.4453e-06,3.6597
1.4454e-06,3.7407
1.4455e-06,3.5384
1.4456e-06,3.5445
1.4457e-06,3.5991
1.4458e-06,3.4011
1.4459e-06,3.6299
1.446e-06,3.5818
1.4461e-06,3.5167
1.4462e-06,3.571
1.4463e-06,3.4795
1.4464e-06,3.5075
1.4465e-06,3.6398
1.4466e-06,3.4804
1.4467e-06,3.5358
1.4468e-06,3.5031
1.4469e-06,3.2716
1.447e-06,3.5299
1.4471e-06,3.559
1.4472e-06,3.5883
1.4473e-06,3.3268
1.4474e-06,3.3264
1.4475e-06,3.5531
1.4476e-06,3.272
1.4477e-06,3.3351
1.4478e-06,3.3551
1.4479e-06,3.4312
1.448e-06,3.35
1.4481e-06,3.4686
1.4482e-06,3.3876
1.4483e-06,3.3713
1.4484e-06,3.3861
1.4485e-06,3.3722
1.4486e-06,3.4124
1.4487e-06,3.2203
1.4488e-06,3.404
1.4489e-06,3.2487
1.449e-06,3.2236
1.4491e-06,3.1057
1.4492e-06,3.3779
1.4493e-06,3.4066
1.4494e-06,3.3367
1.4495e-06,3.2366
1.4496e-06,3.2908
1.4497e-06,3.2002
1.4498e-06,3.2913
1.4499e-06,3.1971
1.45e-06,3.3435
1.4501e-06,3.3593
1.4502e-06,3.1421
1.4503e-06,3.1136
1.4504e-06,3.1672
1.4505e-06,3.1342
1.4506e-06,3.0091
1.4507e-06,3.1113
1.4508e-06,3.2295
1.4509e-06,3.144
1.451e-06,3.1784
1.4511e-06,3.0435
1.4512e-06,3.1044
1.4513e-06,3.1463
1.4514e-06,3.1103
1.4515e-06,3.0718
1.4516e-06,2.9477
1.4517e-06,2.8883
1.4518e-06,3.1768
1.4519e-06,3.0377
1.452e-06,2.913
1.4521e-06,3.1
1.4522e-06,3.0317
1.4523e-06,2.96
1.4524e-06,3.0683
1.4525e-06,3.0087
1.4526e-06,3.0362
1.4527e-06,3.0521
1.4528e-06,3.0553
1.4529e-06,2.9322
1.453e-06,3.1872
1.4531e-06,2.963
1.4532e-06,2.9592
1.4533e-06,2.9809
1.4534e-06,3.0659
1.4535e-06,2.8576
1.4536e-06,2.937
1.4537e-06,2.7794
1.4538e-06,3.018
1.4539e-06,2.7785
1.454e-06,2.913
1.4541e-06,2.9361
1.4542e-06,2.7482
1.4543e-06,2.8424
1.4544e-06,2.6402
1.4545e-06,2.7803
1.4546e-06,2.7661
1.4547e-06,2.9595
1.4548e-06,2.8181
1.4549e-06,2.7894
1.455e-06,2.6678
1.4551e-06,2.7101
1.4552e-06,2.6865
1.4553e-06,2.7416
1.4554e-06,2.7227
1.4555e-06,2.8407
1.4556e-06,2.8013
1.4557e-06,2.6588
1.4558e-06,2.6087
1.4559e-06,2.8042
1.456e-06,2.7351
1.4561e-06,2.8824
1.4562e-06,2.6979
1.4563e-06,2.6288
1.4564e-06,2.5694
1.4565e-06,2.6733
1.4566e-06,2.4791
1.4567e-06,2.631
1.4568e-06,2.4707
1.4569e-06,2.6306
1.457e-06,2.4106
1.4571e-06,2.527
1.4572e-06,2.6123
1.4573e-06,2.4027
1.4574e-06,2.3336
1.4575e-06,2.5868
1.4576e-06,2.4733
1.4577e-06,2.4881
1.4578e-06,2.8041
1.4579e-06,2.5127
1.458e-06,2.3925
1.4581e-06,2.5913
1.4582e-06,2.3222
1.4583e-06,2.4194
1.4584e-06,2.5291
1.4585e-06,2.5343
1.4586e-06,2.4489
1.4587e-06,2.5004
1.4588e-06,2.3335
1.4589e-06,2.3132
1.459e-06,2.2842
1.4591e-06,2.4489
1.4592e-06,2.4046
1.4593e-06,2.4768
1.4594e-06,2.3053
1.4595e-06,2.4335
1.4596e-06,2.4807
1.4597e-06,2.3419
1.4598e-06,2.4271
1.4599e-06,2.4637
1.46e-06,2.4515
1.4601e-06,2.402
1.4602e-06,2.3537
1.4603e-06,2.2288
1.4604e-06,2.1616
1.4605e-06,2.1625
1.4606e-06,2.4236
1.4607e-06,2.2111
1.4608e-06,2.4225
1.4609e-06,2.239
1.461e-06,2.3191
1.4611e-06,2.1814
1.4612e-06,2.2026
1.4613e-06,2.1592
1.4614e-06,2.0619
1.4615e-06,2.246
1.4616e-06,2.2948
1.4617e-06,2.2222
1.4618e-06,2.0911
1.4619e-06,2.0952
1.462e-06,2.215
1.4621e-06,2.1228
1.4622e-06,2.2172
1.4623e-06,2.2174
1.4624e-06,2.2993
1.4625e-06,2.1454
1.4626e-06,2.0641
1.4627e-06,2.1458
1.4628e-06,2.296
1.4629e-06,1.9258
1.463e-06,2.1436
1.4631e-06,2.0564
1.4632e-06,1.9891
1.4633e-06,1.9779
1.4634e-06,2.1117
1.4635e-06,1.8451
1.4636e-06,2.0033
1.4637e-06,1.8911
1.4638e-06,1.9676
1.4639e-06,2.0164
1.464e-06,2.0551
1.4641e-06,2.0195
1.4642e-06,1.8617
1.4643e-06,1.9186
1.4644e-06,1.8323
1.4645e-06,1.8353
1.4646e-06,1.8524
1.4647e-06,1.9861
1.4648e-06,1.7947
1.4649e-06,1.6992
1.465e-06,1.7724
1.4651e-06,1.8268
1.4652e-06,1.894
1.4653e-06,1.8017
1.4654e-06,1.9589
1.4655e-06,1.8119
1.4656e-06,1.7462
1.4657e-06,1.5455
1.4658e-06,1.7618
1.4659e-06,1.6153
1.466e-06,1.7891
1.4661e-06,1.805
1.4662e-06,1.7081
1.4663e-06,1.7352
1.4664e-06,1.7382
1.4665e-06,1.7179
1.4666e-06,1.4729
1.4667e-06,1.6202
1.4668e-06,1.616
1.4669e-06,1.616
1.467e-06,1.6224
1.4671e-06,1.6559
1.4672e-06,1.712
1.4673e-06,1.4456
1.4674e-06,1.6961
1.4675e-06,1.5471
1.4676e-06,1.5496
1.4677e-06,1.4331
1.4678e-06,1.5659
1.4679e-06,1.5513
1.468e-06,1.5638
1.4681e-06,1.3887
1.4682e-06,1.5777
1.4683e-06,1.4603
1.4684e-06,1.3389
1.4685e-06,1.4481
1.4686e-06,1.4562
1.4687e-06,1.3196
1.4688e-06,1.4701
1.4689e-06,1.3918
1.469e-06,1.4361
1.4691e-06,1.3303
1.4692e-06,1.4517
1.4693e-06,1.5747
1.4694e-06,1.2529
1.4695e-06,1.3618
1.4696e-06,1.3508
1.4697e-06,1.2231
1.4698e-06,1.3694
1.4699e-06,1.1618
1.47e-06,1.2457
1.4701e-06,1.2242
1.4702e-06,1.2444
1.4703e-06,1.321
1.4704e-06,1.2492
1.4705e-06,1.3303
1.4706e-06,1.2479
1.4707e-06,1.2205
1.4708e-06,1.2205
1.4709e-06,1.2897
1.471e-06,1.3275
1.4711e-06,1.301
1.4712e-06,1.1782
1.4713e-06,1.1471
1.4714e-06,1.2253
1.4715e-06,1.3059
1.4716e-06,1.0795
1.4717e-06,1.16
1.4718e-06,1.196
1.4719e-06,1.1028
1.472e-06,1.2391
1.4721e-06,1.1667
1.4722e-06,1.1294
1.4723e-06,1.0446
1.4724e-06,1.0329
1.4725e-06,1.0991
1.4726e-06,1.0978
1.4727e-06,1.1409
1.4728e-06,1.0575
1.4729e-06,0.9127
1.473e-06,0.9375
1.4731e-06,0.98118
1.4732e-06,1.1138
1.4733e-06,0.83532
1.4734e-06,0.9299
1.4735e-06,0.87468
1.4736e-06,0.8659
1.4737e-06,0.99486
1.4738e-06,0.91992
1.4739e-06,1.0914
1.474e-06,1.1013
1.4741e-06,0.94105
1.4742e-06,0.93658
1.4743e-06,0.67152
1.4744e-06,0.96253
1.4745e-06,0.77858
1.4746e-06,0.84483
1.4747e-06,0.66517
1.4748e-06,0.89194
1.4749e-06,0.73672
1.475e-06,0.76748
1.4751e-06,0.86274
1.4752e-06,0.75241
1.4753e-06,0.73958
1.4754e-06,0.81952
1.4755e-06,0.70369
1.4756e-06,0.62929
1.4757e-06,0.71949
1.4758e-06,0.73533
1.4759e-06,0.77529
1.476e-06,0.67609
1.4761e-06,0.47137
1.4762e-06,0.69281
1.4763e-06,0.62138
1.4764e-06,0.77867
1.4765e-06,0.61623
1.4766e-06,0.75082
1.4767e-06,0.61356
1.4768e-06,0.54435
1.4769e-06,0.50757
1.477e-06,0.58699
1.4771e-06,0.40541
1.4772e-06,0.47213
1.4773e-06,0.51588
1.4774e-06,0.59385
1.4775e-06,0.41169
1.4776e-06,0.41286
1.4777e-06,0.56911
1.4778e-06,0.54338
1.4779e-06,0.41383
1.478e-06,0.5423
1.4781e-06,0.38792
1.4782e-06,0.39216
1.4783e-06,0.42638
1.4784e-06,0.39993
1.4785e-06,0.43635
1.4786e-06,0.4125
1.4787e-06,0.14115
1.4788e-06,0.34547
1.4789e-06,0.24795
1.479e-06,0.25179
1.4791e-06,0.37184
1.4792e-06,0.26388
1.4793e-06,0.25523
1.4794e-06,0.19527
1.4795e-06,0.23049
1.4796e-06,0.24292
1.4797e-06,0.2334
1.4798e-06,0.29933
1.4799e-06,0.13974
1.48e-06,0.22737
1.4801e-06,0.20088
1.4802e-06,0.13033
1.4803e-06,0.063276
1.4804e-06,0.097142
1.4805e-06,0.19313
1.4806e-06,0.16072
1.4807e-06,0.21723
1.4808e-06,0.20152
1.4809e-06,0.15717
1.481e-06,0.066574
1.4811e-06,-0.041616
1.4812e-06,0.024582
1.4813e-06,0.21338
1.4814e-06,0.15216
1.4815e-06,0.052985
1.4816e-06,0.054151
1.4817e-06,-0.12536
1.4818e-06,-0.00044863
1.4819e-06,0.095778
1.482e-06,0.024696
1.4821e-06,-0.1006
1.4822e-06,-0.16572
1.4823e-06,0.013456
1.4824e-06,-0.23362
1.4825e-06,-0.030488
1.4826e-06,0.036131
1.4827e-06,-0.023184
1.4828e-06,0.062599
1.4829e-06,0.036546
1.483e-06,-0.18877
1.4831e-06,-0.24078
1.4832e-06,-0.12237
1.4833e-06,-0.28351
1.4834e-06,-0.13469
1.4835e-06,-0.058006
1.4836e-06,-0.085841
1.4837e-06,-0.22091
1.4838e-06,-0.14553
1.4839e-06,-0.16756
1.484e-06,-0.33773
1.4841e-06,-0.26548
1.4842e-06,-0.39164
1.4843e-06,-0.26717
1.4844e-06,-0.17566
1.4845e-06,-0.19205
1.4846e-06,-0.40299
1.4847e-06,-0.44415
1.4848e-06,-0.26294
1.4849e-06,-0.39344
1.485e-06,-0.43411
1.4851e-06,-0.40187
1.4852e-06,-0.41618
1.4853e-06,-0.35417
1.4854e-06,-0.43355
1.4855e-06,-0.50126
1.4856e-06,-0.45481
1.4857e-06,-0.24835
1.4858e-06,-0.56795
1.4859e-06,-0.3984
1.486e-06,-0.46801
1.4861e-06,-0.48344
1.4862e-06,-0.49139
1.4863e-06,-0.50333
1.4864e-06,-0.76646
1.4865e-06,-0.74987
1.4866e-06,-0.54433
1.4867e-06,-0.72208
1.4868e-06,-0.57294
1.4869e-06,-0.56925
1.487e-06,-0.66243
1.4871e-06,-0.57789
1.4872e-06,-0.47822
1.4873e-06,-0.75547
1.4874e-06,-0.56685
1.4875e-06,-0.73312
1.4876e-06,-0.75277
1.4877e-06,-0.73705
1.4878e-06,-0.83083
1.4879e-06,-0.83163
1.488e-06,-0.86456
1.4881e-06,-0.86585
1.4882e-06,-0.68791
1.4883e-06,-0.71145
1.4884e-06,-0.83559
1.4885e-06,-0.65749
1.4886e-06,-0.86923
1.4887e-06,-0.9196
1.4888e-06,-0.74778
1.4889e-06,-0.79852
1.489e-06,-0.95926
1.4891e-06,-0.94784
1.4892e-06,-1.0814
1.4893e-06,-0.92598
1.4894e-06,-1.0584
1.4895e-06,-1.1825
1.4896e-06,-1.0606
1.4897e-06,-0.80428
1.4898e-06,-1.0003
1.4899e-06,-1.0736
1.49e-06,-1.0967
1.4901e-06,-0.88574
1.4902e-06,-1.0923
1.4903e-06,-1.0223
1.4904e-06,-1.0277
1.4905e-06,-0.98698
1.4906e-06,-1.1697
1.4907e-06,-1.2008
1.4908e-06,-1.1705
1.4909e-06,-1.1428
1.491e-06,-1.0793
1.4911e-06,-1.0928
1.4912e-06,-1.0596
1.4913e-06,-1.1904
1.4914e-06,-1.2583
1.4915e-06,-1.2667
1.4916e-06,-1.2285
1.4917e-06,-1.2507
1.4918e-06,-1.2599
1.4919e-06,-1.3868
1.492e-06,-1.3108
1.4921e-06,-1.5548
1.4922e-06,-1.3814
1.4923e-06,-1.2911
1.4924e-06,-1.2232
1.4925e-06,-1.3583
1.4926e-06,-1.4272
1.4927e-06,-1.4607
1.4928e-06,-1.3357
1.4929e-06,-1.4275
1.493e-06,-1.3557
1.4931e-06,-1.3449
1.4932e-06,-1.5826
1.4933e-06,-1.536
1.4934e-06,-1.5179
1.4935e-06,-1.492
1.4936e-06,-1.521
1.4937e-06,-1.4776
1.4938e-06,-1.6277
1.4939e-06,-1.575
1.494e-06,-1.5144
1.4941e-06,-1.4832
1.4942e-06,-1.5707
1.4943e-06,-1.6313
1.4944e-06,-1.7883
1.4945e-06,-1.7354
1.4946e-06,-1.5804
1.4947e-06,-1.6794
1.4948e-06,-1.6731
1.4949e-06,-1.6485
1.495e-06,-1.5733
1.4951e-06,-1.7671
1.4952e-06,-1.5679
1.4953e-06,-1.6507
1.4954e-06,-1.8995
1.4955e-06,-1.6254
1.4956e-06,-1.7842
1.4957e-06,-1.8538
1.4958e-06,-1.7439
1.4959e-06,-1.8881
1.496e-06,-1.9369
1.4961e-06,-1.8353
1.4962e-06,-1.965
1.4963e-06,-1.9141
1.4964e-06,-1.8828
1.4965e-06,-2.0671
1.4966e-06,-1.9927
1.4967e-06,-1.9908
1.4968e-06,-1.8595
1.4969e-06,-2.009
1.497e-06,-2.0834
1.4971e-06,-2.0791
1.4972e-06,-1.926
1.4973e-06,-2.1218
1.4974e-06,-1.9843
1.4975e-06,-2.1327
1.4976e-06,-2.0327
1.4977e-06,-2.0062
1.4978e-06,-2.098
1.4979e-06,-2.3144
1.498e-06,-2.2777
1.4981e-06,-1.9815
1.4982e-06,-2.1579
1.4983e-06,-2.0723
1.4984e-06,-2.1196
1.4985e-06,-2.1175
1.4986e-06,-2.2878
1.4987e-06,-2.248
1.4988e-06,-2.1784
1.4989e-06,-2.1692
1.499e-06,-2.3086
1.4991e-06,-2.3043
1.4992e-06,-2.1624
1.4993e-06,-2.4096
1.4994e-06,-2.4456
1.4995e-06,-2.3366
1.4996e-06,-2.6277
1.4997e-06,-2.1153
1.4998e-06,-2.3668
1.4999e-06,-2.3896
1.5e-06,-2.5019
1.5001e-06,-2.4871
1.5002e-06,-2.4834
1.5003e-06,-2.417
1.5004e-06,-2.5778
1.5005e-06,-2.5726
1.5006e-06,-2.4607
1.5007e-06,-2.5192
1.5008e-06,-2.5873
1.5009e-06,-2.4796
1.501e-06,-2.4814
1.5011e-06,-2.5779
1.5012e-06,-2.6726
1.5013e-06,-2.5259
1.5014e-06,-2.6488
1.5015e-06,-2.7674
1.5016e-06,-2.7046
1.5017e-06,-2.7846
1.5018e-06,-2.8317
1.5019e-06,-2.9022
1.502e-06,-2.7929
1.5021e-06,-2.6641
1.5022e-06,-2.8458
1.5023e-06,-2.8493
1.5024e-06,-2.7241
1.5025e-06,-2.7552
1.5026e-06,-2.9488
1.5027e-06,-2.8171
1.5028e-06,-2.8266
1.5029e-06,-2.8343
1.503e-06,-2.8302
1.5031e-06,-2.7491
1.5032e-06,-2.8313
1.5033e-06,-2.9419
1.5034e-06,-2.9267
1.5035e-06,-2.9584
1.5036e-06,-3.0825
1.5037e-06,-2.9781
1.5038e-06,-3.2521
1.5039e-06,-3.2185
1.504e-06,-3.1236
1.5041e-06,-3.2031
1.5042e-06,-3.1186
1.5043e-06,-3.2179
1.5044e-06,-3.2068
1.5045e-06,-3.1771
1.5046e-06,-3.119
1.5047e-06,-3.0405
1.5048e-06,-3.2996
1.5049e-06,-3.0743
1.505e-06,-3.0693
1.5051e-06,-3.2943
1.5052e-06,-3.0196
1.5053e-06,-3.1966
1.5054e-06,-3.3472
1.5055e-06,-3.5004
1.5056e-06,-3.3529
1.5057e-06,-3.4632
1.5058e-06,-3.2777
1.5059e-06,-3.3286
1.506e-06,-3.2985
1.5061e-06,-3.4114
1.5062e-06,-3.263
1.5063e-06,-3.4475
1.5064e-06,-3.4744
1.5065e-06,-3.3547
1.5066e-06,-3.3435
1.5067e-06,-3.398
1.5068e-06,-3.57
1.5069e-06,-3.579
1.507e-06,-3.5894
1.5071e-06,-3.5611
1.5072e-06,-3.5965
1.5073e-06,-3.6698
1.5074e-06,-3.6894
1.5075e-06,-3.7823
1.5076e-06,-3.7692
1.5077e-06,-3.8091
1.5078e-06,-3.5094
1.5079e-06,-3.5109
1.508e-06,-3.6228
1.5081e-06,-3.758
1.5082e-06,-3.7687
1.5083e-06,-3.8478
1.5084e-06,-3.7396
1.5085e-06,-3.6515
1.5086e-06,-3.8809
1.5087e-06,-3.736
1.5088e-06,-3.7586
1.5089e-06,-4.0167
1.509e-06,-3.8415
1.5091e-06,-3.8406
1.5092e-06,-3.8619
1.5093e-06,-4.0934
1.5094e-06,-4.0248
1.5095e-06,-3.8564
1.5096e-06,-3.9783
1.5097e-06,-3.8077
1.5098e-06,-4.0028
1.5099e-06,-4.1111
1.51e-06,-4.1438
1.5101e-06,-4.0827
1.5102e-06,-4.061
1.5103e-06,-4.0599
1.5104e-06,-4.13
1.5105e-06,-4.0251
1.5106e-06,-4.0887
1.5107e-06,-4.0592
1.5108e-06,-4.3961
1.5109e-06,-4.4097
1.511e-06,-4.466
1.5111e-06,-4.1085
1.5112e-06,-4.3054
1.5113e-06,-4.4931
1.5114e-06,-4.3862
1.5115e-06,-4.3525
1.5116e-06,-4.2966
1.5117e-06,-4.4209
1.5118e-06,-4.3745
1.5119e-06,-4.5892
1.512e-06,-4.2842
1.5121e-06,-4.4649
1.5122e-06,-4.6597
1.5123e-06,-4.2484
1.5124e-06,-4.4718
1.5125e-06,-4.6003
1.5126e-06,-4.5642
1.5127e-06,-4.4553
1.5128e-06,-4.3885
1.5129e-06,-4.6278
1.513e-06,-4.5179
1.5131e-06,-4.4292
1.5132e-06,-4.5129
1.5133e-06,-4.4007
1.5134e-06,-4.6261
1.5135e-06,-4.8319
1.5136e-06,-4.7362
1.5137e-06,-4.6371
1.5138e-06,-4.893
1.5139e-06,-4.9326
1.514e-06,-4.8454
1.5141e-06,-4.8388
1.5142e-06,-4.7542
1.5143e-06,-4.8536
1.5144e-06,-4.7744
1.5145e-06,-4.8612
1.5146e-06,-4.9884
1.5147e-06,-4.8839
1.5148e-06,-4.776
1.5149e-06,-4.9699
1.515e-06,-5.0772
1.5151e-06,-5.0815
1.5152e-06,-4.9493
1.5153e-06,-4.9938
1.5154e-06,-5.1222
1.5155e-06,-5.0623
1.5156e-06,-5.0137
1.5157e-06,-5.0449
1.5158e-06,-5.1472
1.5159e-06,-5.0525
1.516e-06,-5.2109
1.5161e-06,-5.0658
1.5162e-06,-5.1671
1.5163e-06,-5.3002
1.5164e-06,-5.2579
1.5165e-06,-5.17
1.5166e-06,-5.3183
1.5167e-06,-5.3337
1.5168e-06,-5.3293
1.5169e-06,-5.4394
1.517e-06,-5.4783
1.5171e-06,-5.2223
1.5172e-06,-5.5377
1.5173e-06,-5.2518
1.5174e-06,-5.525
1.5175e-06,-5.3584
1.5176e-06,-5.3474
1.5177e-06,-5.3509
1.5178e-06,-5.4141
1.5179e-06,-5.3376
1.518e-06,-5.7407
1.5181e-06,-5.5735
1.5182e-06,-5.5948
1.5183e-06,-5.5276
1.5184e-06,-5.5626
1.5185e-06,-5.6617
1.5186e-06,-5.737
1.5187e-06,-5.6376
1.5188e-06,-5.6388
1.5189e-06,-5.693
1.519e-06,-5.7176
1.5191e-06,-5.8003
1.5192e-06,-5.5481
1.5193e-06,-5.9205
1.5194e-06,-5.7693
1.5195e-06,-5.6259
1.5196e-06,-5.7026
1.5197e-06,-5.8935
1.5198e-06,-5.7697
1.5199e-06,-5.7245
1.52e-06,-5.844
1.5201e-06,-5.9704
1.5202e-06,-5.7498
1.5203e-06,-5.8253
1.5204e-06,-5.9027
1.5205e-06,-5.9228
1.5206e-06,-5.913
1.5207e-06,-6.0567
1.5208e-06,-6.0717
1.5209e-06,-5.9744
1.521e-06,-6.2662
1.5211e-06,-6.0308
1.5212e-06,-6.054
1.5213e-06,-6.4308
1.5214e-06,-6.2062
1.5215e-06,-5.9866
1.5216e-06,-6.236
1.5217e-06,-6.2593
1.5218e-06,-6.1812
1.5219e-06,-6.0568
1.522e-06,-6.2397
1.5221e-06,-6.4209
1.5222e-06,-6.3678
1.5223e-06,-6.3306
1.5224e-06,-6.3973
1.5225e-06,-6.4342
1.5226e-06,-6.4758
1.5227e-06,-6.3941
1.5228e-06,-6.5426
1.5229e-06,-6.6041
1.523e-06,-6.3354
1.5231e-06,-6.5502
1.5232e-06,-6.6144
1.5233e-06,-6.642
1.5234e-06,-6.6852
1.5235e-06,-6.4944
1.5236e-06,-6.5031
1.5237e-06,-6.6116
1.5238e-06,-6.6548
1.5239e-06,-6.7564
1.524e-06,-6.658
1.5241e-06,-6.8006
1.5242e-06,-6.8328
1.5243e-06,-6.8651
1.5244e-06,-6.9342
1.5245e-06,-6.8452
1.5246e-06,-6.7993
1.5247e-06,-6.7633
1.5248e-06,-6.7613
1.5249e-06,-6.7527
1.525e-06,-6.9074
1.5251e-06,-6.828
1.5252e-06,-7.1908
1.5253e-06,-7.1959
1.5254e-06,-7.1055
1.5255e-06,-7.2028
1.5256e-06,-6.9226
1.5257e-06,-7.1036
1.5258e-06,-7.0914
1.5259e-06,-7.2626
1.526e-06,-7.3191
1.5261e-06,-7.1443
1.5262e-06,-7.2387
1.5263e-06,-7.2891
1.5264e-06,-7.2688
1.5265e-06,-7.2926
1.5266e-06,-7.236
1.5267e-06,-7.4468
1.5268e-06,-7.3465
1.5269e-06,-7.2067
1.527e-06,-7.3754
1.5271e-06,-7.4191
1.5272e-06,-7.4605
1.5273e-06,-7.4175
1.5274e-06,-7.4859
1.5275e-06,-7.4945
1.5276e-06,-7.5866
1.5277e-06,-7.3137
1.5278e-06,-7.6321
1.5279e-06,-7.5168
1.528e-06,-7.5031
1.5281e-06,-7.7566
1.5282e-06,-7.669
1.5283e-06,-7.6417
1.5284e-06,-7.4855
1.5285e-06,-7.5818
1.5286e-06,-7.6356
1.5287e-06,-7.8609
1.5288e-06,-7.8212
1.5289e-06,-7.74
1.529e-06,-7.8051
1.5291e-06,-7.6851
1.5292e-06,-7.7979
1.5293e-06,-7.989
1.5294e-06,-7.9665
1.5295e-06,-7.8603
1.5296e-06,-7.876
1.5297e-06,-7.8138
1.5298e-06,-8.0199
1.5299e-06,-8.0777
1.53e-06,-7.7831
1.5301e-06,-8.1213
1.5302e-06,-8.1642
1.5303e-06,-7.9861
1.5304e-06,-8.1117
1.5305e-06,-8.045
1.5306e-06,-8.2436
1.5307e-06,-8.2293
1.5308e-06,-8.5423
1.5309e-06,-8.2355
1.531e-06,-8.1178
1.5311e-06,-8.2786
1.5312e-06,-8.2529
1.5313e-06,-8.502
1.5314e-06,-8.4801
1.5315e-06,-8.3104
1.5316e-06,-8.4876
1.5317e-06,-8.528
1.5318e-06,-8.3804
1.5319e-06,-8.4004
1.532e-06,-8.6342
1.5321e-06,-8.5028
1.5322e-06,-8.6846
1.5323e-06,-8.4883
1.5324e-06,-8.6321
1.5325e-06,-8.5312
1.5326e-06,-8.5106
1.5327e-06,-8.6259
1.5328e-06,-8.6205
1.5329e-06,-8.6868
1.533e-06,-8.8534
1.5331e-06,-8.7668
1.5332e-06,-8.6736
1.5333e-06,-8.7669
1.5334e-06,-8.8656
1.5335e-06,-8.8629
1.5336e-06,-8.8009
1.5337e-06,-8.9134
1.5338e-06,-8.8967
1.5339e-06,-8.8751
1.534e-06,-8.9306
1.5341e-06,-8.8323
1.5342e-06,-8.9011
1.5343e-06,-9.1209
1.5344e-06,-9.2803
1.5345e-06,-8.9424
1.5346e-06,-9.1877
1.5347e-06,-9.1217
1.5348e-06,-9.0054
1.5349e-06,-9.2183
1.535e-06,-9.2504
1.5351e-06,-9.0167
1.5352e-06,-9.1213
1.5353e-06,-9.2839
1.5354e-06,-9.4675
1.5355e-06,-9.3717
1.5356e-06,-9.03
1.5357e-06,-9.3807
1.5358e-06,-9.3607
1.5359e-06,-9.3122
1.536e-06,-9.3971
1.5361e-06,-9.315
1.5362e-06,-9.5904
1.5363e-06,-9.507
1.5364e-06,-9.4992
1.5365e-06,-9.4976
1.5366e-06,-9.5465
1.5367e-06,-9.7578
1.5368e-06,-9.6041
1.5369e-06,-9.754
1.537e-06,-9.4474
1.5371e-06,-9.5108
1.5372e-06,-9.6776
1.5373e-06,-9.7559
1.5374e-06,-9.7381
1.5375e-06,-9.9489
1.5376e-06,-9.8558
1.5377e-06,-9.7999
1.5378e-06,-9.8647
1.5379e-06,-10.037
1.538e-06,-9.8918
1.5381e-06,-9.9793
1.5382e-06,-9.9467
1.5383e-06,-10.032
1.5384e-06,-10.137
1.5385e-06,-10.011
1.5386e-06,-9.9979
1.5387e-06,-10.153
1.5388e-06,-9.9281
1.5389e-06,-10.092
1.539e-06,-10.072
1.5391e-06,-10.119
1.5392e-06,-10.222
1.5393e-06,-10.231
1.5394e-06,-9.9973
1.5395e-06,-10.333
1.5396e-06,-10.381
1.5397e-06,-10.165
1.5398e-06,-10.125
1.5399e-06,-10.132
1.54e-06,-10.161
1.5401e-06,-10.303
1.5402e-06,-10.536
1.5403e-06,-10.406
1.5404e-06,-10.495
1.5405e-06,-10.514
1.5406e-06,-10.55
1.5407e-06,-10.495
1.5408e-06,-10.212
1.5409e-06,-10.684
1.541e-06,-10.496
1.5411e-06,-10.588
1.5412e-06,-10.444
1.5413e-06,-10.62
1.5414e-06,-10.605
1.5415e-06,-10.585
1.5416e-06,-10.742
1.5417e-06,-10.651
1.5418e-06,-10.735
1.5419e-06,-10.594
1.542e-06,-10.758
1.5421e-06,-10.85
1.5422e-06,-10.783
1.5423e-06,-10.942
1.5424e-06,-10.979
1.5425e-06,-10.983
1.5426e-06,-11.044
1.5427e-06,-10.855
1.5428e-06,-11.176
1.5429e-06,-11.022
1.543e-06,-10.806
1.5431e-06,-10.884
1.5432e-06,-11.171
1.5433e-06,-11.045
1.5434e-06,-11.165
1.5435e-06,-11.161
1.5436e-06,-11.319
1.5437e-06,-11.086
1.5438e-06,-11.114
1.5439e-06,-11.051
1.544e-06,-11.233
1.5441e-06,-11.063
1.5442e-06,-11.319
1.5443e-06,-11.227
1.5444e-06,-11.367
1.5445e-06,-11.393
1.5446e-06,-11.281
1.5447e-06,-11.12
1.5448e-06,-11.251
1.5449e-06,-11.229
1.545e-06,-11.328
1.5451e-06,-11.179
1.5452e-06,-11.345
1.5453e-06,-11.43
1.5454e-06,-11.456
1.5455e-06,-11.61
1.5456e-06,-11.574
1.5457e-06,-11.452
1.5458e-06,-11.578
1.5459e-06,-11.547
1.546e-06,-11.471
1.5461e-06,-11.567
1.5462e-06,-11.399
1.5463e-06,-11.598
1.5464e-06,-11.72
1.5465e-06,-11.625
1.5466e-06,-11.515
1.5467e-06,-11.661
1.5468e-06,-11.811
1.5469e-06,-11.757
1.547e-06,-11.517
1.5471e-06,-11.729
1.5472e-06,-11.598
1.5473e-06,-11.902
1.5474e-06,-11.755
1.5475e-06,-11.896
1.5476e-06,-11.803
1.5477e-06,-11.746
1.5478e-06,-11.772
1.5479e-06,-11.893
1.548e-06,-12.045
1.5481e-06,-11.969
1.5482e-06,-11.938
1.5483e-06,-11.968
1.5484e-06,-11.906
1.5485e-06,-11.79
1.5486e-06,-12.062
1.5487e-06,-12.05
1.5488e-06,-11.93
1.5489e-06,-12.143
1.549e-06,-11.86
1.5491e-06,-12.057
1.5492e-06,-12.143
1.5493e-06,-12.113
1.5494e-06,-12.028
1.5495e-06,-12.035
1.5496e-06,-12.135
1.5497e-06,-11.922
1.5498e-06,-12.334
1.5499e-06,-12.133
1.55e-06,-12.047
1.5501e-06,-12.141
1.5502e-06,-12.129
1.5503e-06,-12.188
1.5504e-06,-12.208
1.5505e-06,-12.17
1.5506e-06,-12.06
1.5507e-06,-12.164
1.5508e-06,-12.464
1.5509e-06,-12.225
1.551e-06,-12.272
1.5511e-06,-12.127
1.5512e-06,-12.251
1.5513e-06,-12.166
1.5514e-06,-11.919
1.5515e-06,-12.207
1.5516e-06,-12.417
1.5517e-06,-12.31
1.5518e-06,-12.049
1.5519e-06,-12.234
1.552e-06,-12.171
1.5521e-06,-12.223
1.5522e-06,-12.456
1.5523e-06,-12.326
1.5524e-06,-12.498
1.5525e-06,-12.515
1.5526e-06,-12.146
1.5527e-06,-12.44
1.5528e-06,-12.301
1.5529e-06,-12.264
1.553e-06,-12.524
1.5531e-06,-12.535
1.5532e-06,-12.353
1.5533e-06,-12.145
1.5534e-06,-12.275
1.5535e-06,-12.43
1.5536e-06,-12.468
1.5537e-06,-12.232
1.5538e-06,-12.389
1.5539e-06,-12.64
1.554e-06,-12.336
1.5541e-06,-12.386
1.5542e-06,-12.562
1.5543e-06,-12.506
1.5544e-06,-12.369
1.5545e-06,-12.396
1.5546e-06,-12.418
1.5547e-06,-12.448
1.5548e-06,-12.391
1.5549e-06,-12.575
1.555e-06,-12.354
1.5551e-06,-12.543
1.5552e-06,-12.496
1.5553e-06,-12.528
1.5554e-06,-12.579
1.5555e-06,-12.624
1.5556e-06,-12.644
1.5557e-06,-12.563
1.5558e-06,-12.351
1.5559e-06,-12.549
1.556e-06,-12.413
1.5561e-06,-12.417
1.5562e-06,-12.289
1.5563e-06,-12.434
1.5564e-06,-12.402
1.5565e-06,-12.267
1.5566e-06,-12.388
1.5567e-06,-12.425
1.5568e-06,-12.532
1.5569e-06,-12.455
1.557e-06,-12.287
1.5571e-06,-12.373
1.5572e-06,-12.257
1.5573e-06,-12.339
1.5574e-06,-12.698
1.5575e-06,-12.439
1.5576e-06,-12.579
1.5577e-06,-12.272
1.5578e-06,-12.397
1.5579e-06,-12.613
1.558e-06,-12.277
1.5581e-06,-12.363
1.5582e-06,-12.543
1.5583e-06,-12.31
1.5584e-06,-12.22
1.5585e-06,-12.376
1.5586e-06,-12.415
1.5587e-06,-12.508
1.5588e-06,-12.505
1.5589e-06,-12.407
1.559e-06,-12.595
1.5591e-06,-12.191
1.5592e-06,-12.41
1.5593e-06,-12.277
1.5594e-06,-12.403
1.5595e-06,-12.26
1.5596e-06,-12.198
1.5597e-06,-12.147
1.5598e-06,-12.252
1.5599e-06,-12.248
1.56e-06,-11.958
1.5601e-06,-12.096
1.5602e-06,-12.29
1.5603e-06,-12.106
1.5604e-06,-12.235
1.5605e-06,-12.108
1.5606e-06,-12.201
1.5607e-06,-12.151
1.5608e-06,-12.124
1.5609e-06,-12.286
1.561e-06,-12.227
1.5611e-06,-12.078
1.5612e-06,-11.895
1.5613e-06,-12.036
1.5614e-06,-12.08
1.5615e-06,-12.072
1.5616e-06,-11.978
1.5617e-06,-12.185
1.5618e-06,-12.085
1.5619e-06,-12.003
1.562e-06,-12.188
1.5621e-06,-11.895
1.5622e-06,-11.973
1.5623e-06,-12.09
1.5624e-06,-12.063
1.5625e-06,-11.889
1.5626e-06,-12.047
1.5627e-06,-11.904
1.5628e-06,-11.976
1.5629e-06,-11.981
1.563e-06,-11.924
1.5631e-06,-11.886
1.5632e-06,-11.959
1.5633e-06,-11.793
1.5634e-06,-11.63
1.5635e-06,-11.844
1.5636e-06,-11.769
1.5637e-06,-11.814
1.5638e-06,-11.725
1.5639e-06,-11.686
1.564e-06,-11.601
1.5641e-06,-11.713
1.5642e-06,-11.711
1.5643e-06,-11.801
1.5644e-06,-11.626
1.5645e-06,-11.738
1.5646e-06,-11.647
1.5647e-06,-11.615
1.5648e-06,-11.524
1.5649e-06,-11.547
1.565e-06,-11.472
1.5651e-06,-11.526
1.5652e-06,-11.275
1.5653e-06,-11.619
1.5654e-06,-11.521
1.5655e-06,-11.455
1.5656e-06,-11.563
1.5657e-06,-11.515
1.5658e-06,-11.406
1.5659e-06,-11.52
1.566e-06,-11.484
1.5661e-06,-11.261
1.5662e-06,-11.377
1.5663e-06,-11.038
1.5664e-06,-11.278
1.5665e-06,-11.319
1.5666e-06,-11.249
1.5667e-06,-11.044
1.5668e-06,-11.197
1.5669e-06,-11.278
1.567e-06,-11.391
1.5671e-06,-11.148
1.5672e-06,-11.388
1.5673e-06,-11.12
1.5674e-06,-11.204
1.5675e-06,-11.059
1.5676e-06,-10.992
1.5677e-06,-11.089
1.5678e-06,-11.125
1.5679e-06,-11.14
1.568e-06,-11.084
1.5681e-06,-11.189
1.5682e-06,-11.063
1.5683e-06,-11.129
1.5684e-06,-11.037
1.5685e-06,-10.961
1.5686e-06,-11.069
1.5687e-06,-10.952
1.5688e-06,-10.956
1.5689e-06,-11.04
1.569e-06,-10.957
1.5691e-06,-11.165
1.5692e-06,-10.911
1.5693e-06,-10.871
1.5694e-06,-10.769
1.5695e-06,-10.867
1.5696e-06,-10.737
1.5697e-06,-10.91
1.5698e-06,-10.544
1.5699e-06,-10.769
1.57e-06,-10.75
1.5701e-06,-10.657
1.5702e-06,-10.67
1.5703e-06,-10.789
1.5704e-06,-10.575
1.5705e-06,-10.714
1.5706e-06,-10.553
1.5707e-06,-10.334
1.5708e-06,-10.533
1.5709e-06,-10.316
1.571e-06,-10.407
1.5711e-06,-10.849
1.5712e-06,-10.559
1.5713e-06,-10.46
1.5714e-06,-10.506
1.5715e-06,-10.534
1.5716e-06,-10.368
1.5717e-06,-10.555
1.5718e-06,-10.278
1.5719e-06,-10.536
1.572e-06,-10.181
1.5721e-06,-10.473
1.5722e-06,-10.297
1.5723e-06,-10.13
1.5724e-06,-10.23
1.5725e-06,-10.226
1.5726e-06,-9.9674
1.5727e-06,-10.059
1.5728e-06,-10.362
1.5729e-06,-10.078
1.573e-06,-10.052
1.5731e-06,-10.386
1.5732e-06,-10.159
1.5733e-06,-10.213
1.5734e-06,-10.099
1.5735e-06,-10.255
1.5736e-06,-10.112
1.5737e-06,-9.9106
1.5738e-06,-9.9778
1.5739e-06,-10.051
1.574e-06,-9.8653
1.5741e-06,-9.8268
1.5742e-06,-9.9808
1.5743e-06,-9.8317
1.5744e-06,-9.9129
1.5745e-06,-9.8462
1.5746e-06,-9.803
1.5747e-06,-9.8364
1.5748e-06,-9.8773
1.5749e-06,-9.8083
1.575e-06,-9.7017
1.5751e-06,-9.6457
1.5752e-06,-9.7384
1.5753e-06,-9.7879
1.5754e-06,-9.6917
1.5755e-06,-9.8664
1.5756e-06,-9.5127
1.5757e-06,-9.7273
1.5758e-06,-9.7093
1.5759e-06,-9.3824
1.576e-06,-9.5726
1.5761e-06,-9.5211
1.5762e-06,-9.5272
1.5763e-06,-9.5414
1.5764e-06,-9.4302
1.5765e-06,-9.5476
1.5766e-06,-9.407
1.5767e-06,-9.5581
1.5768e-06,-9.3958
1.5769e-06,-9.3597
1.577e-06,-9.3554
1.5771e-06,-9.409
1.5772e-06,-9.2575
1.5773e-06,-9.1418
1.5774e-06,-9.2682
1.5775e-06,-9.2536
1.5776e-06,-9.3099
1.5777e-06,-9.1855
1.5778e-06,-9.1091
1.5779e-06,-9.0619
1.578e-06,-9.062
1.5781e-06,-9.0515
1.5782e-06,-8.9363
1.5783e-06,-8.9925
1.5784e-06,-9.158
1.5785e-06,-8.9364
1.5786e-06,-9.0662
1.5787e-06,-9.1715
1.5788e-06,-8.9451
1.5789e-06,-8.7663
1.579e-06,-8.8334
1.5791e-06,-8.5911
1.5792e-06,-8.9011
1.5793e-06,-8.9769
1.5794e-06,-9.0046
1.5795e-06,-8.72
1.5796e-06,-8.6594
1.5797e-06,-8.7841
1.5798e-06,-8.8122
1.5799e-06,-8.6448
1.58e-06,-8.7772
1.5801e-06,-8.54
1.5802e-06,-8.598
1.5803e-06,-8.6468
1.5804e-06,-8.6637
1.5805e-06,-8.7483
1.5806e-06,-8.7864
1.5807e-06,-8.7972
1.5808e-06,-8.6504
1.5809e-06,-8.7048
1.581e-06,-8.5745
1.5811e-06,-8.3402
1.5812e-06,-8.8289
1.5813e-06,-8.47
1.5814e-06,-8.5257
1.5815e-06,-8.447
1.5816e-06,-8.4035
1.5817e-06,-8.3826
1.5818e-06,-8.3605
1.5819e-06,-8.4066
1.582e-06,-8.2505
1.5821e-06,-8.5441
1.5822e-06,-8.3276
1.5823e-06,-8.488
1.5824e-06,-8.2296
1.5825e-06,-8.3551
1.5826e-06,-8.2078
1.5827e-06,-8.3799
1.5828e-06,-8.0955
1.5829e-06,-8.2248
1.583e-06,-7.9966
1.5831e-06,-8.0897
1.5832e-06,-8.0633
1.5833e-06,-8.0806
1.5834e-06,-8.2053
1.5835e-06,-8.1368
1.5836e-06,-8.0293
1.5837e-06,-7.9216
1.5838e-06,-8.1775
1.5839e-06,-8.0968
1.584e-06,-8.014
1.5841e-06,-8.2445
1.5842e-06,-7.6712
1.5843e-06,-7.9135
1.5844e-06,-8.0024
1.5845e-06,-8.0441
1.5846e-06,-8.1084
1.5847e-06,-7.8477
1.5848e-06,-7.7206
1.5849e-06,-7.7416
1.585e-06,-7.7892
1.5851e-06,-7.7158
1.5852e-06,-7.6702
1.5853e-06,-7.7736
1.5854e-06,-7.7593
1.5855e-06,-7.557
1.5856e-06,-7.7296
1.5857e-06,-7.6343
1.5858e-06,-7.6127
1.5859e-06,-7.6029
1.586e-06,-7.4658
1.5861e-06,-7.706
1.5862e-06,-7.4641
1.5863e-06,-7.5661
1.5864e-06,-7.4356
1.5865e-06,-7.6038
1.5866e-06,-7.4195
1.5867e-06,-7.4719
1.5868e-06,-7.5249
1.5869e-06,-7.4813
1.587e-06,-7.5289
1.5871e-06,-7.6571
1.5872e-06,-7.3975
1.5873e-06,-7.0594
1.5874e-06,-7.2309
1.5875e-06,-7.4922
1.5876e-06,-7.3604
1.5877e-06,-7.3363
1.5878e-06,-7.4774
1.5879e-06,-7.3311
1.588e-06,-6.9963
1.5881e-06,-7.2453
1.5882e-06,-7.3428
1.5883e-06,-7.1515
1.5884e-06,-7.1461
1.5885e-06,-7.1417
1.5886e-06,-6.9999
1.5887e-06,-7.1218
1.5888e-06,-7.2816
1.5889e-06,-7.1003
1.589e-06,-7.1898
1.5891e-06,-7.2892
1.5892e-06,-7.1071
1.5893e-06,-6.9571
1.5894e-06,-6.8199
1.5895e-06,-7.0694
1.5896e-06,-7.154
1.5897e-06,-6.8267
1.5898e-06,-6.8759
1.5899e-06,-6.8151
1.59e-06,-6.6295
1.5901e-06,-6.8338
1.5902e-06,-6.7209
1.5903e-06,-6.7868
1.5904e-06,-6.8333
1.5905e-06,-6.859
1.5906e-06,-6.8736
1.5907e-06,-6.7931
1.5908e-06,-6.7069
1.5909e-06,-6.6947
1.591e-06,-6.7486
1.5911e-06,-6.6284
1.5912e-06,-6.9064
1.5913e-06,-6.7517
1.5914e-06,-6.756
1.5915e-06,-6.4421
1.5916e-06,-6.7262
1.5917e-06,-6.7272
1.5918e-06,-6.496
1.5919e-06,-6.6072
1.592e-06,-6.57
1.5921e-06,-6.6656
1.5922e-06,-6.5489
1.5923e-06,-6.5795
1.5924e-06,-6.3566
1.5925e-06,-6.4851
1.5926e-06,-6.5495
1.5927e-06,-6.6828
1.5928e-06,-6.2518
1.5929e-06,-6.6242
1.593e-06,-6.3615
1.5931e-06,-6.2454
1.5932e-06,-6.5769
1.5933e-06,-6.411
1.5934e-06,-6.3309
1.5935e-06,-6.0943
1.5936e-06,-6.3701
1.5937e-06,-6.3758
1.5938e-06,-6.1394
1.5939e-06,-6.4522
1.594e-06,-6.2607
1.5941e-06,-6.1062
1.5942e-06,-6.4363
1.5943e-06,-6.1031
1.5944e-06,-6.2901
1.5945e-06,-6.1816
1.5946e-06,-6.2543
1.5947e-06,-6.1659
1.5948e-06,-6.164
1.5949e-06,-6.0946
1.595e-06,-6.1887
1.5951e-06,-6.1187
1.5952e-06,-5.9292
1.5953e-06,-6.1085
1.5954e-06,-5.8136
1.5955e-06,-6.0168
1.5956e-06,-6.0004
1.5957e-06,-6.0654
1.5958e-06,-6.159
1.5959e-06,-5.8533
1.596e-06,-5.9109
1.5961e-06,-6.0378
1.5962e-06,-5.8002
1.5963e-06,-5.7457
1.5964e-06,-6.0479
1.5965e-06,-5.8313
1.5966e-06,-5.8344
1.5967e-06,-5.9575
1.5968e-06,-5.8815
1.5969e-06,-5.9445
1.597e-06,-5.6207
1.5971e-06,-5.6949
1.5972e-06,-5.7119
1.5973e-06,-5.7555
1.5974e-06,-5.6699
1.5975e-06,-5.6927
1.5976e-06,-5.9107
1.5977e-06,-5.6722
1.5978e-06,-5.6855
1.5979e-06,-5.6814
1.598e-06,-5.6976
1.5981e-06,-5.667
1.5982e-06,-5.6327
1.5983e-06,-5.5792
1.5984e-06,-5.6248
1.5985e-06,-5.5371
1.5986e-06,-5.821
1.5987e-06,-5.5956
1.5988e-06,-5.4851
1.5989e-06,-5.602
1.599e-06,-5.5038
1.5991e-06,-5.3862
1.5992e-06,-5.3967
1.5993e-06,-5.5675
1.5994e-06,-5.4377
1.5995e-06,-5.481
1.5996e-06,-5.4166
1.5997e-06,-5.3004
1.5998e-06,-5.3198
1.5999e-06,-5.5181
1.6e-06,-5.4104
1.6001e-06,-5.3645
1.6002e-06,-5.6524
1.6003e-06,-5.4285
1.6004e-06,-5.3768
1.6005e-06,-5.1578
1.6006e-06,-5.3152
1.6007e-06,-5.1993
1.6008e-06,-5.2829
1.6009e-06,-5.4298
1.601e-06,-5.1831
1.6011e-06,-5.5683
1.6012e-06,-5.2225
1.6013e-06,-5.1949
1.6014e-06,-5.1557
1.6015e-06,-4.8954
1.6016e-06,-4.8099
1.6017e-06,-5.1998
1.6018e-06,-5.0202
1.6019e-06,-5.1639
1.602e-06,-4.9
1.6021e-06,-5.0337
1.6022e-06,-5.0016
1.6023e-06,-5.0572
1.6024e-06,-5.2856
1.6025e-06,-5.1664
1.6026e-06,-4.9584
1.6027e-06,-5.0815
1.6028e-06,-4.96
1.6029e-06,-4.9425
1.603e-06,-4.9711
1.6031e-06,-5.0519
1.6032e-06,-4.8375
1.6033e-06,-4.9568
1.6034e-06,-4.8725
1.6035e-06,-5.0088
1.6036e-06,-4.8655
1.6037e-06,-4.7086
1.6038e-06,-4.7841
1.6039e-06,-5.0749
1.604e-06,-4.7512
1.6041e-06,-4.9248
1.6042e-06,-4.7389
1.6043e-06,-4.6855
1.6044e-06,-4.7917
1.6045e-06,-5.0154
1.6046e-06,-4.663
1.6047e-06,-4.811
1.6048e-06,-4.8737
1.6049e-06,-4.6654
1.605e-06,-4.4687
1.6051e-06,-4.6329
1.6052e-06,-4.5293
1.6053e-06,-4.5958
1.6054e-06,-4.862
1.6055e-06,-4.6827
1.6056e-06,-4.5572
1.6057e-06,-4.5936
1.6058e-06,-4.47
1.6059e-06,-4.4583
1.606e-06,-4.5868
1.6061e-06,-4.4957
1.6062e-06,-4.5098
1.6063e-06,-4.5758
1.6064e-06,-4.6064
1.6065e-06,-4.573
1.6066e-06,-4.2983
1.6067e-06,-4.1666
1.6068e-06,-4.4375
1.6069e-06,-4.3883
1.607e-06,-4.319
1.6071e-06,-4.5419
1.6072e-06,-4.4136
1.6073e-06,-4.2706
1.6074e-06,-4.2519
1.6075e-06,-4.4602
1.6076e-06,-4.2841
1.6077e-06,-4.4638
1.6078e-06,-4.3421
1.6079e-06,-4.2079
1.608e-06,-4.1577
1.6081e-06,-4.2982
1.6082e-06,-4.3554
1.6083e-06,-4.2788
1.6084e-06,-4.5052
1.6085e-06,-4.3122
1.6086e-06,-4.3126
1.6087e-06,-4.0778
1.6088e-06,-4.2946
1.6089e-06,-4.2645
1.609e-06,-4.0922
1.6091e-06,-3.9097
1.6092e-06,-4.2702
1.6093e-06,-4.2053
1.6094e-06,-4.1435
1.6095e-06,-4.1316
1.6096e-06,-4.1406
1.6097e-06,-3.93
1.6098e-06,-4.0609
1.6099e-06,-4.1498
1.61e-06,-4.1187
1.6101e-06,-4.0692
1.6102e-06,-4.0017
1.6103e-06,-4.0329
1.6104e-06,-4.12
1.6105e-06,-3.9776
1.6106e-06,-3.9768
1.6107e-06,-4.0239
1.6108e-06,-3.9056
1.6109e-06,-3.7575
1.611e-06,-3.8338
1.6111e-06,-3.9991
1.6112e-06,-3.84
1.6113e-06,-3.819
1.6114e-06,-4.1044
1.6115e-06,-4.0231
1.6116e-06,-3.9378
1.6117e-06,-3.9128
1.6118e-06,-4.0228
1.6119e-06,-4.0088
1.612e-06,-3.6668
1.6121e-06,-3.732
1.6122e-06,-3.9557
1.6123e-06,-3.8025
1.6124e-06,-3.5309
1.6125e-06,-3.6569
1.6126e-06,-3.7484
1.6127e-06,-3.7037
1.6128e-06,-3.8701
1.6129e-06,-3.7665
1.613e-06,-3.7767
1.6131e-06,-3.5422
1.6132e-06,-3.6864
1.6133e-06,-3.6067
1.6134e-06,-3.798
1.6135e-06,-3.5513
1.6136e-06,-3.6776
1.6137e-06,-3.6116
1.6138e-06,-3.5744
1.6139e-06,-3.7349
1.614e-06,-3.7287
1.6141e-06,-3.5042
1.6142e-06,-3.703
1.6143e-06,-3.5644
1.6144e-06,-3.6066
1.6145e-06,-3.4357
1.6146e-06,-3.6472
1.6147e-06,-3.3986
1.6148e-06,-3.3597
1.6149e-06,-3.7492
1.615e-06,-3.5833
1.6151e-06,-3.476
1.6152e-06,-3.4669
1.6153e-06,-3.2914
1.6154e-06,-3.3348
1.6155e-06,-3.5967
1.6156e-06,-3.3027
1.6157e-06,-3.4575
1.6158e-06,-3.4298
1.6159e-06,-3.559
1.616e-06,-3.4694
1.6161e-06,-3.5094
1.6162e-06,-3.3203
1.6163e-06,-3.2331
1.6164e-06,-3.4053
1.6165e-06,-3.2484
1.6166e-06,-3.3035
1.6167e-06,-3.318
1.6168e-06,-3.4277
1.6169e-06,-3.3713
1.617e-06,-3.1868
1.6171e-06,-3.4173
1.6172e-06,-3.4112
1.6173e-06,-3.174
1.6174e-06,-3.4177
1.6175e-06,-3.368
1.6176e-06,-3.0516
1.6177e-06,-3.3073
1.6178e-06,-3.5017
1.6179e-06,-3.2917
1.618e-06,-3.1306
1.6181e-06,-3.1376
1.6182e-06,-3.0782
1.6183e-06,-3.1474
1.6184e-06,-3.2353
1.6185e-06,-3.1759
1.6186e-06,-3.298
1.6187e-06,-3.1471
1.6188e-06,-2.9241
1.6189e-06,-3.0072
1.619e-06,-2.7777
1.6191e-06,-3.1633
1.6192e-06,-3.0507
1.6193e-06,-2.9281
1.6194e-06,-2.7671
1.6195e-06,-3.0716
1.6196e-06,-2.9183
1.6197e-06,-2.965
1.6198e-06,-3.03
1.6199e-06,-3.0406
1.62e-06,-3.0435
1.6201e-06,-3.128
1.6202e-06,-2.9793
1.6203e-06,-3.1335
1.6204e-06,-2.6921
1.6205e-06,-3.1503
1.6206e-06,-2.8544
1.6207e-06,-3.068
1.6208e-06,-2.8367
1.6209e-06,-2.7329
1.621e-06,-2.9278
1.6211e-06,-2.9034
1.6212e-06,-2.6807
1.6213e-06,-2.8842
1.6214e-06,-2.7039
1.6215e-06,-2.7035
1.6216e-06,-2.9652
1.6217e-06,-2.7864
1.6218e-06,-2.6961
1.6219e-06,-2.7725
1.622e-06,-2.8362
1.6221e-06,-2.7858
1.6222e-06,-2.6829
1.6223e-06,-2.9078
1.6224e-06,-2.5418
1.6225e-06,-2.6198
1.6226e-06,-2.8528
1.6227e-06,-2.5233
1.6228e-06,-2.845
1.6229e-06,-2.5963
1.623e-06,-2.6722
1.6231e-06,-2.5312
1.6232e-06,-2.6433
1.6233e-06,-2.5575
1.6234e-06,-2.4797
1.6235e-06,-2.6771
1.6236e-06,-2.4334
1.6237e-06,-2.6328
1.6238e-06,-2.6314
1.6239e-06,-2.4076
1.624e-06,-2.7251
1.6241e-06,-2.6263
1.6242e-06,-2.7001
1.6243e-06,-2.6481
1.6244e-06,-2.2657
1.6245e-06,-2.4762
1.6246e-06,-2.5283
1.6247e-06,-2.6968
1.6248e-06,-2.5066
1.6249e-06,-2.4114
1.625e-06,-2.4335
1.6251e-06,-2.4935
1.6252e-06,-2.5361
1.6253e-06,-2.3601
1.6254e-06,-2.3781
1.6255e-06,-2.4836
1.6256e-06,-2.4587
1.6257e-06,-2.4926
1.6258e-06,-2.4676
1.6259e-06,-2.4004
1.626e-06,-2.3573
1.6261e-06,-2.4252
1.6262e-06,-2.3999
1.6263e-06,-2.2666
1.6264e-06,-2.3029
1.6265e-06,-2.412
1.6266e-06,-2.2005
1.6267e-06,-2.3144
1.6268e-06,-2.0996
1.6269e-06,-2.2027
1.627e-06,-1.9349
1.6271e-06,-2.2587
1.6272e-06,-2.4708
1.6273e-06,-1.9481
1.6274e-06,-2.1231
1.6275e-06,-2.4224
1.6276e-06,-2.3537
1.6277e-06,-2.2131
1.6278e-06,-2.3562
1.6279e-06,-2.168
1.628e-06,-2.1652
1.6281e-06,-2.1264
1.6282e-06,-2.0448
1.6283e-06,-2.2946
1.6284e-06,-2.0733
1.6285e-06,-2.4
1.6286e-06,-2.2839
1.6287e-06,-2.0523
1.6288e-06,-2.2511
1.6289e-06,-2.0488
1.629e-06,-2.2076
1.6291e-06,-2.2666
1.6292e-06,-2.0484
1.6293e-06,-2.2683
1.6294e-06,-2.133
1.6295e-06,-1.8604
1.6296e-06,-2.0409
1.6297e-06,-2.3609
1.6298e-06,-2.0108
1.6299e-06,-2.234
1.63e-06,-2.0401
1.6301e-06,-1.8254
1.6302e-06,-1.9803
1.6303e-06,-2.0458
1.6304e-06,-1.9599
1.6305e-06,-1.9642
1.6306e-06,-2.3379
1.6307e-06,-1.8191
1.6308e-06,-2.1124
1.6309e-06,-1.9519
1.631e-06,-1.891
1.6311e-06,-1.8615
1.6312e-06,-1.8808
1.6313e-06,-1.8357
1.6314e-06,-1.8869
1.6315e-06,-1.8942
1.6316e-06,-1.9992
1.6317e-06,-1.7903
1.6318e-06,-1.9787
1.6319e-06,-1.8233
1.632e-06,-1.9658
1.6321e-06,-1.7865
1.6322e-06,-2.0129
1.6323e-06,-1.6549
1.6324e-06,-1.6826
1.6325e-06,-1.9064
1.6326e-06,-1.8864
1.6327e-06,-1.5904
1.6328e-06,-1.804
1.6329e-06,-1.7166
1.633e-06,-1.6922
1.6331e-06,-2.0442
1.6332e-06,-1.8883
1.6333e-06,-1.6323
1.6334e-06,-1.423
1.6335e-06,-1.6802
1.6336e-06,-1.5926
1.6337e-06,-1.4212
1.6338e-06,-1.6533
1.6339e-06,-1.832
1.634e-06,-1.7646
1.6341e-06,-1.579
1.6342e-06,-1.5517
1.6343e-06,-1.5913
1.6344e-06,-1.5214
1.6345e-06,-1.5492
1.6346e-06,-1.5496
1.6347e-06,-1.5121
1.6348e-06,-1.5011
1.6349e-06,-1.6876
1.635e-06,-1.4756
1.6351e-06,-1.5276
1.6352e-06,-1.655
1.6353e-06,-1.7271
1.6354e-06,-1.4912
1.6355e-06,-1.5034
1.6356e-06,-1.5216
1.6357e-06,-1.672
1.6358e-06,-1.5464
1.6359e-06,-1.4901
1.636e-06,-1.638
1.6361e-06,-1.6522
1.6362e-06,-1.5529
1.6363e-06,-1.4462
1.6364e-06,-1.4484
1.6365e-06,-1.39
1.6366e-06,-1.5804
1.6367e-06,-1.5067
1.6368e-06,-1.602
1.6369e-06,-1.455
1.637e-06,-1.509
1.6371e-06,-1.5408
1.6372e-06,-1.4675
1.6373e-06,-1.6016
1.6374e-06,-1.4972
1.6375e-06,-1.4619
1.6376e-06,-1.3978
1.6377e-06,-1.3426
1.6378e-06,-1.6185
1.6379e-06,-1.2698
1.638e-06,-1.0902
1.6381e-06,-1.2998
1.6382e-06,-1.4759
1.6383e-06,-1.0225
1.6384e-06,-1.1635
1.6385e-06,-1.1064
1.6386e-06,-0.96987
1.6387e-06,-1.2077
1.6388e-06,-1.3678
1.6389e-06,-1.2167
1.639e-06,-1.0972
1.6391e-06,-1.2479
1.6392e-06,-1.1917
1.6393e-06,-1.2975
1.6394e-06,-1.0175
1.6395e-06,-1.1026
1.6396e-06,-1.3606
1.6397e-06,-1.3389
1.6398e-06,-1.273
1.6399e-06,-1.1755
1.64e-06,-1.1961
1.6401e-06,-1.1707
1.6402e-06,-1.2152
1.6403e-06,-0.70811
1.6404e-06,-1.0095
1.6405e-06,-1.0931
1.6406e-06,-1.2818
1.6407e-06,-1.1323
1.6408e-06,-1.1973
1.6409e-06,-0.92135
1.641e-06,-0.8801
1.6411e-06,-1.0107
1.6412e-06,-1.1236
1.6413e-06,-1.0786
1.6414e-06,-1.0343
1.6415e-06,-1.0266
1.6416e-06,-1.2078
1.6417e-06,-1.1569
1.6418e-06,-1.1332
1.6419e-06,-0.99936
1.642e-06,-1.051
1.6421e-06,-1.0028
1.6422e-06,-0.97445
1.6423e-06,-1.0617
1.6424e-06,-1.1098
1.6425e-06,-1.0148
1.6426e-06,-1.011
1.6427e-06,-0.8455
1.6428e-06,-1.0143
1.6429e-06,-0.8933
1.643e-06,-0.88374
1.6431e-06,-1.098
1.6432e-06,-1.1031
1.6433e-06,-1.0463
1.6434e-06,-1.1803
1.6435e-06,-1.0291
1.6436e-06,-0.77371
1.6437e-06,-0.75955
1.6438e-06,-1.1353
1.6439e-06,-0.86901
1.644e-06,-0.5393
1.6441e-06,-0.98508
1.6442e-06,-0.73457
1.6443e-06,-0.79221
1.6444e-06,-0.85786
1.6445e-06,-0.8408
1.6446e-06,-0.76587
1.6447e-06,-0.91098
1.6448e-06,-0.73618
1.6449e-06,-1.0627
1.645e-06,-0.74443
1.6451e-06,-0.7769
1.6452e-06,-0.98343
1.6453e-06,-0.58704
1.6454e-06,-0.85829
1.6455e-06,-0.84883
1.6456e-06,-0.88222
1.6457e-06,-0.87181
1.6458e-06,-0.59775
1.6459e-06,-0.86291
1.646e-06,-0.62745
1.6461e-06,-0.79606
1.6462e-06,-0.7827
1.6463e-06,-1.0055
1.6464e-06,-0.71458
1.6465e-06,-0.71495
1.6466e-06,-0.63578
1.6467e-06,-0.75412
1.6468e-06,-0.77752
1.6469e-06,-0.62642
1.647e-06,-0.60989
1.6471e-06,-0.6304
1.6472e-06,-0.46462
1.6473e-06,-0.3365
1.6474e-06,-0.87311
1.6475e-06,-0.71476
1.6476e-06,-0.69626
1.6477e-06,-0.74577
1.6478e-06,-0.43675
1.6479e-06,-0.79929
1.648e-06,-0.74105
1.6481e-06,-0.45703
1.6482e-06,-0.60507
1.6483e-06,-0.71617
1.6484e-06,-0.67616
1.6485e-06,-0.76345
1.6486e-06,-0.54516
1.6487e-06,-0.46012
1.6488e-06,-0.56989
1.6489e-06,-0.50347
1.649e-06,-0.29338
1.6491e-06,-0.38901
1.6492e-06,-0.51295
1.6493e-06,-0.43803
1.6494e-06,-0.21985
1.6495e-06,-0.17773
1.6496e-06,-0.4793
1.6497e-06,-0.5199
1.6498e-06,-0.77034
1.6499e-06,-0.40282
1.65e-06,-0.28101
