1.35e-06,9.9081
1.3501e-06,10.001
1.3502e-06,9.9366
1.3503e-06,9.8126
1.3504e-06,9.8773
1.3505e-06,9.7859
1.3506e-06,9.8417
1.3507e-06,9.8616
1.3508e-06,9.9351
1.3509e-06,9.8413
1.351e-06,9.966
1.3511e-06,9.9124
1.3512e-06,9.9448
1.3513e-06,9.8063
1.3514e-06,10.003
1.3515e-06,9.9313
1.3516e-06,9.8911
1.3517e-06,9.8797
1.3518e-06,9.6934
1.3519e-06,9.9511
1.352e-06,9.7387
1.3521e-06,9.9613
1.3522e-06,9.986
1.3523e-06,9.9074
1.3524e-06,9.7716
1.3525e-06,9.7804
1.3526e-06,9.7223
1.3527e-06,9.7663
1.3528e-06,9.7051
1.3529e-06,9.8103
1.353e-06,9.7913
1.3531e-06,9.7618
1.3532e-06,9.693
1.3533e-06,9.7283
1.3534e-06,9.6824
1.3535e-06,9.8145
1.3536e-06,9.7838
1.3537e-06,9.7734
1.3538e-06,9.7186
1.3539e-06,9.7383
1.354e-06,9.768
1.3541e-06,9.7762
1.3542e-06,9.6477
1.3543e-06,9.6715
1.3544e-06,9.7349
1.3545e-06,9.7372
1.3546e-06,9.6516
1.3547e-06,9.7021
1.3548e-06,9.7007
1.3549e-06,9.6006
1.355e-06,9.7546
1.3551e-06,9.754
1.3552e-06,9.5651
1.3553e-06,9.5912
1.3554e-06,9.5232
1.3555e-06,9.6603
1.3556e-06,9.5611
1.3557e-06,9.628
1.3558e-06,9.6218
1.3559e-06,9.603
1.356e-06,9.5548
1.3561e-06,9.6429
1.3562e-06,9.67
1.3563e-06,9.6748
1.3564e-06,9.5987
1.3565e-06,9.6926
1.3566e-06,9.6149
1.3567e-06,9.6816
1.3568e-06,9.7233
1.3569e-06,9.5958
1.357e-06,9.6322
1.3571e-06,9.6204
1.3572e-06,9.5154
1.3573e-06,9.6115
1.3574e-06,9.5206
1.3575e-06,9.6515
1.3576e-06,9.5806
1.3577e-06,9.5894
1.3578e-06,9.5444
1.3579e-06,9.6058
1.358e-06,9.448
1.3581e-06,9.4887
1.3582e-06,9.5789
1.3583e-06,9.6366
1.3584e-06,9.4622
1.3585e-06,9.5847
1.3586e-06,9.4512
1.3587e-06,9.4295
1.3588e-06,9.6201
1.3589e-06,9.5547
1.359e-06,9.3791
1.3591e-06,9.515
1.3592e-06,9.4594
1.3593e-06,9.4906
1.3594e-06,9.446
1.3595e-06,9.3897
1.3596e-06,9.4838
1.3597e-06,9.416
1.3598e-06,9.3191
1.3599e-06,9.3629
1.36e-06,9.5091
1.3601e-06,9.3739
1.3602e-06,9.3002
1.3603e-06,9.3871
1.3604e-06,9.4747
1.3605e-06,9.2895
1.3606e-06,9.4157
1.3607e-06,9.4059
1.3608e-06,9.3447
1.3609e-06,9.4206
1.361e-06,9.254
1.3611e-06,9.3511
1.3612e-06,9.321
1.3613e-06,9.2004
1.3614e-06,9.3209
1.3615e-06,9.3735
1.3616e-06,9.3532
1.3617e-06,9.4384
1.3618e-06,9.2723
1.3619e-06,9.3125
1.362e-06,9.3201
1.3621e-06,9.3937
1.3622e-06,9.3185
1.3623e-06,9.256
1.3624e-06,9.2684
1.3625e-06,9.2949
1.3626e-06,9.2302
1.3627e-06,9.3476
1.3628e-06,9.371
1.3629e-06,9.3469
1.363e-06,9.3576
1.3631e-06,9.3382
1.3632e-06,9.269
1.3633e-06,9.2536
1.3634e-06,9.257
1.3635e-06,9.378
1.3636e-06,9.3478
1.3637e-06,9.3578
1.3638e-06,9.2997
1.3639e-06,9.1672
1.364e-06,9.2046
1.3641e-06,9.1804
1.3642e-06,9.4311
1.3643e-06,9.2982
1.3644e-06,9.1637
1.3645e-06,9.054
1.3646e-06,9.0731
1.3647e-06,9.1804
1.3648e-06,9.1779
1.3649e-06,9.1813
1.365e-06,9.2644
1.3651e-06,9.1619
1.3652e-06,9.2855
1.3653e-06,9.1113
1.3654e-06,9.1844
1.3655e-06,9.2432
1.3656e-06,9.0784
1.3657e-06,9.0098
1.3658e-06,9.0833
1.3659e-06,9.2342
1.366e-06,9.2532
1.3661e-06,9.1809
1.3662e-06,9.2192
1.3663e-06,9.0804
1.3664e-06,9.1809
1.3665e-06,9.2125
1.3666e-06,9.1754
1.3667e-06,9.0441
1.3668e-06,9.0655
1.3669e-06,9.0831
1.367e-06,9.1594
1.3671e-06,9.018
1.3672e-06,9.1407
1.3673e-06,9.0073
1.3674e-06,9.0967
1.3675e-06,9.0331
1.3676e-06,9.1051
1.3677e-06,9.1495
1.3678e-06,9.0969
1.3679e-06,9.005
1.368e-06,9.0565
1.3681e-06,9.0549
1.3682e-06,9.0892
1.3683e-06,9.1953
1.3684e-06,9.115
1.3685e-06,9.0046
1.3686e-06,9.0392
1.3687e-06,8.9538
1.3688e-06,8.9775
1.3689e-06,9.0285
1.369e-06,9.0878
1.3691e-06,9.0491
1.3692e-06,9.0448
1.3693e-06,8.9955
1.3694e-06,8.8625
1.3695e-06,9.1534
1.3696e-06,9.087
1.3697e-06,8.9343
1.3698e-06,8.9941
1.3699e-06,8.9068
1.37e-06,8.9934
1.3701e-06,8.9578
1.3702e-06,9.1491
1.3703e-06,9.0567
1.3704e-06,8.837
1.3705e-06,8.9905
1.3706e-06,9.0403
1.3707e-06,9.0128
1.3708e-06,8.759
1.3709e-06,8.9291
1.371e-06,8.7722
1.3711e-06,8.9638
1.3712e-06,8.8995
1.3713e-06,8.8937
1.3714e-06,8.8135
1.3715e-06,8.8984
1.3716e-06,8.92
1.3717e-06,8.8957
1.3718e-06,8.8952
1.3719e-06,8.9565
1.372e-06,8.7647
1.3721e-06,8.8921
1.3722e-06,8.7229
1.3723e-06,8.9288
1.3724e-06,8.7698
1.3725e-06,8.752
1.3726e-06,8.8739
1.3727e-06,8.7105
1.3728e-06,8.9117
1.3729e-06,8.8017
1.373e-06,8.7444
1.3731e-06,8.7494
1.3732e-06,8.7641
1.3733e-06,8.6722
1.3734e-06,8.9408
1.3735e-06,8.6876
1.3736e-06,8.838
1.3737e-06,8.741
1.3738e-06,8.8361
1.3739e-06,8.8538
1.374e-06,8.9051
1.3741e-06,8.8167
1.3742e-06,8.6175
1.3743e-06,8.7877
1.3744e-06,8.7844
1.3745e-06,8.6937
1.3746e-06,8.7042
1.3747e-06,8.6869
1.3748e-06,8.726
1.3749e-06,8.7884
1.375e-06,8.762
1.3751e-06,8.7136
1.3752e-06,8.7053
1.3753e-06,8.7667
1.3754e-06,8.5677
1.3755e-06,8.7145
1.3756e-06,8.6323
1.3757e-06,8.7509
1.3758e-06,8.8123
1.3759e-06,8.6148
1.376e-06,8.5951
1.3761e-06,8.6612
1.3762e-06,8.7362
1.3763e-06,8.7156
1.3764e-06,8.5901
1.3765e-06,8.6695
1.3766e-06,8.7036
1.3767e-06,8.675
1.3768e-06,8.6038
1.3769e-06,8.6508
1.377e-06,8.6189
1.3771e-06,8.5279
1.3772e-06,8.642
1.3773e-06,8.5462
1.3774e-06,8.6481
1.3775e-06,8.6585
1.3776e-06,8.4338
1.3777e-06,8.44
1.3778e-06,8.5157
1.3779e-06,8.6603
1.378e-06,8.4919
1.3781e-06,8.5499
1.3782e-06,8.5554
1.3783e-06,8.5359
1.3784e-06,8.4954
1.3785e-06,8.5309
1.3786e-06,8.4315
1.3787e-06,8.462
1.3788e-06,8.4103
1.3789e-06,8.4773
1.379e-06,8.4064
1.3791e-06,8.4733
1.3792e-06,8.555
1.3793e-06,8.56
1.3794e-06,8.4851
1.3795e-06,8.462
1.3796e-06,8.6383
1.3797e-06,8.5905
1.3798e-06,8.4409
1.3799e-06,8.3729
1.38e-06,8.5076
1.3801e-06,8.5371
1.3802e-06,8.4545
1.3803e-06,8.554
1.3804e-06,8.4678
1.3805e-06,8.3849
1.3806e-06,8.492
1.3807e-06,8.4499
1.3808e-06,8.4222
1.3809e-06,8.3049
1.381e-06,8.4487
1.3811e-06,8.4835
1.3812e-06,8.5265
1.3813e-06,8.4616
1.3814e-06,8.5149
1.3815e-06,8.4752
1.3816e-06,8.4183
1.3817e-06,8.3844
1.3818e-06,8.4514
1.3819e-06,8.321
1.382e-06,8.331
1.3821e-06,8.3511
1.3822e-06,8.3148
1.3823e-06,8.2542
1.3824e-06,8.2786
1.3825e-06,8.3005
1.3826e-06,8.156
1.3827e-06,8.3086
1.3828e-06,8.2012
1.3829e-06,8.306
1.383e-06,8.3891
1.3831e-06,8.2416
1.3832e-06,8.2579
1.3833e-06,8.2795
1.3834e-06,8.2286
1.3835e-06,8.369
1.3836e-06,8.1745
1.3837e-06,8.3256
1.3838e-06,8.3488
1.3839e-06,8.2021
1.384e-06,8.2762
1.3841e-06,8.1519
1.3842e-06,8.2291
1.3843e-06,8.3117
1.3844e-06,8.1317
1.3845e-06,8.1898
1.3846e-06,8.2693
1.3847e-06,8.2336
1.3848e-06,8.2983
1.3849e-06,8.236
1.385e-06,8.2161
1.3851e-06,8.17
1.3852e-06,8.2363
1.3853e-06,8.2547
1.3854e-06,8.307
1.3855e-06,8.3268
1.3856e-06,8.2278
1.3857e-06,8.2455
1.3858e-06,8.0261
1.3859e-06,8.2679
1.386e-06,8.1697
1.3861e-06,8.1602
1.3862e-06,8.0881
1.3863e-06,8.0544
1.3864e-06,8.0568
1.3865e-06,8.1422
1.3866e-06,8.1496
1.3867e-06,8.2722
1.3868e-06,8.1492
1.3869e-06,8.2457
1.387e-06,8.2332
1.3871e-06,8.1065
1.3872e-06,8.1345
1.3873e-06,8.2375
1.3874e-06,7.9244
1.3875e-06,8.1551
1.3876e-06,8.107
1.3877e-06,7.9737
1.3878e-06,8.0097
1.3879e-06,8.0436
1.388e-06,8.0562
1.3881e-06,7.9025
1.3882e-06,8.0493
1.3883e-06,8.0969
1.3884e-06,8.0364
1.3885e-06,7.9675
1.3886e-06,8.0174
1.3887e-06,8.0111
1.3888e-06,8.0886
1.3889e-06,7.8512
1.389e-06,7.8246
1.3891e-06,7.89
1.3892e-06,8.0816
1.3893e-06,8.1286
1.3894e-06,8.023
1.3895e-06,7.9352
1.3896e-06,7.9756
1.3897e-06,7.9729
1.3898e-06,7.8806
1.3899e-06,7.9135
1.39e-06,7.9563
1.3901e-06,7.8822
1.3902e-06,8.0209
1.3903e-06,7.8579
1.3904e-06,8
1.3905e-06,7.9098
1.3906e-06,7.9898
1.3907e-06,7.9958
1.3908e-06,8.0998
1.3909e-06,7.7727
1.391e-06,7.8749
1.3911e-06,7.9985
1.3912e-06,7.765
1.3913e-06,7.7934
1.3914e-06,7.6849
1.3915e-06,7.688
1.3916e-06,7.9483
1.3917e-06,7.8674
1.3918e-06,7.825
1.3919e-06,7.8094
1.392e-06,7.8316
1.3921e-06,7.7538
1.3922e-06,7.8443
1.3923e-06,7.6097
1.3924e-06,7.6884
1.3925e-06,7.7859
1.3926e-06,7.6528
1.3927e-06,7.7325
1.3928e-06,7.9745
1.3929e-06,7.7623
1.393e-06,7.7833
1.3931e-06,7.822
1.3932e-06,7.8156
1.3933e-06,7.8549
1.3934e-06,7.799
1.3935e-06,7.764
1.3936e-06,7.7305
1.3937e-06,7.6956
1.3938e-06,7.7049
1.3939e-06,7.7215
1.394e-06,7.8373
1.3941e-06,7.8061
1.3942e-06,7.701
1.3943e-06,7.6565
1.3944e-06,7.6404
1.3945e-06,7.7375
1.3946e-06,7.7342
1.3947e-06,7.5495
1.3948e-06,7.7139
1.3949e-06,7.6301
1.395e-06,7.7262
1.3951e-06,7.6102
1.3952e-06,7.6733
1.3953e-06,7.6356
1.3954e-06,7.5804
1.3955e-06,7.5766
1.3956e-06,7.5987
1.3957e-06,7.448
1.3958e-06,7.6802
1.3959e-06,7.5974
1.396e-06,7.5901
1.3961e-06,7.7213
1.3962e-06,7.6005
1.3963e-06,7.4925
1.3964e-06,7.4462
1.3965e-06,7.3313
1.3966e-06,7.5086
1.3967e-06,7.503
1.3968e-06,7.5536
1.3969e-06,7.619
1.397e-06,7.5187
1.3971e-06,7.5207
1.3972e-06,7.532
1.3973e-06,7.4515
1.3974e-06,7.5329
1.3975e-06,7.3673
1.3976e-06,7.4864
1.3977e-06,7.629
1.3978e-06,7.4567
1.3979e-06,7.471
1.398e-06,7.5107
1.3981e-06,7.5411
1.3982e-06,7.6135
1.3983e-06,7.3978
1.3984e-06,7.4915
1.3985e-06,7.3563
1.3986e-06,7.3321
1.3987e-06,7.24
1.3988e-06,7.3381
1.3989e-06,7.3656
1.399e-06,7.3913
1.3991e-06,7.3946
1.3992e-06,7.2676
1.3993e-06,7.2122
1.3994e-06,7.4507
1.3995e-06,7.5174
1.3996e-06,7.2593
1.3997e-06,7.4329
1.3998e-06,7.3739
1.3999e-06,7.2435
1.4e-06,7.3702
1.4001e-06,7.3395
1.4002e-06,7.45
1.4003e-06,7.1545
1.4004e-06,7.4162
1.4005e-06,7.267
1.4006e-06,7.2587
1.4007e-06,7.2187
1.4008e-06,7.3376
1.4009e-06,7.353
1.401e-06,7.2649
1.4011e-06,7.2411
1.4012e-06,7.2942
1.4013e-06,7.2329
1.4014e-06,7.2946
1.4015e-06,7.2464
1.4016e-06,7.3145
1.4017e-06,7.2412
1.4018e-06,7.1826
1.4019e-06,7.2487
1.402e-06,7.2235
1.4021e-06,7.1517
1.4022e-06,7.2435
1.4023e-06,7.1068
1.4024e-06,7.1976
1.4025e-06,7.2039
1.4026e-06,7.1838
1.4027e-06,7.2267
1.4028e-06,7.1171
1.4029e-06,7.2326
1.403e-06,7.1453
1.4031e-06,7.1355
1.4032e-06,7.275
1.4033e-06,7.0688
1.4034e-06,7.2287
1.4035e-06,7.1012
1.4036e-06,7.0087
1.4037e-06,7.1072
1.4038e-06,7.2315
1.4039e-06,7.0837
1.404e-06,7.134
1.4041e-06,7.0884
1.4042e-06,7.0201
1.4043e-06,7.013
1.4044e-06,7.146
1.4045e-06,7.0025
1.4046e-06,6.9863
1.4047e-06,7.1189
1.4048e-06,7.0341
1.4049e-06,6.917
1.405e-06,7.0086
1.4051e-06,6.9164
1.4052e-06,6.861
1.4053e-06,6.9329
1.4054e-06,7.0153
1.4055e-06,7.1221
1.4056e-06,6.9428
1.4057e-06,6.9863
1.4058e-06,7.04
1.4059e-06,7.019
1.406e-06,6.9303
1.4061e-06,6.8319
1.4062e-06,6.8684
1.4063e-06,6.9391
1.4064e-06,6.915
1.4065e-06,6.8379
1.4066e-06,6.8761
1.4067e-06,6.9204
1.4068e-06,7.1174
1.4069e-06,6.801
1.407e-06,6.9022
1.4071e-06,6.8755
1.4072e-06,6.8947
1.4073e-06,6.8841
1.4074e-06,6.782
1.4075e-06,6.7317
1.4076e-06,6.9373
1.4077e-06,6.8492
1.4078e-06,6.8321
1.4079e-06,6.8195
1.408e-06,6.9081
1.4081e-06,6.7718
1.4082e-06,6.7231
1.4083e-06,6.7721
1.4084e-06,6.7618
1.4085e-06,6.6938
1.4086e-06,6.9746
1.4087e-06,6.7551
1.4088e-06,6.8422
1.4089e-06,6.7591
1.409e-06,6.6975
1.4091e-06,6.7879
1.4092e-06,6.7356
1.4093e-06,6.6098
1.4094e-06,6.6709
1.4095e-06,6.6829
1.4096e-06,6.6095
1.4097e-06,6.6332
1.4098e-06,6.6457
1.4099e-06,6.6831
1.41e-06,6.644
1.4101e-06,6.4711
1.4102e-06,6.7715
1.4103e-06,6.6496
1.4104e-06,6.7171
1.4105e-06,6.7283
1.4106e-06,6.6273
1.4107e-06,6.6065
1.4108e-06,6.7041
1.4109e-06,6.6009
1.411e-06,6.6395
1.4111e-06,6.4451
1.4112e-06,6.5445
1.4113e-06,6.5616
1.4114e-06,6.5842
1.4115e-06,6.6115
1.4116e-06,6.4669
1.4117e-06,6.59
1.4118e-06,6.6343
1.4119e-06,6.6193
1.412e-06,6.4426
1.4121e-06,6.5571
1.4122e-06,6.3821
1.4123e-06,6.4574
1.4124e-06,6.5524
1.4125e-06,6.3907
1.4126e-06,6.4321
1.4127e-06,6.4015
1.4128e-06,6.4664
1.4129e-06,6.5027
1.413e-06,6.3955
1.4131e-06,6.3306
1.4132e-06,6.5366
1.4133e-06,6.4387
1.4134e-06,6.3798
1.4135e-06,6.4502
1.4136e-06,6.4774
1.4137e-06,6.3263
1.4138e-06,6.2637
1.4139e-06,6.4678
1.414e-06,6.3424
1.4141e-06,6.37
1.4142e-06,6.2531
1.4143e-06,6.304
1.4144e-06,6.3052
1.4145e-06,6.3961
1.4146e-06,6.3554
1.4147e-06,6.3014
1.4148e-06,6.2636
1.4149e-06,6.4285
1.415e-06,6.4587
1.4151e-06,6.3644
1.4152e-06,6.396
1.4153e-06,6.2057
1.4154e-06,6.1143
1.4155e-06,6.2856
1.4156e-06,6.1449
1.4157e-06,6.2322
1.4158e-06,6.2617
1.4159e-06,6.2848
1.416e-06,6.2953
1.4161e-06,6.2777
1.4162e-06,6.184
1.4163e-06,6.1918
1.4164e-06,6.0527
1.4165e-06,6.2004
1.4166e-06,6.0075
1.4167e-06,6.2688
1.4168e-06,6.1472
1.4169e-06,6.2175
1.417e-06,6.1825
1.4171e-06,6.191
1.4172e-06,6.0758
1.4173e-06,6.2561
1.4174e-06,6.1218
1.4175e-06,6.0025
1.4176e-06,6.1839
1.4177e-06,6.1552
1.4178e-06,5.9113
1.4179e-06,5.8637
1.418e-06,5.9387
1.4181e-06,6.1334
1.4182e-06,6.1297
1.4183e-06,6.0745
1.4184e-06,5.9912
1.4185e-06,6.1374
1.4186e-06,6.008
1.4187e-06,5.9548
1.4188e-06,6.042
1.4189e-06,5.9722
1.419e-06,6.1109
1.4191e-06,6.0307
1.4192e-06,5.7971
1.4193e-06,5.9825
1.4194e-06,5.7934
1.4195e-06,5.9955
1.4196e-06,5.9608
1.4197e-06,5.8833
1.4198e-06,5.9758
1.4199e-06,5.8998
1.42e-06,5.8495
1.4201e-06,5.8307
1.4202e-06,6.025
1.4203e-06,5.9079
1.4204e-06,5.8355
1.4205e-06,5.7457
1.4206e-06,5.759
1.4207e-06,5.7806
1.4208e-06,5.8611
1.4209e-06,5.767
1.421e-06,5.8823
1.4211e-06,5.7894
1.4212e-06,5.871
1.4213e-06,5.6685
1.4214e-06,5.7826
1.4215e-06,5.7046
1.4216e-06,5.824
1.4217e-06,5.8608
1.4218e-06,5.9191
1.4219e-06,5.7513
1.422e-06,5.8632
1.4221e-06,5.7516
1.4222e-06,5.6751
1.4223e-06,5.7751
1.4224e-06,5.7097
1.4225e-06,5.7071
1.4226e-06,5.7988
1.4227e-06,5.5523
1.4228e-06,5.6566
1.4229e-06,5.6624
1.423e-06,5.6631
1.4231e-06,5.6032
1.4232e-06,5.5591
1.4233e-06,5.6468
1.4234e-06,5.6837
1.4235e-06,5.687
1.4236e-06,5.7768
1.4237e-06,5.517
1.4238e-06,5.6784
1.4239e-06,5.7563
1.424e-06,5.5081
1.4241e-06,5.5642
1.4242e-06,5.5898
1.4243e-06,5.6528
1.4244e-06,5.6131
1.4245e-06,5.5795
1.4246e-06,5.6387
1.4247e-06,5.4989
1.4248e-06,5.507
1.4249e-06,5.5853
1.425e-06,5.5533
1.4251e-06,5.6467
1.4252e-06,5.5783
1.4253e-06,5.5234
1.4254e-06,5.6275
1.4255e-06,5.5292
1.4256e-06,5.5177
1.4257e-06,5.4649
1.4258e-06,5.6108
1.4259e-06,5.5161
1.426e-06,5.6773
1.4261e-06,5.4364
1.4262e-06,5.4059
1.4263e-06,5.5462
1.4264e-06,5.3656
1.4265e-06,5.5204
1.4266e-06,5.4072
1.4267e-06,5.4894
1.4268e-06,5.3931
1.4269e-06,5.3804
1.427e-06,5.3283
1.4271e-06,5.3584
1.4272e-06,5.3489
1.4273e-06,5.4116
1.4274e-06,5.3905
1.4275e-06,5.3551
1.4276e-06,5.5458
1.4277e-06,5.2773
1.4278e-06,5.2527
1.4279e-06,5.2044
1.428e-06,5.255
1.4281e-06,5.2063
1.4282e-06,5.2613
1.4283e-06,5.2591
1.4284e-06,5.1403
1.4285e-06,5.1666
1.4286e-06,5.301
1.4287e-06,5.2103
1.4288e-06,5.2185
1.4289e-06,5.2476
1.429e-06,5.3367
1.4291e-06,5.2416
1.4292e-06,5.1585
1.4293e-06,5.0355
1.4294e-06,5.0992
1.4295e-06,5.2073
1.4296e-06,4.9428
1.4297e-06,5.1185
1.4298e-06,5.0913
1.4299e-06,4.9956
1.43e-06,5.2026
1.4301e-06,5.0613
1.4302e-06,5.2292
1.4303e-06,5.1167
1.4304e-06,5.2193
1.4305e-06,5.0222
1.4306e-06,5.1016
1.4307e-06,5.0607
1.4308e-06,5.2866
1.4309e-06,5.1105
1.431e-06,4.8791
1.4311e-06,5.0553
1.4312e-06,4.9146
1.4313e-06,4.9162
1.4314e-06,5.084
1.4315e-06,5.0294
1.4316e-06,4.8824
1.4317e-06,5.135
1.4318e-06,5.0229
1.4319e-06,4.9811
1.432e-06,4.9752
1.4321e-06,4.9309
1.4322e-06,4.9152
1.4323e-06,4.8451
1.4324e-06,4.9509
1.4325e-06,4.9049
1.4326e-06,4.8701
1.4327e-06,5.0028
1.4328e-06,4.9349
1.4329e-06,4.8391
1.433e-06,4.8173
1.4331e-06,4.9249
1.4332e-06,4.842
1.4333e-06,4.9243
1.4334e-06,4.8105
1.4335e-06,4.7699
1.4336e-06,4.9025
1.4337e-06,4.8165
1.4338e-06,4.6939
1.4339e-06,4.8585
1.434e-06,4.7079
1.4341e-06,4.698
1.4342e-06,4.7454
1.4343e-06,4.747
1.4344e-06,4.7927
1.4345e-06,4.8502
1.4346e-06,4.7115
1.4347e-06,4.8249
1.4348e-06,4.7493
1.4349e-06,4.8281
1.435e-06,4.7906
1.4351e-06,4.6752
1.4352e-06,4.7014
1.4353e-06,4.4752
1.4354e-06,4.5408
1.4355e-06,4.4994
1.4356e-06,4.5077
1.4357e-06,4.702
1.4358e-06,4.5499
1.4359e-06,4.6039
1.436e-06,4.5614
1.4361e-06,4.5031
1.4362e-06,4.6411
1.4363e-06,4.5296
1.4364e-06,4.5861
1.4365e-06,4.5479
1.4366e-06,4.6543
1.4367e-06,4.4958
1.4368e-06,4.429
1.4369e-06,4.6355
1.437e-06,4.4613
1.4371e-06,4.4598
1.4372e-06,4.562
1.4373e-06,4.4972
1.4374e-06,4.435
1.4375e-06,4.3898
1.4376e-06,4.546
1.4377e-06,4.4894
1.4378e-06,4.3532
1.4379e-06,4.3779
1.438e-06,4.3953
1.4381e-06,4.5274
1.4382e-06,4.5207
1.4383e-06,4.4997
1.4384e-06,4.42
1.4385e-06,4.3649
1.4386e-06,4.4628
1.4387e-06,4.2659
1.4388e-06,4.2243
1.4389e-06,4.2661
1.439e-06,4.4296
1.4391e-06,4.3249
1.4392e-06,4.2245
1.4393e-06,4.3766
1.4394e-06,4.3041
1.4395e-06,4.2874
1.4396e-06,4.1065
1.4397e-06,4.245
1.4398e-06,4.288
1.4399e-06,4.2657
1.44e-06,4.324
1.4401e-06,4.3138
1.4402e-06,4.134
1.4403e-06,4.2243
1.4404e-06,4.169
1.4405e-06,4.2625
1.4406e-06,4.224
1.4407e-06,4.1662
1.4408e-06,4.2585
1.4409e-06,4.2147
1.441e-06,4.1792
1.4411e-06,4.1497
1.4412e-06,4.0341
1.4413e-06,4.014
1.4414e-06,4.0756
1.4415e-06,4.0996
1.4416e-06,4.0759
1.4417e-06,4.011
1.4418e-06,4.1406
1.4419e-06,4.092
1.442e-06,4.058
1.4421e-06,4.0565
1.4422e-06,4.002
1.4423e-06,3.8543
1.4424e-06,4.0088
1.4425e-06,4.0264
1.4426e-06,3.9505
1.4427e-06,4.0824
1.4428e-06,4.0386
1.4429e-06,4.1719
1.443e-06,4.0124
1.4431e-06,3.966
1.4432e-06,3.9043
1.4433e-06,3.905
1.4434e-06,3.8476
1.4435e-06,3.8707
1.4436e-06,3.9422
1.4437e-06,3.9636
1.4438e-06,3.8419
1.4439e-06,3.8749
1.444e-06,3.7339
1.4441e-06,3.8341
1.4442e-06,3.8451
1.4443e-06,3.8456
1.4444e-06,3.7376
1.4445e-06,3.9138
1.4446e-06,3.8377
1.4447e-06,3.9342
1.4448e-06,3.8422
1.4449e-06,4.0375
1.445e-06,3.7809
1.4451e-06,3.7341
1.4452e-06,3.4851
1.4453e-06,3.7071
1.4454e-06,3.8212
1.4455e-06,3.6905
1.4456e-06,3.7388
1.4457e-06,3.669
1.4458e-06,3.5194
1.4459e-06,3.7812
1.446e-06,3.7979
1.4461e-06,3.7728
1.4462e-06,3.6444
1.4463e-06,3.6296
1.4464e-06,3.7452
1.4465e-06,3.6898
1.4466e-06,3.5911
1.4467e-06,3.6576
1.4468e-06,3.5476
1.4469e-06,3.4332
1.447e-06,3.5992
1.4471e-06,3.5833
1.4472e-06,3.6502
1.4473e-06,3.463
1.4474e-06,3.4355
1.4475e-06,3.5343
1.4476e-06,3.492
1.4477e-06,3.4184
1.4478e-06,3.4867
1.4479e-06,3.5409
1.448e-06,3.5612
1.4481e-06,3.4601
1.4482e-06,3.5087
1.4483e-06,3.4387
1.4484e-06,3.3355
1.4485e-06,3.4505
1.4486e-06,3.5418
1.4487e-06,3.3721
1.4488e-06,3.5148
1.4489e-06,3.3115
1.449e-06,3.3106
1.4491e-06,3.3344
1.4492e-06,3.3892
1.4493e-06,3.5182
1.4494e-06,3.4187
1.4495e-06,3.296
1.4496e-06,3.3328
1.4497e-06,3.2825
1.4498e-06,3.2042
1.4499e-06,3.2323
1.45e-06,3.3951
1.4501e-06,3.2516
1.4502e-06,3.2916
1.4503e-06,3.219
1.4504e-06,3.1514
1.4505e-06,3.2307
1.4506e-06,3.0544
1.4507e-06,3.2008
1.4508e-06,3.271
1.4509e-06,3.2499
1.451e-06,3.2351
1.4511e-06,3.1073
1.4512e-06,3.2665
1.4513e-06,3.1761
1.4514e-06,3.1061
1.4515e-06,3.1238
1.4516e-06,3.0623
1.4517e-06,2.9741
1.4518e-06,3.2176
1.4519e-06,3.0042
1.452e-06,2.9115
1.4521e-06,3.1091
1.4522e-06,3.1118
1.4523e-06,3.0029
1.4524e-06,3.0364
1.4525e-06,2.9878
1.4526e-06,3.0009
1.4527e-06,3.0108
1.4528e-06,3.0353
1.4529e-06,3.001
1.453e-06,3.2687
1.4531e-06,2.9539
1.4532e-06,2.843
1.4533e-06,2.9944
1.4534e-06,3.0178
1.4535e-06,2.9423
1.4536e-06,2.8026
1.4537e-06,2.7552
1.4538e-06,2.9474
1.4539e-06,2.9722
1.454e-06,2.8479
1.4541e-06,2.9093
1.4542e-06,2.8265
1.4543e-06,2.9598
1.4544e-06,2.7429
1.4545e-06,2.9653
1.4546e-06,2.8653
1.4547e-06,3.0171
1.4548e-06,2.7518
1.4549e-06,2.8383
1.455e-06,2.7837
1.4551e-06,2.844
1.4552e-06,2.6086
1.4553e-06,2.6028
1.4554e-06,2.7443
1.4555e-06,2.6945
1.4556e-06,2.7394
1.4557e-06,2.7382
1.4558e-06,2.6682
1.4559e-06,2.6505
1.456e-06,2.7293
1.4561e-06,2.6822
1.4562e-06,2.6011
1.4563e-06,2.5207
1.4564e-06,2.6833
1.4565e-06,2.7207
1.4566e-06,2.5097
1.4567e-06,2.6352
1.4568e-06,2.5108
1.4569e-06,2.5368
1.457e-06,2.3517
1.4571e-06,2.4868
1.4572e-06,2.5981
1.4573e-06,2.4659
1.4574e-06,2.4257
1.4575e-06,2.6237
1.4576e-06,2.387
1.4577e-06,2.3454
1.4578e-06,2.668
1.4579e-06,2.4961
1.458e-06,2.483
1.4581e-06,2.423
1.4582e-06,2.3226
1.4583e-06,2.3964
1.4584e-06,2.3706
1.4585e-06,2.2286
1.4586e-06,2.3783
1.4587e-06,2.4309
1.4588e-06,2.3586
1.4589e-06,2.3389
1.459e-06,2.1693
1.4591e-06,2.3514
1.4592e-06,2.2701
1.4593e-06,2.2868
1.4594e-06,2.2124
1.4595e-06,2.2522
1.4596e-06,2.3866
1.4597e-06,2.2815
1.4598e-06,2.2216
1.4599e-06,2.2896
1.46e-06,2.1833
1.4601e-06,2.1587
1.4602e-06,2.1764
1.4603e-06,2.2005
1.4604e-06,2.206
1.4605e-06,2.106
1.4606e-06,2.1464
1.4607e-06,2.1636
1.4608e-06,2.1395
1.4609e-06,2.1611
1.461e-06,2.1242
1.4611e-06,1.9166
1.4612e-06,2.1763
1.4613e-06,1.9195
1.4614e-06,1.9167
1.4615e-06,2.0625
1.4616e-06,2.0589
1.4617e-06,2.0054
1.4618e-06,1.8358
1.4619e-06,1.9254
1.462e-06,1.8777
1.4621e-06,1.9834
1.4622e-06,2.0161
1.4623e-06,1.9975
1.4624e-06,2.249
1.4625e-06,2.0477
1.4626e-06,1.9454
1.4627e-06,1.8247
1.4628e-06,2.0212
1.4629e-06,1.7908
1.463e-06,1.9135
1.4631e-06,1.7728
1.4632e-06,1.7674
1.4633e-06,1.7469
1.4634e-06,1.7634
1.4635e-06,1.675
1.4636e-06,1.853
1.4637e-06,1.84
1.4638e-06,1.8065
1.4639e-06,1.8162
1.464e-06,1.9465
1.4641e-06,1.7435
1.4642e-06,1.7463
1.4643e-06,1.6498
1.4644e-06,1.703
1.4645e-06,1.6348
1.4646e-06,1.537
1.4647e-06,1.7905
1.4648e-06,1.5061
1.4649e-06,1.6274
1.465e-06,1.5419
1.4651e-06,1.5602
1.4652e-06,1.7351
1.4653e-06,1.598
1.4654e-06,1.6586
1.4655e-06,1.5124
1.4656e-06,1.3907
1.4657e-06,1.5256
1.4658e-06,1.4747
1.4659e-06,1.4747
1.466e-06,1.469
1.4661e-06,1.4311
1.4662e-06,1.3884
1.4663e-06,1.4198
1.4664e-06,1.4239
1.4665e-06,1.2433
1.4666e-06,1.1912
1.4667e-06,1.3497
1.4668e-06,1.3918
1.4669e-06,1.3075
1.467e-06,1.3067
1.4671e-06,1.4064
1.4672e-06,1.3831
1.4673e-06,1.358
1.4674e-06,1.4825
1.4675e-06,1.2597
1.4676e-06,1.2599
1.4677e-06,1.2492
1.4678e-06,1.3684
1.4679e-06,1.1957
1.468e-06,1.2804
1.4681e-06,1.2076
1.4682e-06,1.2879
1.4683e-06,1.3397
1.4684e-06,1.1331
1.4685e-06,1.1555
1.4686e-06,1.102
1.4687e-06,1.0988
1.4688e-06,1.2175
1.4689e-06,0.97563
1.469e-06,1.1299
1.4691e-06,1.1448
1.4692e-06,1.123
1.4693e-06,1.0958
1.4694e-06,0.9966
1.4695e-06,1.1334
1.4696e-06,0.95815
1.4697e-06,1.0296
1.4698e-06,1.121
1.4699e-06,0.90658
1.47e-06,0.92613
1.4701e-06,0.91809
1.4702e-06,1.0982
1.4703e-06,1.1108
1.4704e-06,0.86535
1.4705e-06,1.0605
1.4706e-06,0.93712
1.4707e-06,0.90108
1.4708e-06,0.84726
1.4709e-06,0.94373
1.471e-06,0.98268
1.4711e-06,0.81502
1.4712e-06,0.81631
1.4713e-06,0.92098
1.4714e-06,0.7498
1.4715e-06,1.0294
1.4716e-06,0.71369
1.4717e-06,0.6902
1.4718e-06,0.7968
1.4719e-06,0.71522
1.472e-06,0.9341
1.4721e-06,0.69107
1.4722e-06,0.73555
1.4723e-06,0.637
1.4724e-06,0.71549
1.4725e-06,0.79076
1.4726e-06,0.63397
1.4727e-06,0.77534
1.4728e-06,0.64129
1.4729e-06,0.55589
1.473e-06,0.56089
1.4731e-06,0.65307
1.4732e-06,0.63549
1.4733e-06,0.31888
1.4734e-06,0.61318
1.4735e-06,0.65648
1.4736e-06,0.44982
1.4737e-06,0.64485
1.4738e-06,0.61598
1.4739e-06,0.66618
1.474e-06,0.60896
1.4741e-06,0.54459
1.4742e-06,0.53191
1.4743e-06,0.26417
1.4744e-06,0.44446
1.4745e-06,0.34135
1.4746e-06,0.43045
1.4747e-06,0.26314
1.4748e-06,0.41307
1.4749e-06,0.29132
1.475e-06,0.32389
1.4751e-06,0.3122
1.4752e-06,0.36293
1.4753e-06,0.38794
1.4754e-06,0.39507
1.4755e-06,0.16158
1.4756e-06,0.15704
1.4757e-06,0.26725
1.4758e-06,0.24709
1.4759e-06,0.19796
1.476e-06,0.20452
1.4761e-06,0.038591
1.4762e-06,0.25499
1.4763e-06,0.21976
1.4764e-06,0.28455
1.4765e-06,0.18625
1.4766e-06,0.14379
1.4767e-06,0.075278
1.4768e-06,-0.096555
1.4769e-06,0.05359
1.477e-06,0.083906
1.4771e-06,-0.01056
1.4772e-06,0.10215
1.4773e-06,0.026409
1.4774e-06,-0.028335
1.4775e-06,-0.0059119
1.4776e-06,-0.075992
1.4777e-06,0.068993
1.4778e-06,-0.048588
1.4779e-06,-0.050675
1.478e-06,-0.011926
1.4781e-06,-0.10429
1.4782e-06,-0.073413
1.4783e-06,-0.078891
1.4784e-06,-0.081175
1.4785e-06,-0.11519
1.4786e-06,-0.099722
1.4787e-06,-0.27246
1.4788e-06,-0.26996
1.4789e-06,-0.10478
1.479e-06,-0.23197
1.4791e-06,-0.26014
1.4792e-06,-0.27516
1.4793e-06,-0.3242
1.4794e-06,-0.29068
1.4795e-06,-0.27452
1.4796e-06,-0.43893
1.4797e-06,-0.26991
1.4798e-06,-0.17104
1.4799e-06,-0.37413
1.48e-06,-0.3582
1.4801e-06,-0.4663
1.4802e-06,-0.43188
1.4803e-06,-0.45156
1.4804e-06,-0.56672
1.4805e-06,-0.40508
1.4806e-06,-0.38874
1.4807e-06,-0.43534
1.4808e-06,-0.42132
1.4809e-06,-0.39597
1.481e-06,-0.58417
1.4811e-06,-0.555
1.4812e-06,-0.79225
1.4813e-06,-0.51719
1.4814e-06,-0.50751
1.4815e-06,-0.45271
1.4816e-06,-0.56742
1.4817e-06,-0.53724
1.4818e-06,-0.56174
1.4819e-06,-0.6443
1.482e-06,-0.66612
1.4821e-06,-0.67229
1.4822e-06,-0.67197
1.4823e-06,-0.50821
1.4824e-06,-0.71272
1.4825e-06,-0.60825
1.4826e-06,-0.65194
1.4827e-06,-0.69991
1.4828e-06,-0.55811
1.4829e-06,-0.64854
1.483e-06,-0.78563
1.4831e-06,-0.85501
1.4832e-06,-0.79479
1.4833e-06,-1.0028
1.4834e-06,-0.68801
1.4835e-06,-0.8292
1.4836e-06,-0.78647
1.4837e-06,-0.89781
1.4838e-06,-0.92952
1.4839e-06,-0.90879
1.484e-06,-0.9621
1.4841e-06,-1.0088
1.4842e-06,-1.1294
1.4843e-06,-0.93863
1.4844e-06,-0.99941
1.4845e-06,-0.89626
1.4846e-06,-1.2146
1.4847e-06,-0.98365
1.4848e-06,-0.93444
1.4849e-06,-1.1999
1.485e-06,-1.1573
1.4851e-06,-0.99223
1.4852e-06,-1.0857
1.4853e-06,-1.1237
1.4854e-06,-1.115
1.4855e-06,-1.1152
1.4856e-06,-1.322
1.4857e-06,-1.0534
1.4858e-06,-1.3678
1.4859e-06,-1.3667
1.486e-06,-1.1217
1.4861e-06,-1.1685
1.4862e-06,-1.2364
1.4863e-06,-1.2588
1.4864e-06,-1.4838
1.4865e-06,-1.2976
1.4866e-06,-1.3223
1.4867e-06,-1.3478
1.4868e-06,-1.3601
1.4869e-06,-1.4285
1.487e-06,-1.2991
1.4871e-06,-1.3736
1.4872e-06,-1.439
1.4873e-06,-1.4454
1.4874e-06,-1.5444
1.4875e-06,-1.5467
1.4876e-06,-1.4978
1.4877e-06,-1.6425
1.4878e-06,-1.7307
1.4879e-06,-1.6498
1.488e-06,-1.7677
1.4881e-06,-1.5332
1.4882e-06,-1.5589
1.4883e-06,-1.4599
1.4884e-06,-1.5639
1.4885e-06,-1.4589
1.4886e-06,-1.6601
1.4887e-06,-1.6187
1.4888e-06,-1.7014
1.4889e-06,-1.5799
1.489e-06,-1.678
1.4891e-06,-1.7971
1.4892e-06,-1.704
1.4893e-06,-1.8084
1.4894e-06,-1.9564
1.4895e-06,-1.8853
1.4896e-06,-1.824
1.4897e-06,-1.6541
1.4898e-06,-1.853
1.4899e-06,-1.8532
1.49e-06,-1.9097
1.4901e-06,-1.7757
1.4902e-06,-1.766
1.4903e-06,-1.9546
1.4904e-06,-1.8547
1.4905e-06,-1.8345
1.4906e-06,-1.8931
1.4907e-06,-2.1377
1.4908e-06,-2.0361
1.4909e-06,-2.0828
1.491e-06,-2.1963
1.4911e-06,-2.0705
1.4912e-06,-2.0864
1.4913e-06,-1.9121
1.4914e-06,-2.1148
1.4915e-06,-2.1222
1.4916e-06,-1.9454
1.4917e-06,-2.1208
1.4918e-06,-2.1501
1.4919e-06,-2.2354
1.492e-06,-2.1328
1.4921e-06,-2.1484
1.4922e-06,-2.0966
1.4923e-06,-2.2444
1.4924e-06,-2.1923
1.4925e-06,-2.1272
1.4926e-06,-2.3506
1.4927e-06,-2.3673
1.4928e-06,-2.3946
1.4929e-06,-2.2124
1.493e-06,-2.2585
1.4931e-06,-2.3199
1.4932e-06,-2.2727
1.4933e-06,-2.3501
1.4934e-06,-2.4968
1.4935e-06,-2.3988
1.4936e-06,-2.5152
1.4937e-06,-2.457
1.4938e-06,-2.6046
1.4939e-06,-2.4712
1.494e-06,-2.4621
1.4941e-06,-2.4164
1.4942e-06,-2.5324
1.4943e-06,-2.5251
1.4944e-06,-2.5491
1.4945e-06,-2.6733
1.4946e-06,-2.5873
1.4947e-06,-2.5548
1.4948e-06,-2.5609
1.4949e-06,-2.6093
1.495e-06,-2.7273
1.4951e-06,-2.6618
1.4952e-06,-2.6029
1.4953e-06,-2.6621
1.4954e-06,-2.8084
1.4955e-06,-2.6274
1.4956e-06,-2.7978
1.4957e-06,-2.8052
1.4958e-06,-2.8601
1.4959e-06,-2.9686
1.496e-06,-2.7722
1.4961e-06,-2.8456
1.4962e-06,-2.9377
1.4963e-06,-2.8444
1.4964e-06,-2.8187
1.4965e-06,-3.0823
1.4966e-06,-3.079
1.4967e-06,-2.9416
1.4968e-06,-2.7627
1.4969e-06,-2.818
1.497e-06,-3.1749
1.4971e-06,-3.1044
1.4972e-06,-2.927
1.4973e-06,-3.2188
1.4974e-06,-3.0058
1.4975e-06,-3.0952
1.4976e-06,-3.1373
1.4977e-06,-3.0553
1.4978e-06,-3.2314
1.4979e-06,-3.1523
1.498e-06,-3.3277
1.4981e-06,-2.8727
1.4982e-06,-3.1207
1.4983e-06,-2.9571
1.4984e-06,-3.2825
1.4985e-06,-3.2712
1.4986e-06,-3.2804
1.4987e-06,-3.2093
1.4988e-06,-3.2106
1.4989e-06,-3.2534
1.499e-06,-3.1901
1.4991e-06,-3.3549
1.4992e-06,-3.2837
1.4993e-06,-3.3948
1.4994e-06,-3.2924
1.4995e-06,-3.3477
1.4996e-06,-3.4682
1.4997e-06,-3.3385
1.4998e-06,-3.3799
1.4999e-06,-3.2869
1.5e-06,-3.5213
1.5001e-06,-3.4433
1.5002e-06,-3.4658
1.5003e-06,-3.5264
1.5004e-06,-3.6337
1.5005e-06,-3.6761
1.5006e-06,-3.4154
1.5007e-06,-3.6101
1.5008e-06,-3.5987
1.5009e-06,-3.4427
1.501e-06,-3.536
1.5011e-06,-3.6271
1.5012e-06,-3.759
1.5013e-06,-3.6412
1.5014e-06,-3.6763
1.5015e-06,-3.7083
1.5016e-06,-3.8097
1.5017e-06,-3.7749
1.5018e-06,-3.7822
1.5019e-06,-3.8618
1.502e-06,-3.9591
1.5021e-06,-3.815
1.5022e-06,-3.9701
1.5023e-06,-3.9431
1.5024e-06,-3.8537
1.5025e-06,-3.8648
1.5026e-06,-4.0674
1.5027e-06,-3.831
1.5028e-06,-4.0379
1.5029e-06,-4.0184
1.503e-06,-3.8445
1.5031e-06,-3.8517
1.5032e-06,-3.855
1.5033e-06,-4.0508
1.5034e-06,-3.8103
1.5035e-06,-3.8751
1.5036e-06,-4.0892
1.5037e-06,-3.9585
1.5038e-06,-4.274
1.5039e-06,-4.2062
1.504e-06,-4.1672
1.5041e-06,-4.1318
1.5042e-06,-4.011
1.5043e-06,-4.1327
1.5044e-06,-4.2627
1.5045e-06,-4.2318
1.5046e-06,-4.1287
1.5047e-06,-4.2529
1.5048e-06,-4.1988
1.5049e-06,-4.1705
1.505e-06,-4.2395
1.5051e-06,-4.2011
1.5052e-06,-4.2611
1.5053e-06,-4.3564
1.5054e-06,-4.4043
1.5055e-06,-4.4622
1.5056e-06,-4.4046
1.5057e-06,-4.3561
1.5058e-06,-4.3498
1.5059e-06,-4.2461
1.506e-06,-4.4874
1.5061e-06,-4.6438
1.5062e-06,-4.3974
1.5063e-06,-4.3168
1.5064e-06,-4.6488
1.5065e-06,-4.4101
1.5066e-06,-4.5428
1.5067e-06,-4.4576
1.5068e-06,-4.6398
1.5069e-06,-4.5916
1.507e-06,-4.639
1.5071e-06,-4.5731
1.5072e-06,-4.6349
1.5073e-06,-4.5111
1.5074e-06,-4.7137
1.5075e-06,-4.7883
1.5076e-06,-4.6826
1.5077e-06,-4.8648
1.5078e-06,-4.6898
1.5079e-06,-4.6578
1.508e-06,-4.5641
1.5081e-06,-4.8582
1.5082e-06,-4.7737
1.5083e-06,-4.8267
1.5084e-06,-4.8657
1.5085e-06,-4.6267
1.5086e-06,-4.8441
1.5087e-06,-4.8448
1.5088e-06,-4.8399
1.5089e-06,-5.0094
1.509e-06,-4.9981
1.5091e-06,-4.9846
1.5092e-06,-4.8733
1.5093e-06,-4.8825
1.5094e-06,-4.9124
1.5095e-06,-4.8741
1.5096e-06,-4.9135
1.5097e-06,-4.8826
1.5098e-06,-4.8086
1.5099e-06,-5.0972
1.51e-06,-5.2046
1.5101e-06,-5.1063
1.5102e-06,-4.957
1.5103e-06,-4.8616
1.5104e-06,-5.0267
1.5105e-06,-5.244
1.5106e-06,-5.2448
1.5107e-06,-5.1969
1.5108e-06,-5.2642
1.5109e-06,-5.3211
1.511e-06,-5.2217
1.5111e-06,-5.3049
1.5112e-06,-5.1319
1.5113e-06,-5.3551
1.5114e-06,-5.4421
1.5115e-06,-5.2283
1.5116e-06,-5.1991
1.5117e-06,-5.4559
1.5118e-06,-5.2806
1.5119e-06,-5.3804
1.512e-06,-5.3797
1.5121e-06,-5.4533
1.5122e-06,-5.4978
1.5123e-06,-5.2824
1.5124e-06,-5.4004
1.5125e-06,-5.4986
1.5126e-06,-5.3797
1.5127e-06,-5.4777
1.5128e-06,-5.4821
1.5129e-06,-5.5993
1.513e-06,-5.4018
1.5131e-06,-5.3994
1.5132e-06,-5.4319
1.5133e-06,-5.4192
1.5134e-06,-5.5527
1.5135e-06,-5.761
1.5136e-06,-5.5316
1.5137e-06,-5.8051
1.5138e-06,-5.6266
1.5139e-06,-5.4699
1.514e-06,-5.4918
1.5141e-06,-5.6392
1.5142e-06,-5.4573
1.5143e-06,-5.4794
1.5144e-06,-5.7063
1.5145e-06,-5.6192
1.5146e-06,-5.7164
1.5147e-06,-5.858
1.5148e-06,-5.6735
1.5149e-06,-5.6389
1.515e-06,-5.7849
1.5151e-06,-5.7134
1.5152e-06,-5.8009
1.5153e-06,-5.9028
1.5154e-06,-5.7671
1.5155e-06,-5.81
1.5156e-06,-5.819
1.5157e-06,-5.6518
1.5158e-06,-5.8784
1.5159e-06,-5.8843
1.516e-06,-5.9059
1.5161e-06,-5.7974
1.5162e-06,-5.8099
1.5163e-06,-6.0903
1.5164e-06,-5.8577
1.5165e-06,-5.9885
1.5166e-06,-5.9849
1.5167e-06,-5.998
1.5168e-06,-5.9373
1.5169e-06,-6.107
1.517e-06,-6.0949
1.5171e-06,-6.0168
1.5172e-06,-6.1284
1.5173e-06,-5.8582
1.5174e-06,-6.0163
1.5175e-06,-6.0683
1.5176e-06,-6.0516
1.5177e-06,-5.9571
1.5178e-06,-5.9391
1.5179e-06,-5.9274
1.518e-06,-6.2097
1.5181e-06,-6.095
1.5182e-06,-6.0425
1.5183e-06,-6.0698
1.5184e-06,-6.0617
1.5185e-06,-6.3722
1.5186e-06,-6.2254
1.5187e-06,-6.0546
1.5188e-06,-6.0849
1.5189e-06,-6.2661
1.519e-06,-6.3493
1.5191e-06,-6.1589
1.5192e-06,-6.0317
1.5193e-06,-6.2117
1.5194e-06,-6.1866
1.5195e-06,-6.0872
1.5196e-06,-6.086
1.5197e-06,-6.1935
1.5198e-06,-6.1187
1.5199e-06,-6.2868
1.52e-06,-6.1866
1.5201e-06,-6.4855
1.5202e-06,-6.2429
1.5203e-06,-6.3081
1.5204e-06,-6.1774
1.5205e-06,-6.0935
1.5206e-06,-6.2348
1.5207e-06,-6.2149
1.5208e-06,-6.2959
1.5209e-06,-6.109
1.521e-06,-6.5161
1.5211e-06,-6.3812
1.5212e-06,-6.4025
1.5213e-06,-6.4705
1.5214e-06,-6.4657
1.5215e-06,-6.2443
1.5216e-06,-6.3542
1.5217e-06,-6.3124
1.5218e-06,-6.3198
1.5219e-06,-6.3451
1.522e-06,-6.46
1.5221e-06,-6.5413
1.5222e-06,-6.5321
1.5223e-06,-6.3937
1.5224e-06,-6.5354
1.5225e-06,-6.2912
1.5226e-06,-6.5651
1.5227e-06,-6.6506
1.5228e-06,-6.5113
1.5229e-06,-6.468
1.523e-06,-6.3277
1.5231e-06,-6.5279
1.5232e-06,-6.549
1.5233e-06,-6.5288
1.5234e-06,-6.6261
1.5235e-06,-6.5036
1.5236e-06,-6.2573
1.5237e-06,-6.6108
1.5238e-06,-6.5031
1.5239e-06,-6.6271
1.524e-06,-6.6268
1.5241e-06,-6.6171
1.5242e-06,-6.5637
1.5243e-06,-6.7832
1.5244e-06,-6.6442
1.5245e-06,-6.6094
1.5246e-06,-6.5126
1.5247e-06,-6.5935
1.5248e-06,-6.5597
1.5249e-06,-6.5877
1.525e-06,-6.6736
1.5251e-06,-6.4026
1.5252e-06,-6.704
1.5253e-06,-6.6392
1.5254e-06,-6.7621
1.5255e-06,-6.667
1.5256e-06,-6.6971
1.5257e-06,-6.5611
1.5258e-06,-6.6196
1.5259e-06,-6.7944
1.526e-06,-6.5248
1.5261e-06,-6.6939
1.5262e-06,-6.7241
1.5263e-06,-6.623
1.5264e-06,-6.7676
1.5265e-06,-6.6188
1.5266e-06,-6.5945
1.5267e-06,-6.8121
1.5268e-06,-6.6878
1.5269e-06,-6.6987
1.527e-06,-6.5907
1.5271e-06,-6.6706
1.5272e-06,-6.7517
1.5273e-06,-6.5814
1.5274e-06,-6.6022
1.5275e-06,-6.6439
1.5276e-06,-6.7878
1.5277e-06,-6.6354
1.5278e-06,-6.723
1.5279e-06,-6.5616
1.528e-06,-6.6446
1.5281e-06,-6.6827
1.5282e-06,-6.7096
1.5283e-06,-6.5604
1.5284e-06,-6.6238
1.5285e-06,-6.6563
1.5286e-06,-6.7639
1.5287e-06,-6.7164
1.5288e-06,-6.7177
1.5289e-06,-6.718
1.529e-06,-6.7471
1.5291e-06,-6.3609
1.5292e-06,-6.7182
1.5293e-06,-6.7926
1.5294e-06,-6.8721
1.5295e-06,-6.5808
1.5296e-06,-6.7412
1.5297e-06,-6.448
1.5298e-06,-6.6045
1.5299e-06,-6.668
1.53e-06,-6.485
1.5301e-06,-6.7559
1.5302e-06,-6.6615
1.5303e-06,-6.3822
1.5304e-06,-6.7336
1.5305e-06,-6.6932
1.5306e-06,-6.6018
1.5307e-06,-6.6919
1.5308e-06,-6.6923
1.5309e-06,-6.5087
1.531e-06,-6.4964
1.5311e-06,-6.6886
1.5312e-06,-6.7143
1.5313e-06,-6.7776
1.5314e-06,-6.5989
1.5315e-06,-6.6447
1.5316e-06,-6.6705
1.5317e-06,-6.7978
1.5318e-06,-6.5427
1.5319e-06,-6.7172
1.532e-06,-6.7656
1.5321e-06,-6.5531
1.5322e-06,-6.8871
1.5323e-06,-6.4666
1.5324e-06,-6.5079
1.5325e-06,-6.7055
1.5326e-06,-6.4039
1.5327e-06,-6.5585
1.5328e-06,-6.465
1.5329e-06,-6.5447
1.533e-06,-6.6244
1.5331e-06,-6.6251
1.5332e-06,-6.5
1.5333e-06,-6.741
1.5334e-06,-6.6333
1.5335e-06,-6.7001
1.5336e-06,-6.4489
1.5337e-06,-6.7105
1.5338e-06,-6.6071
1.5339e-06,-6.3079
1.534e-06,-6.5919
1.5341e-06,-6.5687
1.5342e-06,-6.4657
1.5343e-06,-6.5932
1.5344e-06,-6.6727
1.5345e-06,-6.4849
1.5346e-06,-6.5357
1.5347e-06,-6.5742
1.5348e-06,-6.4507
1.5349e-06,-6.5571
1.535e-06,-6.5547
1.5351e-06,-6.5899
1.5352e-06,-6.4655
1.5353e-06,-6.3531
1.5354e-06,-6.4293
1.5355e-06,-6.4764
1.5356e-06,-6.2789
1.5357e-06,-6.4284
1.5358e-06,-6.4325
1.5359e-06,-6.4329
1.536e-06,-6.3312
1.5361e-06,-6.3421
1.5362e-06,-6.5092
1.5363e-06,-6.4725
1.5364e-06,-6.3811
1.5365e-06,-6.319
1.5366e-06,-6.4248
1.5367e-06,-6.444
1.5368e-06,-6.1089
1.5369e-06,-6.4128
1.537e-06,-6.1905
1.5371e-06,-6.3788
1.5372e-06,-6.2674
1.5373e-06,-6.2784
1.5374e-06,-6.3091
1.5375e-06,-6.3808
1.5376e-06,-6.2989
1.5377e-06,-6.382
1.5378e-06,-6.3794
1.5379e-06,-6.3051
1.538e-06,-6.1513
1.5381e-06,-6.2043
1.5382e-06,-6.3138
1.5383e-06,-6.2331
1.5384e-06,-6.3956
1.5385e-06,-6.1849
1.5386e-06,-6.0882
1.5387e-06,-6.2223
1.5388e-06,-6.0983
1.5389e-06,-6.2605
1.539e-06,-6.2211
1.5391e-06,-6.0597
1.5392e-06,-6.3064
1.5393e-06,-6.1833
1.5394e-06,-6.1148
1.5395e-06,-6.2643
1.5396e-06,-6.1367
1.5397e-06,-5.8523
1.5398e-06,-6.0756
1.5399e-06,-5.9397
1.54e-06,-6.0551
1.5401e-06,-6.0358
1.5402e-06,-6.0831
1.5403e-06,-5.9758
1.5404e-06,-5.9743
1.5405e-06,-6.1674
1.5406e-06,-6.0161
1.5407e-06,-6.1852
1.5408e-06,-6.117
1.5409e-06,-6.0978
1.541e-06,-5.9664
1.5411e-06,-5.9138
1.5412e-06,-6.1433
1.5413e-06,-5.8469
1.5414e-06,-5.8027
1.5415e-06,-5.8533
1.5416e-06,-6.072
1.5417e-06,-6.0424
1.5418e-06,-5.9197
1.5419e-06,-5.824
1.542e-06,-5.8379
1.5421e-06,-5.7977
1.5422e-06,-5.8306
1.5423e-06,-5.8581
1.5424e-06,-5.671
1.5425e-06,-5.9355
1.5426e-06,-5.8792
1.5427e-06,-5.9577
1.5428e-06,-5.8983
1.5429e-06,-5.8306
1.543e-06,-5.7045
1.5431e-06,-5.7404
1.5432e-06,-5.8827
1.5433e-06,-5.7131
1.5434e-06,-5.8031
1.5435e-06,-5.6199
1.5436e-06,-5.9562
1.5437e-06,-5.68
1.5438e-06,-5.7958
1.5439e-06,-5.551
1.544e-06,-5.6052
1.5441e-06,-5.5763
1.5442e-06,-5.6467
1.5443e-06,-5.5328
1.5444e-06,-5.6215
1.5445e-06,-5.7448
1.5446e-06,-5.645
1.5447e-06,-5.5459
1.5448e-06,-5.6068
1.5449e-06,-5.6851
1.545e-06,-5.548
1.5451e-06,-5.4366
1.5452e-06,-5.5788
1.5453e-06,-5.5928
1.5454e-06,-5.5167
1.5455e-06,-5.6953
1.5456e-06,-5.6542
1.5457e-06,-5.3073
1.5458e-06,-5.4876
1.5459e-06,-5.445
1.546e-06,-5.2838
1.5461e-06,-5.5787
1.5462e-06,-5.2364
1.5463e-06,-5.3791
1.5464e-06,-5.3829
1.5465e-06,-5.3287
1.5466e-06,-5.2363
1.5467e-06,-5.3583
1.5468e-06,-5.5449
1.5469e-06,-5.278
1.547e-06,-5.214
1.5471e-06,-5.2483
1.5472e-06,-5.2587
1.5473e-06,-5.279
1.5474e-06,-5.1538
1.5475e-06,-5.2339
1.5476e-06,-5.1757
1.5477e-06,-5.2094
1.5478e-06,-5.255
1.5479e-06,-5.0916
1.548e-06,-5.2727
1.5481e-06,-5.2381
1.5482e-06,-5.2628
1.5483e-06,-5.2615
1.5484e-06,-5.2688
1.5485e-06,-4.9385
1.5486e-06,-5.171
1.5487e-06,-5.263
1.5488e-06,-5.0174
1.5489e-06,-4.9886
1.549e-06,-4.9003
1.5491e-06,-5.0893
1.5492e-06,-5.0432
1.5493e-06,-5.0047
1.5494e-06,-5.0528
1.5495e-06,-4.89
1.5496e-06,-4.9806
1.5497e-06,-4.76
1.5498e-06,-5.1122
1.5499e-06,-5.0283
1.55e-06,-5.1043
1.5501e-06,-4.8828
1.5502e-06,-4.842
1.5503e-06,-4.975
1.5504e-06,-4.9258
1.5505e-06,-4.8833
1.5506e-06,-4.8941
1.5507e-06,-4.772
1.5508e-06,-4.9086
1.5509e-06,-4.863
1.551e-06,-4.7141
1.5511e-06,-4.8844
1.5512e-06,-4.6644
1.5513e-06,-4.5822
1.5514e-06,-4.5696
1.5515e-06,-4.6454
1.5516e-06,-4.8939
1.5517e-06,-4.7814
1.5518e-06,-4.6241
1.5519e-06,-4.6533
1.552e-06,-4.6731
1.5521e-06,-4.6462
1.5522e-06,-4.567
1.5523e-06,-4.7062
1.5524e-06,-4.7818
1.5525e-06,-4.5953
1.5526e-06,-4.4368
1.5527e-06,-4.6869
1.5528e-06,-4.6627
1.5529e-06,-4.4488
1.553e-06,-4.5863
1.5531e-06,-4.596
1.5532e-06,-4.5353
1.5533e-06,-4.446
1.5534e-06,-4.4012
1.5535e-06,-4.4343
1.5536e-06,-4.614
1.5537e-06,-4.4055
1.5538e-06,-4.5685
1.5539e-06,-4.5569
1.554e-06,-4.4573
1.5541e-06,-4.4107
1.5542e-06,-4.5597
1.5543e-06,-4.3212
1.5544e-06,-4.2064
1.5545e-06,-4.3051
1.5546e-06,-4.0208
1.5547e-06,-4.2649
1.5548e-06,-4.2837
1.5549e-06,-4.3922
1.555e-06,-4.1515
1.5551e-06,-4.3661
1.5552e-06,-4.4016
1.5553e-06,-4.3403
1.5554e-06,-4.2483
1.5555e-06,-4.1565
1.5556e-06,-4.5666
1.5557e-06,-4.2819
1.5558e-06,-4.0964
1.5559e-06,-4.1657
1.556e-06,-4.0079
1.5561e-06,-4.0786
1.5562e-06,-4.0662
1.5563e-06,-4.1263
1.5564e-06,-4.0375
1.5565e-06,-3.9119
1.5566e-06,-4.0054
1.5567e-06,-4.0337
1.5568e-06,-4.1792
1.5569e-06,-4.0082
1.557e-06,-3.8802
1.5571e-06,-3.8186
1.5572e-06,-3.9055
1.5573e-06,-4.0243
1.5574e-06,-4.0735
1.5575e-06,-4.0137
1.5576e-06,-4.0081
1.5577e-06,-3.6553
1.5578e-06,-3.889
1.5579e-06,-3.9299
1.558e-06,-3.6176
1.5581e-06,-3.8081
1.5582e-06,-3.7597
1.5583e-06,-3.9782
1.5584e-06,-3.8299
1.5585e-06,-3.6726
1.5586e-06,-3.7892
1.5587e-06,-3.8313
1.5588e-06,-3.5711
1.5589e-06,-3.7645
1.559e-06,-3.7715
1.5591e-06,-3.7375
1.5592e-06,-3.7599
1.5593e-06,-3.5093
1.5594e-06,-3.9222
1.5595e-06,-3.5951
1.5596e-06,-3.5202
1.5597e-06,-3.3471
1.5598e-06,-3.6878
1.5599e-06,-3.4107
1.56e-06,-3.3201
1.5601e-06,-3.3104
1.5602e-06,-3.4607
1.5603e-06,-3.4165
1.5604e-06,-3.5752
1.5605e-06,-3.4133
1.5606e-06,-3.6629
1.5607e-06,-3.5828
1.5608e-06,-3.5176
1.5609e-06,-3.577
1.561e-06,-3.3771
1.5611e-06,-3.4184
1.5612e-06,-3.4195
1.5613e-06,-3.3677
1.5614e-06,-3.3775
1.5615e-06,-3.3901
1.5616e-06,-3.4128
1.5617e-06,-3.3949
1.5618e-06,-3.3786
1.5619e-06,-3.135
1.562e-06,-3.3183
1.5621e-06,-3.4354
1.5622e-06,-3.2291
1.5623e-06,-3.3314
1.5624e-06,-3.1378
1.5625e-06,-3.1051
1.5626e-06,-3.3766
1.5627e-06,-3.2136
1.5628e-06,-2.9542
1.5629e-06,-3.1896
1.563e-06,-3.0949
1.5631e-06,-3.1133
1.5632e-06,-3.1396
1.5633e-06,-3.0884
1.5634e-06,-3.0729
1.5635e-06,-3.3544
1.5636e-06,-2.9715
1.5637e-06,-3.0565
1.5638e-06,-3.0056
1.5639e-06,-3.0585
1.564e-06,-2.8553
1.5641e-06,-3.0263
1.5642e-06,-3.0171
1.5643e-06,-3.228
1.5644e-06,-2.9325
1.5645e-06,-3.1653
1.5646e-06,-2.9757
1.5647e-06,-2.9057
1.5648e-06,-2.9198
1.5649e-06,-3.0893
1.565e-06,-2.99
1.5651e-06,-2.849
1.5652e-06,-2.7957
1.5653e-06,-3.0251
1.5654e-06,-2.9129
1.5655e-06,-2.8374
1.5656e-06,-2.9193
1.5657e-06,-3.0437
1.5658e-06,-2.8676
1.5659e-06,-2.9115
1.566e-06,-2.8197
1.5661e-06,-2.7475
1.5662e-06,-2.6266
1.5663e-06,-2.7267
1.5664e-06,-2.6625
1.5665e-06,-2.8759
1.5666e-06,-2.7243
1.5667e-06,-2.4996
1.5668e-06,-2.6764
1.5669e-06,-2.6676
1.567e-06,-2.6757
1.5671e-06,-2.4547
1.5672e-06,-2.7268
1.5673e-06,-2.7651
1.5674e-06,-2.6781
1.5675e-06,-2.7484
1.5676e-06,-2.5858
1.5677e-06,-2.6688
1.5678e-06,-2.6213
1.5679e-06,-2.5437
1.568e-06,-2.5748
1.5681e-06,-2.7036
1.5682e-06,-2.4667
1.5683e-06,-2.587
1.5684e-06,-2.5289
1.5685e-06,-2.3857
1.5686e-06,-2.5668
1.5687e-06,-2.3333
1.5688e-06,-2.4792
1.5689e-06,-2.398
1.569e-06,-2.5213
1.5691e-06,-2.5287
1.5692e-06,-2.515
1.5693e-06,-2.2536
1.5694e-06,-2.3977
1.5695e-06,-2.5159
1.5696e-06,-2.2876
1.5697e-06,-2.2443
1.5698e-06,-2.2168
1.5699e-06,-2.4249
1.57e-06,-2.3316
1.5701e-06,-2.2139
1.5702e-06,-2.094
1.5703e-06,-2.5548
1.5704e-06,-2.196
1.5705e-06,-2.2748
1.5706e-06,-2.1921
1.5707e-06,-2.1729
1.5708e-06,-2.1964
1.5709e-06,-2.1361
1.571e-06,-2.0598
1.5711e-06,-2.2073
1.5712e-06,-2.15
1.5713e-06,-2.2158
1.5714e-06,-2.1463
1.5715e-06,-2.2475
1.5716e-06,-2.2271
1.5717e-06,-2.1822
1.5718e-06,-1.9719
1.5719e-06,-2.0357
1.572e-06,-2.0398
1.5721e-06,-2.1054
1.5722e-06,-2.1638
1.5723e-06,-1.9263
1.5724e-06,-1.9375
1.5725e-06,-1.8808
1.5726e-06,-2.0068
1.5727e-06,-2.0061
1.5728e-06,-2.341
1.5729e-06,-2.0077
1.573e-06,-2.0003
1.5731e-06,-1.999
1.5732e-06,-1.7978
1.5733e-06,-1.9132
1.5734e-06,-2.0149
1.5735e-06,-1.9409
1.5736e-06,-2.0273
1.5737e-06,-1.8451
1.5738e-06,-1.8826
1.5739e-06,-2.108
1.574e-06,-1.745
1.5741e-06,-1.8068
1.5742e-06,-1.9624
1.5743e-06,-1.8281
1.5744e-06,-1.8663
1.5745e-06,-1.7745
1.5746e-06,-1.7235
1.5747e-06,-1.7053
1.5748e-06,-1.907
1.5749e-06,-1.7419
1.575e-06,-1.759
1.5751e-06,-1.7387
1.5752e-06,-1.6898
1.5753e-06,-1.7557
1.5754e-06,-1.6348
1.5755e-06,-1.6806
1.5756e-06,-1.6197
1.5757e-06,-1.7955
1.5758e-06,-1.723
1.5759e-06,-1.5316
1.576e-06,-1.4366
1.5761e-06,-1.4481
1.5762e-06,-1.4434
1.5763e-06,-1.6027
1.5764e-06,-1.4011
1.5765e-06,-1.346
1.5766e-06,-1.721
1.5767e-06,-1.7164
1.5768e-06,-1.5388
1.5769e-06,-1.6388
1.577e-06,-1.403
1.5771e-06,-1.3943
1.5772e-06,-1.4657
1.5773e-06,-1.4538
1.5774e-06,-1.5263
1.5775e-06,-1.3903
1.5776e-06,-1.3955
1.5777e-06,-1.3593
1.5778e-06,-1.3694
1.5779e-06,-1.1835
1.578e-06,-1.2962
1.5781e-06,-1.2811
1.5782e-06,-1.3059
1.5783e-06,-1.1399
1.5784e-06,-1.3617
1.5785e-06,-1.4473
1.5786e-06,-1.3912
1.5787e-06,-1.3765
1.5788e-06,-1.2822
1.5789e-06,-1.3012
1.579e-06,-1.3026
1.5791e-06,-1.1679
1.5792e-06,-1.097
1.5793e-06,-1.2546
1.5794e-06,-1.2025
1.5795e-06,-1.2448
1.5796e-06,-1.0217
1.5797e-06,-1.2156
1.5798e-06,-1.2415
1.5799e-06,-1.1982
1.58e-06,-1.1841
1.5801e-06,-0.97725
1.5802e-06,-1.1645
1.5803e-06,-1.0907
1.5804e-06,-0.9253
1.5805e-06,-1.0679
1.5806e-06,-1.1772
1.5807e-06,-1.3249
1.5808e-06,-1.1149
1.5809e-06,-1.1195
1.581e-06,-1.1543
1.5811e-06,-1.0789
1.5812e-06,-1.1492
1.5813e-06,-0.99902
1.5814e-06,-1.1574
1.5815e-06,-1.1146
1.5816e-06,-0.93327
1.5817e-06,-0.85329
1.5818e-06,-0.74797
1.5819e-06,-1.0745
1.582e-06,-0.84971
1.5821e-06,-0.94299
1.5822e-06,-0.88578
1.5823e-06,-1.0636
1.5824e-06,-0.98918
1.5825e-06,-1.0843
1.5826e-06,-0.85714
1.5827e-06,-0.9605
1.5828e-06,-0.72538
1.5829e-06,-0.84065
1.583e-06,-0.62073
1.5831e-06,-0.70167
1.5832e-06,-0.70138
1.5833e-06,-0.75546
1.5834e-06,-1.0439
1.5835e-06,-0.74477
1.5836e-06,-0.90313
1.5837e-06,-0.81796
1.5838e-06,-0.71279
1.5839e-06,-0.85273
1.584e-06,-0.87217
1.5841e-06,-0.86901
1.5842e-06,-0.79794
1.5843e-06,-0.90536
1.5844e-06,-0.93304
1.5845e-06,-0.64561
1.5846e-06,-0.93382
1.5847e-06,-0.67295
1.5848e-06,-0.6274
1.5849e-06,-0.75055
1.585e-06,-0.68677
1.5851e-06,-0.53707
1.5852e-06,-0.58895
1.5853e-06,-0.60131
1.5854e-06,-0.59726
1.5855e-06,-0.42286
1.5856e-06,-0.55806
1.5857e-06,-0.74453
1.5858e-06,-0.55552
1.5859e-06,-0.58085
1.586e-06,-0.39242
1.5861e-06,-0.41843
1.5862e-06,-0.41161
1.5863e-06,-0.66519
1.5864e-06,-0.38336
1.5865e-06,-0.64652
1.5866e-06,-0.45451
1.5867e-06,-0.46405
1.5868e-06,-0.45256
1.5869e-06,-0.47074
1.587e-06,-0.4462
1.5871e-06,-0.78375
1.5872e-06,-0.34873
1.5873e-06,-0.25784
1.5874e-06,-0.3691
1.5875e-06,-0.52106
1.5876e-06,-0.61611
1.5877e-06,-0.36094
1.5878e-06,-0.38976
1.5879e-06,-0.44523
1.588e-06,-0.24112
1.5881e-06,-0.23898
1.5882e-06,-0.26015
1.5883e-06,-0.41209
1.5884e-06,-0.25238
1.5885e-06,-0.29029
1.5886e-06,-0.23801
1.5887e-06,-0.34802
1.5888e-06,-0.27651
1.5889e-06,-0.26413
1.589e-06,-0.33775
1.5891e-06,-0.39082
1.5892e-06,-0.28269
1.5893e-06,-0.060501
1.5894e-06,-0.095991
1.5895e-06,-0.2783
1.5896e-06,-0.16653
1.5897e-06,-0.050918
1.5898e-06,0.023907
1.5899e-06,-0.039973
1.59e-06,-0.029346
1.5901e-06,-0.26063
1.5902e-06,0.014653
1.5903e-06,0.14194
1.5904e-06,-0.10664
1.5905e-06,0.016472
1.5906e-06,-0.053677
1.5907e-06,-0.0080879
1.5908e-06,-0.11541
1.5909e-06,-0.0013363
1.591e-06,-0.1849
1.5911e-06,0.023769
1.5912e-06,-0.24959
1.5913e-06,-0.031607
1.5914e-06,-0.065747
1.5915e-06,0.045011
1.5916e-06,-0.055576
1.5917e-06,-0.037641
1.5918e-06,0.05932
1.5919e-06,0.10766
1.592e-06,0.13909
1.5921e-06,0.068517
1.5922e-06,0.027762
1.5923e-06,-0.027213
1.5924e-06,0.12777
1.5925e-06,0.086873
1.5926e-06,0.021249
1.5927e-06,-0.067269
1.5928e-06,0.18336
1.5929e-06,-0.050985
1.593e-06,0.033793
1.5931e-06,0.50748
1.5932e-06,0.073468
1.5933e-06,0.25935
1.5934e-06,0.026748
1.5935e-06,0.36714
1.5936e-06,0.058853
1.5937e-06,0.084516
1.5938e-06,0.30767
1.5939e-06,0.1612
1.594e-06,0.24442
1.5941e-06,0.27944
1.5942e-06,0.034704
1.5943e-06,0.31196
1.5944e-06,0.29747
1.5945e-06,0.20234
1.5946e-06,0.39468
1.5947e-06,0.23401
1.5948e-06,0.32046
1.5949e-06,0.38146
1.595e-06,0.36533
1.5951e-06,0.39718
1.5952e-06,0.28362
1.5953e-06,0.41237
1.5954e-06,0.50064
1.5955e-06,0.39804
1.5956e-06,0.45618
1.5957e-06,0.41252
1.5958e-06,0.3675
1.5959e-06,0.42249
1.596e-06,0.44241
1.5961e-06,0.49772
1.5962e-06,0.37927
1.5963e-06,0.46961
1.5964e-06,0.42511
1.5965e-06,0.5136
1.5966e-06,0.64501
1.5967e-06,0.3832
1.5968e-06,0.56418
1.5969e-06,0.47989
1.597e-06,0.67045
1.5971e-06,0.70749
1.5972e-06,0.31853
1.5973e-06,0.49063
1.5974e-06,0.62625
1.5975e-06,0.78151
1.5976e-06,0.37525
1.5977e-06,0.50066
1.5978e-06,0.5093
1.5979e-06,0.60364
1.598e-06,0.45076
1.5981e-06,0.62342
1.5982e-06,0.42211
1.5983e-06,0.50726
1.5984e-06,0.50586
1.5985e-06,0.70123
1.5986e-06,0.4309
1.5987e-06,0.76264
1.5988e-06,0.6127
1.5989e-06,0.51699
1.599e-06,0.70575
1.5991e-06,0.67414
1.5992e-06,0.83974
1.5993e-06,0.78834
1.5994e-06,0.88746
1.5995e-06,0.67169
1.5996e-06,0.71574
1.5997e-06,0.64573
1.5998e-06,0.68257
1.5999e-06,0.67677
1.6e-06,0.79459
1.6001e-06,0.69925
1.6002e-06,0.57567
1.6003e-06,0.79899
1.6004e-06,0.86199
1.6005e-06,0.89177
1.6006e-06,0.75982
1.6007e-06,0.65393
1.6008e-06,0.85445
1.6009e-06,0.70845
1.601e-06,0.74048
1.6011e-06,0.52566
1.6012e-06,0.9309
1.6013e-06,0.65226
1.6014e-06,0.93367
1.6015e-06,0.87972
1.6016e-06,1.0548
1.6017e-06,0.84008
1.6018e-06,0.89244
1.6019e-06,0.94184
1.602e-06,1.0271
1.6021e-06,0.90435
1.6022e-06,0.8669
1.6023e-06,0.9973
1.6024e-06,0.83082
1.6025e-06,0.96061
1.6026e-06,0.97051
1.6027e-06,1.0529
1.6028e-06,0.66424
1.6029e-06,0.98942
1.603e-06,0.86866
1.6031e-06,0.93095
1.6032e-06,1.1115
1.6033e-06,1.1108
1.6034e-06,1.0272
1.6035e-06,1.0906
1.6036e-06,1.0119
1.6037e-06,1.2194
1.6038e-06,0.94106
1.6039e-06,0.7825
1.604e-06,0.87903
1.6041e-06,0.98314
1.6042e-06,1.0687
1.6043e-06,1.0691
1.6044e-06,1.0445
1.6045e-06,1.0752
1.6046e-06,1.04
1.6047e-06,1.0916
1.6048e-06,1.0688
1.6049e-06,1.0831
1.605e-06,1.3694
1.6051e-06,1.2947
1.6052e-06,1.3495
1.6053e-06,1.2609
1.6054e-06,1.0215
1.6055e-06,1.1879
1.6056e-06,1.2886
1.6057e-06,1.3796
1.6058e-06,1.3913
1.6059e-06,1.2754
1.606e-06,1.1922
1.6061e-06,1.1785
1.6062e-06,1.2963
1.6063e-06,1.2284
1.6064e-06,1.1635
1.6065e-06,1.1786
1.6066e-06,1.536
1.6067e-06,1.5622
1.6068e-06,1.4552
1.6069e-06,1.3705
1.607e-06,1.3146
1.6071e-06,1.385
1.6072e-06,1.5134
1.6073e-06,1.2993
1.6074e-06,1.2171
1.6075e-06,1.282
1.6076e-06,1.2668
1.6077e-06,1.4178
1.6078e-06,1.4813
1.6079e-06,1.3142
1.608e-06,1.3935
1.6081e-06,1.4133
1.6082e-06,1.2302
1.6083e-06,1.2975
1.6084e-06,1.3117
1.6085e-06,1.4108
1.6086e-06,1.3054
1.6087e-06,1.6372
1.6088e-06,1.2374
1.6089e-06,1.2301
1.609e-06,1.3428
1.6091e-06,1.7975
1.6092e-06,1.3623
1.6093e-06,1.3366
1.6094e-06,1.4811
1.6095e-06,1.383
1.6096e-06,1.4894
1.6097e-06,1.5557
1.6098e-06,1.4115
1.6099e-06,1.6568
1.61e-06,1.4176
1.6101e-06,1.3038
1.6102e-06,1.662
1.6103e-06,1.7088
1.6104e-06,1.3887
1.6105e-06,1.6711
1.6106e-06,1.6293
1.6107e-06,1.502
1.6108e-06,1.5736
1.6109e-06,1.6575
1.611e-06,1.52
1.6111e-06,1.3407
1.6112e-06,1.6616
1.6113e-06,1.7447
1.6114e-06,1.4783
1.6115e-06,1.3432
1.6116e-06,1.569
1.6117e-06,1.7381
1.6118e-06,1.5277
1.6119e-06,1.6292
1.612e-06,1.6625
1.6121e-06,1.8539
1.6122e-06,1.8127
1.6123e-06,1.5419
1.6124e-06,1.7666
1.6125e-06,1.7428
1.6126e-06,1.6023
1.6127e-06,1.6752
1.6128e-06,1.5869
1.6129e-06,1.3988
1.613e-06,1.6705
1.6131e-06,1.9157
1.6132e-06,1.8515
1.6133e-06,1.7022
1.6134e-06,1.5749
1.6135e-06,1.6371
1.6136e-06,1.7196
1.6137e-06,1.7164
1.6138e-06,1.6636
1.6139e-06,1.7085
1.614e-06,1.6005
1.6141e-06,1.8027
1.6142e-06,1.8074
1.6143e-06,1.8816
1.6144e-06,1.8121
1.6145e-06,1.7315
1.6146e-06,1.987
1.6147e-06,1.7419
1.6148e-06,2.1426
1.6149e-06,1.6721
1.615e-06,1.8928
1.6151e-06,1.9783
1.6152e-06,2.0793
1.6153e-06,1.8162
1.6154e-06,1.908
1.6155e-06,2.0694
1.6156e-06,1.8917
1.6157e-06,1.9328
1.6158e-06,1.8395
1.6159e-06,1.7104
1.616e-06,1.7718
1.6161e-06,1.7145
1.6162e-06,1.9737
1.6163e-06,2.1158
1.6164e-06,1.9647
1.6165e-06,1.9211
1.6166e-06,1.8518
1.6167e-06,2.0283
1.6168e-06,1.8903
1.6169e-06,1.8871
1.617e-06,2.0768
1.6171e-06,2.0301
1.6172e-06,1.9763
1.6173e-06,2.0567
1.6174e-06,2.0628
1.6175e-06,1.7806
1.6176e-06,2.0336
1.6177e-06,1.7044
1.6178e-06,1.8688
1.6179e-06,1.9119
1.618e-06,2.0744
1.6181e-06,2.0143
1.6182e-06,1.9334
1.6183e-06,2.1202
1.6184e-06,2.007
1.6185e-06,2.2857
1.6186e-06,2.1499
1.6187e-06,2.1614
1.6188e-06,2.3768
1.6189e-06,2.1447
1.619e-06,2.3949
1.6191e-06,2.2309
1.6192e-06,2.2734
1.6193e-06,2.169
1.6194e-06,2.2309
1.6195e-06,2.053
1.6196e-06,2.1919
1.6197e-06,2.1173
1.6198e-06,2.1005
1.6199e-06,2.0168
1.62e-06,2.1271
1.6201e-06,2.177
1.6202e-06,2.1613
1.6203e-06,2.0212
1.6204e-06,2.3757
1.6205e-06,2.1141
1.6206e-06,2.2192
1.6207e-06,2.1016
1.6208e-06,2.2522
1.6209e-06,2.3497
1.621e-06,2.0549
1.6211e-06,2.2831
1.6212e-06,2.2575
1.6213e-06,2.0754
1.6214e-06,2.3029
1.6215e-06,2.3722
1.6216e-06,2.2455
1.6217e-06,2.1531
1.6218e-06,2.3313
1.6219e-06,2.2054
1.622e-06,2.2596
1.6221e-06,2.4449
1.6222e-06,2.4066
1.6223e-06,2.1046
1.6224e-06,2.2878
1.6225e-06,2.4296
1.6226e-06,2.2588
1.6227e-06,2.4768
1.6228e-06,2.1601
1.6229e-06,2.2349
1.623e-06,2.5119
1.6231e-06,2.4821
1.6232e-06,2.3294
1.6233e-06,2.2602
1.6234e-06,2.4252
1.6235e-06,2.5863
1.6236e-06,2.5439
1.6237e-06,2.4771
1.6238e-06,2.4378
1.6239e-06,2.6472
1.624e-06,2.2502
1.6241e-06,2.3561
1.6242e-06,2.3308
1.6243e-06,2.5584
1.6244e-06,2.5469
1.6245e-06,2.5079
1.6246e-06,2.3519
1.6247e-06,2.4571
1.6248e-06,2.5063
1.6249e-06,2.518
1.625e-06,2.3934
1.6251e-06,2.5698
1.6252e-06,2.1483
1.6253e-06,2.5231
1.6254e-06,2.5142
1.6255e-06,2.3489
1.6256e-06,2.5106
1.6257e-06,2.7068
1.6258e-06,2.7293
1.6259e-06,2.56
1.626e-06,2.7725
1.6261e-06,2.3537
1.6262e-06,2.7941
1.6263e-06,2.672
1.6264e-06,2.6461
1.6265e-06,2.7148
1.6266e-06,2.73
1.6267e-06,2.5636
1.6268e-06,2.7434
1.6269e-06,2.4932
1.627e-06,2.7914
1.6271e-06,2.4359
1.6272e-06,2.6424
1.6273e-06,2.6041
1.6274e-06,2.6676
1.6275e-06,2.521
1.6276e-06,2.7567
1.6277e-06,2.7833
1.6278e-06,2.6014
1.6279e-06,2.7871
1.628e-06,2.62
1.6281e-06,2.7455
1.6282e-06,3.0004
1.6283e-06,2.6226
1.6284e-06,2.7779
1.6285e-06,2.4213
1.6286e-06,2.5321
1.6287e-06,2.8883
1.6288e-06,2.5197
1.6289e-06,2.8462
1.629e-06,2.6248
1.6291e-06,2.6241
1.6292e-06,2.6329
1.6293e-06,2.652
1.6294e-06,2.809
1.6295e-06,2.879
1.6296e-06,2.7526
1.6297e-06,2.5872
1.6298e-06,2.7553
1.6299e-06,2.5989
1.63e-06,2.7407
1.6301e-06,2.8301
1.6302e-06,2.781
1.6303e-06,2.7778
1.6304e-06,2.7135
1.6305e-06,2.8026
1.6306e-06,2.6323
1.6307e-06,2.9223
1.6308e-06,2.481
1.6309e-06,2.6795
1.631e-06,2.6119
1.6311e-06,3.0304
1.6312e-06,2.8208
1.6313e-06,3.0224
1.6314e-06,2.8805
1.6315e-06,2.9048
1.6316e-06,2.7077
1.6317e-06,2.8614
1.6318e-06,2.8163
1.6319e-06,3.0029
1.632e-06,2.6664
1.6321e-06,2.9782
1.6322e-06,2.8122
1.6323e-06,2.8907
1.6324e-06,2.9257
1.6325e-06,3.0049
1.6326e-06,2.755
1.6327e-06,2.9363
1.6328e-06,2.9851
1.6329e-06,2.8468
1.633e-06,2.9677
1.6331e-06,2.9063
1.6332e-06,2.8688
1.6333e-06,3.0933
1.6334e-06,2.9838
1.6335e-06,3.082
1.6336e-06,2.9606
1.6337e-06,3.2078
1.6338e-06,3.2371
1.6339e-06,2.7799
1.634e-06,3.01
1.6341e-06,3.0411
1.6342e-06,2.8798
1.6343e-06,2.8977
1.6344e-06,3.0035
1.6345e-06,3.1438
1.6346e-06,2.9874
1.6347e-06,3
1.6348e-06,3.3026
1.6349e-06,2.9876
1.635e-06,2.9824
1.6351e-06,3.0204
1.6352e-06,2.9273
1.6353e-06,2.9616
1.6354e-06,3.2175
1.6355e-06,3.13
1.6356e-06,3.1013
1.6357e-06,2.9994
1.6358e-06,2.9911
1.6359e-06,3.2167
1.636e-06,3.0629
1.6361e-06,3.0498
1.6362e-06,3.1162
1.6363e-06,3.1464
1.6364e-06,3.2945
1.6365e-06,3.1855
1.6366e-06,3.1369
1.6367e-06,3.2582
1.6368e-06,3.2033
1.6369e-06,3.2741
1.637e-06,3.1117
1.6371e-06,3.229
1.6372e-06,3.2853
1.6373e-06,2.9913
1.6374e-06,3.0108
1.6375e-06,2.8816
1.6376e-06,3.3684
1.6377e-06,3.2689
1.6378e-06,3.3339
1.6379e-06,3.3146
1.638e-06,3.4286
1.6381e-06,3.2007
1.6382e-06,3.0143
1.6383e-06,3.2146
1.6384e-06,3.3028
1.6385e-06,3.2734
1.6386e-06,3.3866
1.6387e-06,3.1366
1.6388e-06,3.3621
1.6389e-06,3.2434
1.639e-06,3.2986
1.6391e-06,3.2699
1.6392e-06,3.2819
1.6393e-06,3.2365
1.6394e-06,3.2534
1.6395e-06,3.4716
1.6396e-06,3.5337
1.6397e-06,3.2924
1.6398e-06,3.3984
1.6399e-06,3.3826
1.64e-06,3.3087
1.6401e-06,3.1506
1.6402e-06,3.3469
1.6403e-06,3.5803
1.6404e-06,3.4662
1.6405e-06,3.452
1.6406e-06,3.3653
1.6407e-06,3.3833
1.6408e-06,3.2944
1.6409e-06,3.4012
1.641e-06,3.7507
1.6411e-06,3.4687
1.6412e-06,3.3949
1.6413e-06,3.4629
1.6414e-06,3.3499
1.6415e-06,3.4087
1.6416e-06,3.4372
1.6417e-06,3.3628
1.6418e-06,3.6015
1.6419e-06,3.5849
1.642e-06,3.3221
1.6421e-06,3.4073
1.6422e-06,3.4468
1.6423e-06,3.4349
1.6424e-06,3.7475
1.6425e-06,3.6051
1.6426e-06,3.4624
1.6427e-06,3.4652
1.6428e-06,3.4093
1.6429e-06,3.6085
1.643e-06,3.4807
1.6431e-06,3.3638
1.6432e-06,3.5748
1.6433e-06,3.5152
1.6434e-06,3.1318
1.6435e-06,3.5361
1.6436e-06,3.4108
1.6437e-06,3.6726
1.6438e-06,3.4095
1.6439e-06,3.423
1.644e-06,3.49
1.6441e-06,3.5632
1.6442e-06,3.6879
1.6443e-06,3.4884
1.6444e-06,3.4949
1.6445e-06,3.6911
1.6446e-06,3.6794
1.6447e-06,3.5675
1.6448e-06,3.3563
1.6449e-06,3.329
1.645e-06,3.7812
1.6451e-06,3.5043
1.6452e-06,3.2924
1.6453e-06,3.559
1.6454e-06,3.6006
1.6455e-06,3.5261
1.6456e-06,3.5823
1.6457e-06,3.5181
1.6458e-06,3.7887
1.6459e-06,3.5637
1.646e-06,3.6999
1.6461e-06,3.5504
1.6462e-06,3.5555
1.6463e-06,3.2631
1.6464e-06,3.3673
1.6465e-06,3.7329
1.6466e-06,3.8134
1.6467e-06,3.6356
1.6468e-06,3.5096
1.6469e-06,3.7801
1.647e-06,3.9313
1.6471e-06,3.7308
1.6472e-06,3.7099
1.6473e-06,3.9562
1.6474e-06,3.8518
1.6475e-06,3.7305
1.6476e-06,3.7839
1.6477e-06,3.6369
1.6478e-06,4.0797
1.6479e-06,3.7416
1.648e-06,3.658
1.6481e-06,3.9839
1.6482e-06,3.7598
1.6483e-06,3.5506
1.6484e-06,4.0369
1.6485e-06,3.601
1.6486e-06,3.7365
1.6487e-06,3.6174
1.6488e-06,3.723
1.6489e-06,3.9161
1.649e-06,3.7856
1.6491e-06,3.8632
1.6492e-06,3.9505
1.6493e-06,3.824
1.6494e-06,3.9917
1.6495e-06,4.0438
1.6496e-06,3.7791
1.6497e-06,3.6568
1.6498e-06,3.7064
1.6499e-06,3.792
1.65e-06,4.0038
