1.35e-06,9.3247
1.3501e-06,9.4571
1.3502e-06,9.3304
1.3503e-06,9.3175
1.3504e-06,9.2751
1.3505e-06,9.3226
1.3506e-06,9.3161
1.3507e-06,9.2406
1.3508e-06,9.5515
1.3509e-06,9.2987
1.351e-06,9.4617
1.3511e-06,9.3415
1.3512e-06,9.3874
1.3513e-06,9.256
1.3514e-06,9.4102
1.3515e-06,9.2596
1.3516e-06,9.269
1.3517e-06,9.1651
1.3518e-06,9.2586
1.3519e-06,9.3272
1.352e-06,9.2302
1.3521e-06,9.3119
1.3522e-06,9.3065
1.3523e-06,9.3673
1.3524e-06,9.1937
1.3525e-06,9.2261
1.3526e-06,9.1847
1.3527e-06,9.0792
1.3528e-06,9.2298
1.3529e-06,9.2577
1.353e-06,9.3315
1.3531e-06,9.1928
1.3532e-06,9.0958
1.3533e-06,9.1567
1.3534e-06,9.0342
1.3535e-06,9.2831
1.3536e-06,9.3789
1.3537e-06,9.1842
1.3538e-06,9.2201
1.3539e-06,9.1418
1.354e-06,9.2752
1.3541e-06,9.2038
1.3542e-06,9.0308
1.3543e-06,9.1837
1.3544e-06,9.1775
1.3545e-06,9.0333
1.3546e-06,9.0594
1.3547e-06,9.2353
1.3548e-06,9.1356
1.3549e-06,9.099
1.355e-06,9.1687
1.3551e-06,9.1875
1.3552e-06,9.0328
1.3553e-06,9.0079
1.3554e-06,9.0393
1.3555e-06,9.1071
1.3556e-06,9.0585
1.3557e-06,8.9795
1.3558e-06,9.1145
1.3559e-06,9.1046
1.356e-06,9.1241
1.3561e-06,9.2199
1.3562e-06,9.1388
1.3563e-06,9.1725
1.3564e-06,9.0382
1.3565e-06,9.1497
1.3566e-06,9.2237
1.3567e-06,9.0567
1.3568e-06,9.1204
1.3569e-06,8.986
1.357e-06,9.0935
1.3571e-06,8.9855
1.3572e-06,8.9145
1.3573e-06,8.9663
1.3574e-06,9.0234
1.3575e-06,9.0134
1.3576e-06,8.8925
1.3577e-06,9.0223
1.3578e-06,8.9072
1.3579e-06,9.0288
1.358e-06,9.0044
1.3581e-06,8.9379
1.3582e-06,9.0473
1.3583e-06,9.0627
1.3584e-06,8.8721
1.3585e-06,9.0112
1.3586e-06,8.818
1.3587e-06,8.9246
1.3588e-06,9.0162
1.3589e-06,9.0067
1.359e-06,8.9471
1.3591e-06,8.9451
1.3592e-06,8.9122
1.3593e-06,8.8718
1.3594e-06,8.8687
1.3595e-06,8.8611
1.3596e-06,8.8691
1.3597e-06,8.8808
1.3598e-06,8.8297
1.3599e-06,9.0652
1.36e-06,8.9963
1.3601e-06,8.8235
1.3602e-06,8.9239
1.3603e-06,8.9043
1.3604e-06,8.836
1.3605e-06,8.9301
1.3606e-06,8.7942
1.3607e-06,8.865
1.3608e-06,8.8366
1.3609e-06,8.9061
1.361e-06,8.8253
1.3611e-06,8.8693
1.3612e-06,8.7869
1.3613e-06,8.7423
1.3614e-06,8.7879
1.3615e-06,8.7484
1.3616e-06,8.6747
1.3617e-06,8.7501
1.3618e-06,8.7671
1.3619e-06,8.8325
1.362e-06,8.7106
1.3621e-06,8.7962
1.3622e-06,8.7015
1.3623e-06,8.6758
1.3624e-06,8.8231
1.3625e-06,8.7171
1.3626e-06,8.645
1.3627e-06,8.8265
1.3628e-06,8.7889
1.3629e-06,8.6979
1.363e-06,8.7717
1.3631e-06,8.797
1.3632e-06,8.7256
1.3633e-06,8.7253
1.3634e-06,8.8322
1.3635e-06,8.8438
1.3636e-06,8.7585
1.3637e-06,8.8067
1.3638e-06,8.7857
1.3639e-06,8.6503
1.364e-06,8.6759
1.3641e-06,8.7575
1.3642e-06,8.8999
1.3643e-06,8.766
1.3644e-06,8.7159
1.3645e-06,8.6854
1.3646e-06,8.5963
1.3647e-06,8.6075
1.3648e-06,8.6533
1.3649e-06,8.7418
1.365e-06,8.8036
1.3651e-06,8.7518
1.3652e-06,8.7869
1.3653e-06,8.6662
1.3654e-06,8.5509
1.3655e-06,8.7018
1.3656e-06,8.5674
1.3657e-06,8.614
1.3658e-06,8.5195
1.3659e-06,8.6713
1.366e-06,8.645
1.3661e-06,8.727
1.3662e-06,8.6938
1.3663e-06,8.5943
1.3664e-06,8.7001
1.3665e-06,8.7485
1.3666e-06,8.7018
1.3667e-06,8.551
1.3668e-06,8.501
1.3669e-06,8.62
1.367e-06,8.5374
1.3671e-06,8.4849
1.3672e-06,8.6286
1.3673e-06,8.4994
1.3674e-06,8.6212
1.3675e-06,8.4884
1.3676e-06,8.5614
1.3677e-06,8.6183
1.3678e-06,8.432
1.3679e-06,8.5791
1.368e-06,8.536
1.3681e-06,8.6463
1.3682e-06,8.6076
1.3683e-06,8.5538
1.3684e-06,8.5948
1.3685e-06,8.5019
1.3686e-06,8.5248
1.3687e-06,8.3655
1.3688e-06,8.562
1.3689e-06,8.4988
1.369e-06,8.5134
1.3691e-06,8.5351
1.3692e-06,8.4704
1.3693e-06,8.5224
1.3694e-06,8.3702
1.3695e-06,8.4953
1.3696e-06,8.5607
1.3697e-06,8.397
1.3698e-06,8.523
1.3699e-06,8.4042
1.37e-06,8.5495
1.3701e-06,8.4306
1.3702e-06,8.5692
1.3703e-06,8.4911
1.3704e-06,8.3419
1.3705e-06,8.4767
1.3706e-06,8.5398
1.3707e-06,8.4677
1.3708e-06,8.2434
1.3709e-06,8.2742
1.371e-06,8.3786
1.3711e-06,8.4447
1.3712e-06,8.3638
1.3713e-06,8.4169
1.3714e-06,8.3222
1.3715e-06,8.4111
1.3716e-06,8.4242
1.3717e-06,8.3733
1.3718e-06,8.4908
1.3719e-06,8.4788
1.372e-06,8.3089
1.3721e-06,8.3841
1.3722e-06,8.2684
1.3723e-06,8.338
1.3724e-06,8.1898
1.3725e-06,8.3146
1.3726e-06,8.4556
1.3727e-06,8.2484
1.3728e-06,8.3726
1.3729e-06,8.2743
1.373e-06,8.291
1.3731e-06,8.2788
1.3732e-06,8.3224
1.3733e-06,8.2159
1.3734e-06,8.3881
1.3735e-06,8.2613
1.3736e-06,8.213
1.3737e-06,8.2136
1.3738e-06,8.3655
1.3739e-06,8.3371
1.374e-06,8.2598
1.3741e-06,8.2219
1.3742e-06,8.2746
1.3743e-06,8.2315
1.3744e-06,8.3356
1.3745e-06,8.1053
1.3746e-06,8.2144
1.3747e-06,8.2224
1.3748e-06,8.1409
1.3749e-06,8.214
1.375e-06,8.2585
1.3751e-06,8.2319
1.3752e-06,8.2523
1.3753e-06,8.2248
1.3754e-06,8.2064
1.3755e-06,8.305
1.3756e-06,8.2643
1.3757e-06,8.287
1.3758e-06,8.3596
1.3759e-06,8.1226
1.376e-06,8.2013
1.3761e-06,8.1147
1.3762e-06,8.28
1.3763e-06,8.3107
1.3764e-06,8.1402
1.3765e-06,8.1599
1.3766e-06,8.2745
1.3767e-06,8.1783
1.3768e-06,8.2027
1.3769e-06,8.1166
1.377e-06,8.0168
1.3771e-06,8.0454
1.3772e-06,8.0982
1.3773e-06,8.1484
1.3774e-06,8.098
1.3775e-06,8.0466
1.3776e-06,8.0684
1.3777e-06,8.106
1.3778e-06,8.0854
1.3779e-06,8.2333
1.378e-06,8.1737
1.3781e-06,8.0564
1.3782e-06,8.0231
1.3783e-06,8.0326
1.3784e-06,7.8946
1.3785e-06,8.0842
1.3786e-06,7.9873
1.3787e-06,7.9388
1.3788e-06,8.0143
1.3789e-06,7.9896
1.379e-06,7.8411
1.3791e-06,7.9568
1.3792e-06,8.0655
1.3793e-06,8.081
1.3794e-06,7.9709
1.3795e-06,7.9748
1.3796e-06,8.1077
1.3797e-06,8.0953
1.3798e-06,7.9862
1.3799e-06,7.9733
1.38e-06,7.8862
1.3801e-06,8.1199
1.3802e-06,7.9233
1.3803e-06,8.0258
1.3804e-06,7.9253
1.3805e-06,7.9219
1.3806e-06,8.0694
1.3807e-06,7.938
1.3808e-06,7.9868
1.3809e-06,7.8391
1.381e-06,7.8461
1.3811e-06,7.855
1.3812e-06,8.1172
1.3813e-06,8.0445
1.3814e-06,7.9699
1.3815e-06,7.9451
1.3816e-06,7.9479
1.3817e-06,7.9179
1.3818e-06,7.966
1.3819e-06,7.8839
1.382e-06,7.7909
1.3821e-06,7.8652
1.3822e-06,7.8258
1.3823e-06,7.8216
1.3824e-06,7.8533
1.3825e-06,7.7864
1.3826e-06,7.8725
1.3827e-06,7.8189
1.3828e-06,7.7415
1.3829e-06,7.7032
1.383e-06,7.8959
1.3831e-06,7.7052
1.3832e-06,7.7096
1.3833e-06,7.7433
1.3834e-06,7.7572
1.3835e-06,7.8215
1.3836e-06,7.8829
1.3837e-06,7.8969
1.3838e-06,7.9244
1.3839e-06,7.6988
1.384e-06,7.774
1.3841e-06,7.7209
1.3842e-06,7.7723
1.3843e-06,7.8129
1.3844e-06,7.6957
1.3845e-06,7.6615
1.3846e-06,7.8655
1.3847e-06,7.799
1.3848e-06,7.6921
1.3849e-06,7.7283
1.385e-06,7.7643
1.3851e-06,7.8206
1.3852e-06,7.783
1.3853e-06,7.7444
1.3854e-06,7.8237
1.3855e-06,7.8107
1.3856e-06,7.6827
1.3857e-06,7.8052
1.3858e-06,7.6683
1.3859e-06,7.7699
1.386e-06,7.5992
1.3861e-06,7.6215
1.3862e-06,7.5739
1.3863e-06,7.6233
1.3864e-06,7.675
1.3865e-06,7.6649
1.3866e-06,7.6511
1.3867e-06,7.7546
1.3868e-06,7.6265
1.3869e-06,7.6697
1.387e-06,7.654
1.3871e-06,7.5538
1.3872e-06,7.5579
1.3873e-06,7.7068
1.3874e-06,7.6016
1.3875e-06,7.6538
1.3876e-06,7.7047
1.3877e-06,7.7225
1.3878e-06,7.4586
1.3879e-06,7.6053
1.388e-06,7.5379
1.3881e-06,7.4842
1.3882e-06,7.4837
1.3883e-06,7.6175
1.3884e-06,7.5885
1.3885e-06,7.5941
1.3886e-06,7.5832
1.3887e-06,7.5475
1.3888e-06,7.62
1.3889e-06,7.5061
1.389e-06,7.4598
1.3891e-06,7.5289
1.3892e-06,7.7087
1.3893e-06,7.642
1.3894e-06,7.6117
1.3895e-06,7.4741
1.3896e-06,7.5155
1.3897e-06,7.5794
1.3898e-06,7.5851
1.3899e-06,7.3797
1.39e-06,7.4661
1.3901e-06,7.4189
1.3902e-06,7.5482
1.3903e-06,7.49
1.3904e-06,7.4289
1.3905e-06,7.4024
1.3906e-06,7.4665
1.3907e-06,7.5218
1.3908e-06,7.5848
1.3909e-06,7.3745
1.391e-06,7.5282
1.3911e-06,7.646
1.3912e-06,7.2604
1.3913e-06,7.4061
1.3914e-06,7.3316
1.3915e-06,7.3196
1.3916e-06,7.5692
1.3917e-06,7.3707
1.3918e-06,7.3395
1.3919e-06,7.4598
1.392e-06,7.3914
1.3921e-06,7.3015
1.3922e-06,7.4277
1.3923e-06,7.3096
1.3924e-06,7.389
1.3925e-06,7.3401
1.3926e-06,7.2981
1.3927e-06,7.2578
1.3928e-06,7.5057
1.3929e-06,7.4005
1.393e-06,7.1957
1.3931e-06,7.2732
1.3932e-06,7.3598
1.3933e-06,7.5331
1.3934e-06,7.3737
1.3935e-06,7.3526
1.3936e-06,7.1843
1.3937e-06,7.267
1.3938e-06,7.2823
1.3939e-06,7.3391
1.394e-06,7.3463
1.3941e-06,7.3284
1.3942e-06,7.3051
1.3943e-06,7.1621
1.3944e-06,7.2943
1.3945e-06,7.279
1.3946e-06,7.359
1.3947e-06,7.2924
1.3948e-06,7.324
1.3949e-06,7.2252
1.395e-06,7.2302
1.3951e-06,7.1416
1.3952e-06,7.1212
1.3953e-06,7.2615
1.3954e-06,7.1903
1.3955e-06,7.1014
1.3956e-06,7.1816
1.3957e-06,7.3306
1.3958e-06,7.1406
1.3959e-06,7.3175
1.396e-06,7.1833
1.3961e-06,7.2208
1.3962e-06,7.261
1.3963e-06,7.0978
1.3964e-06,7.1263
1.3965e-06,6.8943
1.3966e-06,7.028
1.3967e-06,7.1464
1.3968e-06,7.0997
1.3969e-06,7.2185
1.397e-06,7.1837
1.3971e-06,7.1588
1.3972e-06,7.1004
1.3973e-06,7.1238
1.3974e-06,7.0517
1.3975e-06,6.9818
1.3976e-06,7.1094
1.3977e-06,7.2287
1.3978e-06,7.1658
1.3979e-06,7.0368
1.398e-06,7.1146
1.3981e-06,7.0501
1.3982e-06,7.1312
1.3983e-06,7.0141
1.3984e-06,7.1555
1.3985e-06,6.9985
1.3986e-06,7.0418
1.3987e-06,6.9469
1.3988e-06,6.9864
1.3989e-06,6.9752
1.399e-06,6.9534
1.3991e-06,6.87
1.3992e-06,6.9874
1.3993e-06,7.0591
1.3994e-06,6.8495
1.3995e-06,7.001
1.3996e-06,6.9245
1.3997e-06,7.1176
1.3998e-06,7.0193
1.3999e-06,6.962
1.4e-06,6.9702
1.4001e-06,6.907
1.4002e-06,7.0382
1.4003e-06,6.8219
1.4004e-06,7.0307
1.4005e-06,6.8067
1.4006e-06,6.8403
1.4007e-06,6.9284
1.4008e-06,6.9419
1.4009e-06,6.9848
1.401e-06,6.959
1.4011e-06,6.7158
1.4012e-06,6.8499
1.4013e-06,6.8577
1.4014e-06,6.9133
1.4015e-06,6.7692
1.4016e-06,6.8627
1.4017e-06,6.8903
1.4018e-06,6.8297
1.4019e-06,6.9118
1.402e-06,6.8211
1.4021e-06,6.7922
1.4022e-06,6.8812
1.4023e-06,6.9612
1.4024e-06,6.8298
1.4025e-06,6.8456
1.4026e-06,6.7458
1.4027e-06,6.7512
1.4028e-06,6.7457
1.4029e-06,6.9487
1.403e-06,6.8301
1.4031e-06,6.8148
1.4032e-06,6.866
1.4033e-06,6.7685
1.4034e-06,6.8719
1.4035e-06,6.7653
1.4036e-06,6.6732
1.4037e-06,6.807
1.4038e-06,6.722
1.4039e-06,6.8307
1.404e-06,6.8736
1.4041e-06,6.7005
1.4042e-06,6.7224
1.4043e-06,6.6304
1.4044e-06,6.7224
1.4045e-06,6.6947
1.4046e-06,6.5603
1.4047e-06,6.6452
1.4048e-06,6.7677
1.4049e-06,6.6173
1.405e-06,6.5325
1.4051e-06,6.661
1.4052e-06,6.4963
1.4053e-06,6.4562
1.4054e-06,6.6794
1.4055e-06,6.6518
1.4056e-06,6.6229
1.4057e-06,6.5553
1.4058e-06,6.8085
1.4059e-06,6.5927
1.406e-06,6.6097
1.4061e-06,6.5157
1.4062e-06,6.6977
1.4063e-06,6.5475
1.4064e-06,6.5421
1.4065e-06,6.6445
1.4066e-06,6.6399
1.4067e-06,6.4572
1.4068e-06,6.6378
1.4069e-06,6.349
1.407e-06,6.5575
1.4071e-06,6.6333
1.4072e-06,6.5043
1.4073e-06,6.5606
1.4074e-06,6.5355
1.4075e-06,6.4444
1.4076e-06,6.5797
1.4077e-06,6.4895
1.4078e-06,6.3922
1.4079e-06,6.5532
1.408e-06,6.5663
1.4081e-06,6.4083
1.4082e-06,6.5351
1.4083e-06,6.4746
1.4084e-06,6.3542
1.4085e-06,6.4075
1.4086e-06,6.5956
1.4087e-06,6.3782
1.4088e-06,6.4586
1.4089e-06,6.5477
1.409e-06,6.3794
1.4091e-06,6.4148
1.4092e-06,6.419
1.4093e-06,6.3776
1.4094e-06,6.4329
1.4095e-06,6.3662
1.4096e-06,6.288
1.4097e-06,6.4168
1.4098e-06,6.3827
1.4099e-06,6.4083
1.41e-06,6.3199
1.4101e-06,6.2496
1.4102e-06,6.4911
1.4103e-06,6.2826
1.4104e-06,6.2516
1.4105e-06,6.4187
1.4106e-06,6.3882
1.4107e-06,6.2307
1.4108e-06,6.3383
1.4109e-06,6.3002
1.411e-06,6.3568
1.4111e-06,6.2172
1.4112e-06,6.3433
1.4113e-06,6.2913
1.4114e-06,6.3612
1.4115e-06,6.224
1.4116e-06,6.2622
1.4117e-06,6.3915
1.4118e-06,6.3666
1.4119e-06,6.3227
1.412e-06,6.1573
1.4121e-06,6.2687
1.4122e-06,6.2427
1.4123e-06,6.2553
1.4124e-06,6.2716
1.4125e-06,6.1167
1.4126e-06,6.0854
1.4127e-06,6.0046
1.4128e-06,6.2639
1.4129e-06,6.2784
1.413e-06,6.0933
1.4131e-06,5.9572
1.4132e-06,6.2021
1.4133e-06,6.1785
1.4134e-06,6.0763
1.4135e-06,6.1245
1.4136e-06,6.1938
1.4137e-06,5.9764
1.4138e-06,6.0155
1.4139e-06,6.1899
1.414e-06,6.096
1.4141e-06,6.1502
1.4142e-06,6.0386
1.4143e-06,6.0751
1.4144e-06,6.0592
1.4145e-06,6.1995
1.4146e-06,6.2375
1.4147e-06,6.0793
1.4148e-06,6.0132
1.4149e-06,6.1479
1.415e-06,5.9177
1.4151e-06,6.0682
1.4152e-06,6.0883
1.4153e-06,6.0288
1.4154e-06,6.0396
1.4155e-06,5.9279
1.4156e-06,6.0236
1.4157e-06,5.9231
1.4158e-06,6.059
1.4159e-06,5.9896
1.416e-06,6.1311
1.4161e-06,5.8631
1.4162e-06,6.121
1.4163e-06,6.0563
1.4164e-06,5.8612
1.4165e-06,5.8344
1.4166e-06,5.8346
1.4167e-06,6.0758
1.4168e-06,5.8105
1.4169e-06,5.897
1.417e-06,5.8734
1.4171e-06,5.8643
1.4172e-06,5.9275
1.4173e-06,5.9215
1.4174e-06,5.8201
1.4175e-06,5.9287
1.4176e-06,5.988
1.4177e-06,5.844
1.4178e-06,5.7453
1.4179e-06,5.8404
1.418e-06,5.8879
1.4181e-06,5.8921
1.4182e-06,5.9396
1.4183e-06,5.7518
1.4184e-06,5.7942
1.4185e-06,5.6923
1.4186e-06,5.8615
1.4187e-06,5.7842
1.4188e-06,5.9126
1.4189e-06,5.7228
1.419e-06,5.8634
1.4191e-06,5.625
1.4192e-06,5.6711
1.4193e-06,5.7944
1.4194e-06,5.7933
1.4195e-06,5.7072
1.4196e-06,5.5775
1.4197e-06,5.6428
1.4198e-06,5.7912
1.4199e-06,5.5464
1.42e-06,5.7813
1.4201e-06,5.6619
1.4202e-06,5.8272
1.4203e-06,5.6901
1.4204e-06,5.6117
1.4205e-06,5.6986
1.4206e-06,5.6013
1.4207e-06,5.5514
1.4208e-06,5.5938
1.4209e-06,5.4013
1.421e-06,5.8126
1.4211e-06,5.6922
1.4212e-06,5.6214
1.4213e-06,5.4433
1.4214e-06,5.5177
1.4215e-06,5.4619
1.4216e-06,5.6784
1.4217e-06,5.5908
1.4218e-06,5.6258
1.4219e-06,5.5113
1.422e-06,5.7443
1.4221e-06,5.5583
1.4222e-06,5.5474
1.4223e-06,5.5245
1.4224e-06,5.6008
1.4225e-06,5.5823
1.4226e-06,5.5834
1.4227e-06,5.4671
1.4228e-06,5.5859
1.4229e-06,5.4498
1.423e-06,5.4521
1.4231e-06,5.4243
1.4232e-06,5.474
1.4233e-06,5.3656
1.4234e-06,5.4599
1.4235e-06,5.387
1.4236e-06,5.5241
1.4237e-06,5.3826
1.4238e-06,5.4532
1.4239e-06,5.5814
1.424e-06,5.4056
1.4241e-06,5.3835
1.4242e-06,5.3929
1.4243e-06,5.3418
1.4244e-06,5.4164
1.4245e-06,5.4485
1.4246e-06,5.4767
1.4247e-06,5.3155
1.4248e-06,5.329
1.4249e-06,5.4032
1.425e-06,5.4312
1.4251e-06,5.4789
1.4252e-06,5.3668
1.4253e-06,5.3775
1.4254e-06,5.5318
1.4255e-06,5.3789
1.4256e-06,5.3732
1.4257e-06,5.4087
1.4258e-06,5.4128
1.4259e-06,5.3467
1.426e-06,5.4828
1.4261e-06,5.3643
1.4262e-06,5.3738
1.4263e-06,5.2997
1.4264e-06,5.2206
1.4265e-06,5.3043
1.4266e-06,5.2237
1.4267e-06,5.3905
1.4268e-06,5.2114
1.4269e-06,5.2529
1.427e-06,5.1887
1.4271e-06,5.1523
1.4272e-06,5.1838
1.4273e-06,5.2487
1.4274e-06,5.2913
1.4275e-06,5.2169
1.4276e-06,5.1278
1.4277e-06,5.0494
1.4278e-06,5.0993
1.4279e-06,5.1453
1.428e-06,5.1837
1.4281e-06,5.1063
1.4282e-06,5.1056
1.4283e-06,5.1007
1.4284e-06,5.1622
1.4285e-06,5.0163
1.4286e-06,5.0708
1.4287e-06,5.1137
1.4288e-06,5.0669
1.4289e-06,5.1041
1.429e-06,5.1661
1.4291e-06,4.9727
1.4292e-06,5.0497
1.4293e-06,5.1052
1.4294e-06,5.0395
1.4295e-06,5.1287
1.4296e-06,5.0566
1.4297e-06,4.9974
1.4298e-06,5.0159
1.4299e-06,4.9908
1.43e-06,5.1333
1.4301e-06,4.9408
1.4302e-06,4.9977
1.4303e-06,5.0378
1.4304e-06,5.0343
1.4305e-06,4.9589
1.4306e-06,5.0539
1.4307e-06,4.9312
1.4308e-06,4.984
1.4309e-06,4.9457
1.431e-06,4.8655
1.4311e-06,4.9322
1.4312e-06,4.8162
1.4313e-06,4.8974
1.4314e-06,4.996
1.4315e-06,4.9988
1.4316e-06,4.8797
1.4317e-06,5.0488
1.4318e-06,4.9602
1.4319e-06,4.8395
1.432e-06,4.876
1.4321e-06,4.8741
1.4322e-06,4.7748
1.4323e-06,4.8411
1.4324e-06,4.7476
1.4325e-06,4.8487
1.4326e-06,4.7141
1.4327e-06,4.9466
1.4328e-06,4.938
1.4329e-06,4.8515
1.433e-06,4.6598
1.4331e-06,4.9318
1.4332e-06,4.876
1.4333e-06,4.8911
1.4334e-06,4.658
1.4335e-06,4.7021
1.4336e-06,4.7429
1.4337e-06,4.6879
1.4338e-06,4.6863
1.4339e-06,4.7298
1.434e-06,4.8287
1.4341e-06,4.7746
1.4342e-06,4.6022
1.4343e-06,4.6786
1.4344e-06,4.7966
1.4345e-06,4.6721
1.4346e-06,4.6081
1.4347e-06,4.8424
1.4348e-06,4.6665
1.4349e-06,4.6669
1.435e-06,4.6688
1.4351e-06,4.6894
1.4352e-06,4.6286
1.4353e-06,4.6127
1.4354e-06,4.5128
1.4355e-06,4.5146
1.4356e-06,4.3646
1.4357e-06,4.601
1.4358e-06,4.4971
1.4359e-06,4.6984
1.436e-06,4.5386
1.4361e-06,4.5506
1.4362e-06,4.5775
1.4363e-06,4.4918
1.4364e-06,4.5759
1.4365e-06,4.5168
1.4366e-06,4.5597
1.4367e-06,4.5706
1.4368e-06,4.499
1.4369e-06,4.6456
1.437e-06,4.4988
1.4371e-06,4.4147
1.4372e-06,4.5214
1.4373e-06,4.5099
1.4374e-06,4.249
1.4375e-06,4.2506
1.4376e-06,4.5299
1.4377e-06,4.421
1.4378e-06,4.2963
1.4379e-06,4.3178
1.438e-06,4.4445
1.4381e-06,4.5257
1.4382e-06,4.5518
1.4383e-06,4.4397
1.4384e-06,4.4106
1.4385e-06,4.4556
1.4386e-06,4.5452
1.4387e-06,4.1642
1.4388e-06,4.2383
1.4389e-06,4.1928
1.439e-06,4.279
1.4391e-06,4.3814
1.4392e-06,4.2386
1.4393e-06,4.3406
1.4394e-06,4.2352
1.4395e-06,4.3934
1.4396e-06,4.2342
1.4397e-06,4.3219
1.4398e-06,4.2834
1.4399e-06,4.3237
1.44e-06,4.2531
1.4401e-06,4.3423
1.4402e-06,4.2973
1.4403e-06,4.1437
1.4404e-06,4.0707
1.4405e-06,4.1789
1.4406e-06,4.1629
1.4407e-06,4.1013
1.4408e-06,4.2581
1.4409e-06,4.2816
1.441e-06,4.3011
1.4411e-06,4.1883
1.4412e-06,4.0529
1.4413e-06,4.1
1.4414e-06,4.1155
1.4415e-06,4.1329
1.4416e-06,4.1124
1.4417e-06,4.1074
1.4418e-06,4.1379
1.4419e-06,4.1716
1.442e-06,4.1548
1.4421e-06,4.0784
1.4422e-06,4.0542
1.4423e-06,4.0524
1.4424e-06,4.1706
1.4425e-06,4.0229
1.4426e-06,3.9588
1.4427e-06,4.014
1.4428e-06,4.098
1.4429e-06,4.1371
1.443e-06,4.0655
1.4431e-06,4.0613
1.4432e-06,4.0576
1.4433e-06,3.9667
1.4434e-06,3.9737
1.4435e-06,4.0415
1.4436e-06,4.0194
1.4437e-06,4.0813
1.4438e-06,3.8327
1.4439e-06,3.8457
1.444e-06,3.8753
1.4441e-06,3.945
1.4442e-06,3.9731
1.4443e-06,3.8452
1.4444e-06,3.9632
1.4445e-06,3.9935
1.4446e-06,3.9181
1.4447e-06,3.9715
1.4448e-06,3.9919
1.4449e-06,3.9677
1.445e-06,4.071
1.4451e-06,3.8652
1.4452e-06,3.6183
1.4453e-06,3.8215
1.4454e-06,3.8602
1.4455e-06,3.6891
1.4456e-06,3.7779
1.4457e-06,3.8021
1.4458e-06,3.6385
1.4459e-06,3.8476
1.446e-06,3.7254
1.4461e-06,3.7402
1.4462e-06,3.6578
1.4463e-06,3.6766
1.4464e-06,3.6402
1.4465e-06,3.7829
1.4466e-06,3.7985
1.4467e-06,3.7823
1.4468e-06,3.7985
1.4469e-06,3.5265
1.447e-06,3.7233
1.4471e-06,3.7842
1.4472e-06,3.7836
1.4473e-06,3.5903
1.4474e-06,3.5649
1.4475e-06,3.7571
1.4476e-06,3.5451
1.4477e-06,3.5939
1.4478e-06,3.5869
1.4479e-06,3.548
1.448e-06,3.6198
1.4481e-06,3.537
1.4482e-06,3.7035
1.4483e-06,3.5263
1.4484e-06,3.5474
1.4485e-06,3.6076
1.4486e-06,3.6789
1.4487e-06,3.6156
1.4488e-06,3.6106
1.4489e-06,3.3805
1.449e-06,3.444
1.4491e-06,3.3
1.4492e-06,3.5657
1.4493e-06,3.6013
1.4494e-06,3.5137
1.4495e-06,3.3608
1.4496e-06,3.517
1.4497e-06,3.4986
1.4498e-06,3.4218
1.4499e-06,3.456
1.45e-06,3.5501
1.4501e-06,3.4665
1.4502e-06,3.3267
1.4503e-06,3.3797
1.4504e-06,3.3983
1.4505e-06,3.4687
1.4506e-06,3.313
1.4507e-06,3.5025
1.4508e-06,3.4225
1.4509e-06,3.4954
1.451e-06,3.3175
1.4511e-06,3.259
1.4512e-06,3.2737
1.4513e-06,3.3586
1.4514e-06,3.2911
1.4515e-06,3.2145
1.4516e-06,3.1499
1.4517e-06,3.2543
1.4518e-06,3.3879
1.4519e-06,3.2699
1.452e-06,3.1997
1.4521e-06,3.3543
1.4522e-06,3.2486
1.4523e-06,3.2882
1.4524e-06,3.2766
1.4525e-06,3.238
1.4526e-06,3.144
1.4527e-06,3.1583
1.4528e-06,3.1801
1.4529e-06,3.1552
1.453e-06,3.3695
1.4531e-06,3.1766
1.4532e-06,3.1546
1.4533e-06,3.3677
1.4534e-06,3.2074
1.4535e-06,3.1398
1.4536e-06,3.1309
1.4537e-06,3.1196
1.4538e-06,3.222
1.4539e-06,3.2544
1.454e-06,3.0965
1.4541e-06,3.1397
1.4542e-06,3.1095
1.4543e-06,3.133
1.4544e-06,2.9682
1.4545e-06,2.9849
1.4546e-06,3.0391
1.4547e-06,3.1892
1.4548e-06,3.0906
1.4549e-06,3.0566
1.455e-06,2.9658
1.4551e-06,2.9779
1.4552e-06,2.9002
1.4553e-06,2.72
1.4554e-06,2.8654
1.4555e-06,2.9469
1.4556e-06,2.8454
1.4557e-06,2.8404
1.4558e-06,3.0946
1.4559e-06,2.9006
1.456e-06,2.9151
1.4561e-06,2.9094
1.4562e-06,2.8643
1.4563e-06,2.8214
1.4564e-06,2.9112
1.4565e-06,2.9136
1.4566e-06,2.905
1.4567e-06,2.8963
1.4568e-06,2.8325
1.4569e-06,2.7902
1.457e-06,2.6415
1.4571e-06,2.8168
1.4572e-06,2.7537
1.4573e-06,2.736
1.4574e-06,2.6712
1.4575e-06,2.8614
1.4576e-06,2.7237
1.4577e-06,2.7261
1.4578e-06,2.918
1.4579e-06,2.8366
1.458e-06,2.7548
1.4581e-06,2.7694
1.4582e-06,2.6409
1.4583e-06,2.5814
1.4584e-06,2.7573
1.4585e-06,2.5686
1.4586e-06,2.611
1.4587e-06,2.8092
1.4588e-06,2.671
1.4589e-06,2.5168
1.459e-06,2.454
1.4591e-06,2.5238
1.4592e-06,2.6091
1.4593e-06,2.6197
1.4594e-06,2.5565
1.4595e-06,2.5797
1.4596e-06,2.8061
1.4597e-06,2.5255
1.4598e-06,2.6822
1.4599e-06,2.6807
1.46e-06,2.5484
1.4601e-06,2.6176
1.4602e-06,2.5883
1.4603e-06,2.5065
1.4604e-06,2.489
1.4605e-06,2.4272
1.4606e-06,2.4655
1.4607e-06,2.3565
1.4608e-06,2.6406
1.4609e-06,2.4542
1.461e-06,2.4818
1.4611e-06,2.5061
1.4612e-06,2.3416
1.4613e-06,2.4263
1.4614e-06,2.1995
1.4615e-06,2.4432
1.4616e-06,2.5222
1.4617e-06,2.3894
1.4618e-06,2.4293
1.4619e-06,2.2406
1.462e-06,2.3624
1.4621e-06,2.2715
1.4622e-06,2.3236
1.4623e-06,2.4359
1.4624e-06,2.5312
1.4625e-06,2.3843
1.4626e-06,2.2929
1.4627e-06,2.3165
1.4628e-06,2.392
1.4629e-06,2.3464
1.463e-06,2.184
1.4631e-06,2.2985
1.4632e-06,2.112
1.4633e-06,2.3344
1.4634e-06,2.1925
1.4635e-06,1.9875
1.4636e-06,2.0887
1.4637e-06,2.1246
1.4638e-06,2.1317
1.4639e-06,2.3098
1.464e-06,2.272
1.4641e-06,2.0855
1.4642e-06,2.0656
1.4643e-06,1.9793
1.4644e-06,2.0664
1.4645e-06,2.1292
1.4646e-06,1.9685
1.4647e-06,2.1887
1.4648e-06,2.0013
1.4649e-06,1.9216
1.465e-06,1.9558
1.4651e-06,2.0884
1.4652e-06,2.0655
1.4653e-06,1.9805
1.4654e-06,2.0421
1.4655e-06,2.0487
1.4656e-06,1.9657
1.4657e-06,1.8814
1.4658e-06,2.0074
1.4659e-06,2.0806
1.466e-06,1.8995
1.4661e-06,1.9933
1.4662e-06,1.9453
1.4663e-06,1.7958
1.4664e-06,2.007
1.4665e-06,1.849
1.4666e-06,1.7417
1.4667e-06,1.752
1.4668e-06,1.8061
1.4669e-06,1.8124
1.467e-06,1.8739
1.4671e-06,1.8909
1.4672e-06,1.9214
1.4673e-06,1.743
1.4674e-06,1.843
1.4675e-06,1.8664
1.4676e-06,1.8137
1.4677e-06,1.7095
1.4678e-06,1.7671
1.4679e-06,1.7919
1.468e-06,1.7239
1.4681e-06,1.7608
1.4682e-06,1.8453
1.4683e-06,1.7707
1.4684e-06,1.6137
1.4685e-06,1.7073
1.4686e-06,1.6277
1.4687e-06,1.5171
1.4688e-06,1.6523
1.4689e-06,1.7637
1.469e-06,1.7232
1.4691e-06,1.5403
1.4692e-06,1.6677
1.4693e-06,1.7306
1.4694e-06,1.539
1.4695e-06,1.5759
1.4696e-06,1.5274
1.4697e-06,1.644
1.4698e-06,1.563
1.4699e-06,1.6469
1.47e-06,1.5877
1.4701e-06,1.5848
1.4702e-06,1.5468
1.4703e-06,1.5192
1.4704e-06,1.5137
1.4705e-06,1.5065
1.4706e-06,1.471
1.4707e-06,1.4208
1.4708e-06,1.3663
1.4709e-06,1.3015
1.471e-06,1.531
1.4711e-06,1.2404
1.4712e-06,1.5091
1.4713e-06,1.3342
1.4714e-06,1.3599
1.4715e-06,1.4973
1.4716e-06,1.3561
1.4717e-06,1.4424
1.4718e-06,1.4163
1.4719e-06,1.2596
1.472e-06,1.429
1.4721e-06,1.2035
1.4722e-06,1.3524
1.4723e-06,1.1265
1.4724e-06,1.0559
1.4725e-06,1.3781
1.4726e-06,1.2069
1.4727e-06,1.31
1.4728e-06,1.195
1.4729e-06,1.2647
1.473e-06,1.1595
1.4731e-06,1.2813
1.4732e-06,1.349
1.4733e-06,1.0667
1.4734e-06,1.2745
1.4735e-06,1.1964
1.4736e-06,1.0849
1.4737e-06,1.154
1.4738e-06,1.2279
1.4739e-06,1.3117
1.474e-06,1.1198
1.4741e-06,1.0731
1.4742e-06,1.142
1.4743e-06,0.81907
1.4744e-06,1.1813
1.4745e-06,0.96387
1.4746e-06,1.1133
1.4747e-06,0.89034
1.4748e-06,1.1034
1.4749e-06,1.0157
1.475e-06,1.0321
1.4751e-06,0.99718
1.4752e-06,0.98683
1.4753e-06,1.0058
1.4754e-06,1.1215
1.4755e-06,0.95646
1.4756e-06,0.97659
1.4757e-06,0.95768
1.4758e-06,0.9229
1.4759e-06,0.94869
1.476e-06,0.91822
1.4761e-06,0.72537
1.4762e-06,1.0888
1.4763e-06,0.96863
1.4764e-06,0.87003
1.4765e-06,0.88352
1.4766e-06,0.9726
1.4767e-06,0.88226
1.4768e-06,0.71923
1.4769e-06,0.70196
1.477e-06,0.81452
1.4771e-06,0.71978
1.4772e-06,0.76153
1.4773e-06,0.69598
1.4774e-06,0.88068
1.4775e-06,0.70614
1.4776e-06,0.51057
1.4777e-06,0.76604
1.4778e-06,0.73746
1.4779e-06,0.69425
1.478e-06,0.84084
1.4781e-06,0.59726
1.4782e-06,0.72883
1.4783e-06,0.70159
1.4784e-06,0.7204
1.4785e-06,0.54919
1.4786e-06,0.63099
1.4787e-06,0.55994
1.4788e-06,0.48405
1.4789e-06,0.48874
1.479e-06,0.45138
1.4791e-06,0.58882
1.4792e-06,0.52805
1.4793e-06,0.43289
1.4794e-06,0.51834
1.4795e-06,0.51493
1.4796e-06,0.47644
1.4797e-06,0.41201
1.4798e-06,0.50069
1.4799e-06,0.37846
1.48e-06,0.40859
1.4801e-06,0.45086
1.4802e-06,0.47093
1.4803e-06,0.23287
1.4804e-06,0.34933
1.4805e-06,0.43938
1.4806e-06,0.37726
1.4807e-06,0.43629
1.4808e-06,0.39838
1.4809e-06,0.40254
1.481e-06,0.15744
1.4811e-06,0.14424
1.4812e-06,0.19232
1.4813e-06,0.27208
1.4814e-06,0.37194
1.4815e-06,0.32261
1.4816e-06,0.28833
1.4817e-06,0.29098
1.4818e-06,0.20474
1.4819e-06,0.30277
1.482e-06,0.23639
1.4821e-06,0.17421
1.4822e-06,0.094846
1.4823e-06,0.27076
1.4824e-06,0.030375
1.4825e-06,0.20493
1.4826e-06,0.11889
1.4827e-06,0.14559
1.4828e-06,0.13451
1.4829e-06,0.17469
1.483e-06,0.23845
1.4831e-06,-0.020501
1.4832e-06,-0.034467
1.4833e-06,-0.02095
1.4834e-06,0.13288
1.4835e-06,0.042633
1.4836e-06,-0.02659
1.4837e-06,-0.039324
1.4838e-06,-0.091493
1.4839e-06,0.011365
1.484e-06,-0.11951
1.4841e-06,-0.11845
1.4842e-06,-0.076834
1.4843e-06,-0.076391
1.4844e-06,-0.017995
1.4845e-06,-0.13321
1.4846e-06,-0.16711
1.4847e-06,-0.17671
1.4848e-06,-0.15265
1.4849e-06,-0.2847
1.485e-06,-0.35233
1.4851e-06,-0.21239
1.4852e-06,-0.32672
1.4853e-06,-0.16148
1.4854e-06,-0.14234
1.4855e-06,-0.244
1.4856e-06,-0.20874
1.4857e-06,-0.20073
1.4858e-06,-0.38026
1.4859e-06,-0.30889
1.486e-06,-0.18321
1.4861e-06,-0.15767
1.4862e-06,-0.37891
1.4863e-06,-0.30798
1.4864e-06,-0.45126
1.4865e-06,-0.40918
1.4866e-06,-0.35539
1.4867e-06,-0.39961
1.4868e-06,-0.39625
1.4869e-06,-0.41818
1.487e-06,-0.65394
1.4871e-06,-0.43639
1.4872e-06,-0.35098
1.4873e-06,-0.46495
1.4874e-06,-0.43831
1.4875e-06,-0.60664
1.4876e-06,-0.57681
1.4877e-06,-0.81211
1.4878e-06,-0.80625
1.4879e-06,-0.59521
1.488e-06,-0.76426
1.4881e-06,-0.65377
1.4882e-06,-0.60787
1.4883e-06,-0.6053
1.4884e-06,-0.67937
1.4885e-06,-0.54004
1.4886e-06,-0.74624
1.4887e-06,-0.82328
1.4888e-06,-0.59604
1.4889e-06,-0.67406
1.489e-06,-0.77296
1.4891e-06,-0.84484
1.4892e-06,-0.75526
1.4893e-06,-0.82989
1.4894e-06,-0.97341
1.4895e-06,-0.80008
1.4896e-06,-0.67459
1.4897e-06,-0.76314
1.4898e-06,-0.81047
1.4899e-06,-0.65716
1.49e-06,-0.81548
1.4901e-06,-0.74817
1.4902e-06,-0.95011
1.4903e-06,-1.0112
1.4904e-06,-0.82717
1.4905e-06,-0.73633
1.4906e-06,-1.0867
1.4907e-06,-1.0303
1.4908e-06,-1.0441
1.4909e-06,-0.94253
1.491e-06,-1.0945
1.4911e-06,-1.0078
1.4912e-06,-0.93575
1.4913e-06,-1.0569
1.4914e-06,-1.0625
1.4915e-06,-0.99599
1.4916e-06,-1.0714
1.4917e-06,-1.0837
1.4918e-06,-1.0716
1.4919e-06,-1.207
1.492e-06,-1.1948
1.4921e-06,-1.177
1.4922e-06,-1.1726
1.4923e-06,-1.2762
1.4924e-06,-1.1822
1.4925e-06,-1.2717
1.4926e-06,-1.3043
1.4927e-06,-1.2619
1.4928e-06,-1.3003
1.4929e-06,-1.2739
1.493e-06,-1.1842
1.4931e-06,-1.3477
1.4932e-06,-1.3157
1.4933e-06,-1.3416
1.4934e-06,-1.2864
1.4935e-06,-1.1919
1.4936e-06,-1.3231
1.4937e-06,-1.4093
1.4938e-06,-1.4651
1.4939e-06,-1.4369
1.494e-06,-1.3751
1.4941e-06,-1.3575
1.4942e-06,-1.514
1.4943e-06,-1.5914
1.4944e-06,-1.6166
1.4945e-06,-1.6381
1.4946e-06,-1.4478
1.4947e-06,-1.4132
1.4948e-06,-1.5607
1.4949e-06,-1.6133
1.495e-06,-1.6173
1.4951e-06,-1.6725
1.4952e-06,-1.3571
1.4953e-06,-1.6349
1.4954e-06,-1.7337
1.4955e-06,-1.5156
1.4956e-06,-1.7515
1.4957e-06,-1.6648
1.4958e-06,-1.7015
1.4959e-06,-1.777
1.496e-06,-1.8819
1.4961e-06,-1.6252
1.4962e-06,-1.8096
1.4963e-06,-1.8911
1.4964e-06,-1.6368
1.4965e-06,-1.825
1.4966e-06,-1.905
1.4967e-06,-1.7806
1.4968e-06,-1.795
1.4969e-06,-1.8476
1.497e-06,-1.9892
1.4971e-06,-1.941
1.4972e-06,-1.8255
1.4973e-06,-2.0532
1.4974e-06,-1.6611
1.4975e-06,-2.1363
1.4976e-06,-1.9129
1.4977e-06,-1.9096
1.4978e-06,-2.0094
1.4979e-06,-2.0892
1.498e-06,-2.0385
1.4981e-06,-1.7988
1.4982e-06,-2.1383
1.4983e-06,-1.9606
1.4984e-06,-2.0898
1.4985e-06,-2.0849
1.4986e-06,-2.1911
1.4987e-06,-2.0726
1.4988e-06,-2.2875
1.4989e-06,-2.1093
1.499e-06,-2.2501
1.4991e-06,-2.1792
1.4992e-06,-2.2222
1.4993e-06,-2.2504
1.4994e-06,-2.3515
1.4995e-06,-2.2187
1.4996e-06,-2.3956
1.4997e-06,-2.1233
1.4998e-06,-2.2037
1.4999e-06,-2.2406
1.5e-06,-2.345
1.5001e-06,-2.3154
1.5002e-06,-2.2054
1.5003e-06,-2.4806
1.5004e-06,-2.4699
1.5005e-06,-2.4756
1.5006e-06,-2.4019
1.5007e-06,-2.4533
1.5008e-06,-2.3827
1.5009e-06,-2.2812
1.501e-06,-2.4113
1.5011e-06,-2.5653
1.5012e-06,-2.4983
1.5013e-06,-2.3707
1.5014e-06,-2.4966
1.5015e-06,-2.6695
1.5016e-06,-2.6278
1.5017e-06,-2.6839
1.5018e-06,-2.7296
1.5019e-06,-2.5695
1.502e-06,-2.7909
1.5021e-06,-2.6137
1.5022e-06,-2.8091
1.5023e-06,-2.8785
1.5024e-06,-2.6783
1.5025e-06,-2.7397
1.5026e-06,-2.7947
1.5027e-06,-2.6475
1.5028e-06,-2.9139
1.5029e-06,-2.8589
1.503e-06,-2.823
1.5031e-06,-2.6374
1.5032e-06,-2.8128
1.5033e-06,-2.8915
1.5034e-06,-2.7487
1.5035e-06,-2.7235
1.5036e-06,-2.9927
1.5037e-06,-2.8828
1.5038e-06,-3.2496
1.5039e-06,-2.9575
1.504e-06,-3.0657
1.5041e-06,-3.0029
1.5042e-06,-2.9395
1.5043e-06,-2.9755
1.5044e-06,-3.0913
1.5045e-06,-2.9874
1.5046e-06,-3.1418
1.5047e-06,-2.8998
1.5048e-06,-3.096
1.5049e-06,-3.0301
1.505e-06,-3.0455
1.5051e-06,-3.1651
1.5052e-06,-3.0904
1.5053e-06,-3.1386
1.5054e-06,-3.2205
1.5055e-06,-3.4452
1.5056e-06,-3.2444
1.5057e-06,-3.2614
1.5058e-06,-3.2551
1.5059e-06,-3.1483
1.506e-06,-3.2856
1.5061e-06,-3.3934
1.5062e-06,-3.1701
1.5063e-06,-3.3587
1.5064e-06,-3.4895
1.5065e-06,-3.4361
1.5066e-06,-3.3967
1.5067e-06,-3.4884
1.5068e-06,-3.6118
1.5069e-06,-3.426
1.507e-06,-3.3912
1.5071e-06,-3.465
1.5072e-06,-3.5316
1.5073e-06,-3.4086
1.5074e-06,-3.6485
1.5075e-06,-3.8289
1.5076e-06,-3.5664
1.5077e-06,-3.7144
1.5078e-06,-3.5195
1.5079e-06,-3.5096
1.508e-06,-3.483
1.5081e-06,-3.5962
1.5082e-06,-3.7523
1.5083e-06,-3.6942
1.5084e-06,-3.688
1.5085e-06,-3.6184
1.5086e-06,-3.7941
1.5087e-06,-3.7212
1.5088e-06,-3.7049
1.5089e-06,-4.0206
1.509e-06,-3.801
1.5091e-06,-3.7236
1.5092e-06,-3.9223
1.5093e-06,-3.9589
1.5094e-06,-4.0371
1.5095e-06,-3.9604
1.5096e-06,-3.8269
1.5097e-06,-3.9582
1.5098e-06,-3.9832
1.5099e-06,-4.0586
1.51e-06,-4.0624
1.5101e-06,-3.9423
1.5102e-06,-4.0132
1.5103e-06,-4.0441
1.5104e-06,-4.0915
1.5105e-06,-4.1597
1.5106e-06,-4.2926
1.5107e-06,-4.1129
1.5108e-06,-4.2116
1.5109e-06,-4.2744
1.511e-06,-4.3759
1.5111e-06,-4.2504
1.5112e-06,-4.3011
1.5113e-06,-4.3216
1.5114e-06,-4.4424
1.5115e-06,-4.2684
1.5116e-06,-4.3664
1.5117e-06,-4.593
1.5118e-06,-4.3405
1.5119e-06,-4.4142
1.512e-06,-4.3982
1.5121e-06,-4.5925
1.5122e-06,-4.5231
1.5123e-06,-4.4557
1.5124e-06,-4.4463
1.5125e-06,-4.5595
1.5126e-06,-4.5487
1.5127e-06,-4.4402
1.5128e-06,-4.4274
1.5129e-06,-4.5668
1.513e-06,-4.4858
1.5131e-06,-4.6148
1.5132e-06,-4.5503
1.5133e-06,-4.5522
1.5134e-06,-4.6211
1.5135e-06,-4.7937
1.5136e-06,-4.771
1.5137e-06,-4.8625
1.5138e-06,-4.8848
1.5139e-06,-4.7066
1.514e-06,-4.867
1.5141e-06,-4.8189
1.5142e-06,-4.612
1.5143e-06,-4.7
1.5144e-06,-4.8415
1.5145e-06,-4.9365
1.5146e-06,-4.9696
1.5147e-06,-4.9933
1.5148e-06,-4.8623
1.5149e-06,-4.9725
1.515e-06,-5.1727
1.5151e-06,-5.1185
1.5152e-06,-4.937
1.5153e-06,-5.1093
1.5154e-06,-5.3052
1.5155e-06,-5.0347
1.5156e-06,-5.207
1.5157e-06,-5.1405
1.5158e-06,-5.1327
1.5159e-06,-5.1754
1.516e-06,-5.2688
1.5161e-06,-5.1473
1.5162e-06,-5.2052
1.5163e-06,-5.3621
1.5164e-06,-5.4677
1.5165e-06,-5.2525
1.5166e-06,-5.2083
1.5167e-06,-5.4484
1.5168e-06,-5.3691
1.5169e-06,-5.5545
1.517e-06,-5.5284
1.5171e-06,-5.4763
1.5172e-06,-5.7385
1.5173e-06,-5.4948
1.5174e-06,-5.3187
1.5175e-06,-5.3739
1.5176e-06,-5.4917
1.5177e-06,-5.4201
1.5178e-06,-5.484
1.5179e-06,-5.5049
1.518e-06,-5.7855
1.5181e-06,-5.7615
1.5182e-06,-5.7534
1.5183e-06,-5.6568
1.5184e-06,-5.7739
1.5185e-06,-5.8825
1.5186e-06,-5.8901
1.5187e-06,-5.7129
1.5188e-06,-5.8195
1.5189e-06,-5.9496
1.519e-06,-5.8554
1.5191e-06,-5.84
1.5192e-06,-5.7563
1.5193e-06,-5.9721
1.5194e-06,-5.9676
1.5195e-06,-5.8346
1.5196e-06,-6.0714
1.5197e-06,-6.0088
1.5198e-06,-5.9256
1.5199e-06,-5.9459
1.52e-06,-6.0415
1.5201e-06,-6.2378
1.5202e-06,-5.9414
1.5203e-06,-6.0428
1.5204e-06,-6.1347
1.5205e-06,-6.0531
1.5206e-06,-6.117
1.5207e-06,-6.1636
1.5208e-06,-6.2686
1.5209e-06,-6.0286
1.521e-06,-6.3184
1.5211e-06,-6.2457
1.5212e-06,-6.3017
1.5213e-06,-6.4244
1.5214e-06,-6.4963
1.5215e-06,-6.2491
1.5216e-06,-6.4082
1.5217e-06,-6.254
1.5218e-06,-6.4971
1.5219e-06,-6.2664
1.522e-06,-6.4948
1.5221e-06,-6.678
1.5222e-06,-6.447
1.5223e-06,-6.4527
1.5224e-06,-6.6797
1.5225e-06,-6.6199
1.5226e-06,-6.6216
1.5227e-06,-6.6529
1.5228e-06,-6.6123
1.5229e-06,-6.8263
1.523e-06,-6.5648
1.5231e-06,-6.8075
1.5232e-06,-6.7807
1.5233e-06,-6.9259
1.5234e-06,-6.9948
1.5235e-06,-6.7741
1.5236e-06,-6.6775
1.5237e-06,-6.8942
1.5238e-06,-6.8697
1.5239e-06,-7.017
1.524e-06,-7.0674
1.5241e-06,-7.194
1.5242e-06,-6.9855
1.5243e-06,-7.2232
1.5244e-06,-7.1467
1.5245e-06,-7.1187
1.5246e-06,-7.0819
1.5247e-06,-7.0808
1.5248e-06,-7.0823
1.5249e-06,-7.1171
1.525e-06,-7.126
1.5251e-06,-7.1792
1.5252e-06,-7.4417
1.5253e-06,-7.2398
1.5254e-06,-7.3506
1.5255e-06,-7.2897
1.5256e-06,-7.3503
1.5257e-06,-7.2855
1.5258e-06,-7.4171
1.5259e-06,-7.5565
1.526e-06,-7.4267
1.5261e-06,-7.4547
1.5262e-06,-7.5228
1.5263e-06,-7.5389
1.5264e-06,-7.5559
1.5265e-06,-7.7163
1.5266e-06,-7.6397
1.5267e-06,-7.8506
1.5268e-06,-7.7435
1.5269e-06,-7.5478
1.527e-06,-7.7475
1.5271e-06,-7.9105
1.5272e-06,-7.7621
1.5273e-06,-7.7965
1.5274e-06,-8.0001
1.5275e-06,-7.7544
1.5276e-06,-7.9878
1.5277e-06,-7.8006
1.5278e-06,-8.0436
1.5279e-06,-7.8404
1.528e-06,-7.8695
1.5281e-06,-8.0268
1.5282e-06,-8.1452
1.5283e-06,-8.1306
1.5284e-06,-7.989
1.5285e-06,-8.1423
1.5286e-06,-8.0467
1.5287e-06,-8.0583
1.5288e-06,-8.1054
1.5289e-06,-8.2187
1.529e-06,-8.2434
1.5291e-06,-8.1711
1.5292e-06,-8.1636
1.5293e-06,-8.4758
1.5294e-06,-8.4173
1.5295e-06,-8.2927
1.5296e-06,-8.3703
1.5297e-06,-8.4256
1.5298e-06,-8.3384
1.5299e-06,-8.491
1.53e-06,-8.3869
1.5301e-06,-8.7006
1.5302e-06,-8.5066
1.5303e-06,-8.4735
1.5304e-06,-8.6625
1.5305e-06,-8.7001
1.5306e-06,-8.65
1.5307e-06,-8.7037
1.5308e-06,-8.9058
1.5309e-06,-8.8409
1.531e-06,-8.6893
1.5311e-06,-8.7685
1.5312e-06,-8.8805
1.5313e-06,-9.1404
1.5314e-06,-9.1057
1.5315e-06,-8.8113
1.5316e-06,-9.0303
1.5317e-06,-9.2319
1.5318e-06,-9.1376
1.5319e-06,-9.0541
1.532e-06,-9.1923
1.5321e-06,-9.0688
1.5322e-06,-9.2386
1.5323e-06,-9.1982
1.5324e-06,-9.1217
1.5325e-06,-9.3595
1.5326e-06,-9.1236
1.5327e-06,-9.0774
1.5328e-06,-9.0819
1.5329e-06,-9.4528
1.533e-06,-9.3126
1.5331e-06,-9.5118
1.5332e-06,-9.303
1.5333e-06,-9.5319
1.5334e-06,-9.5581
1.5335e-06,-9.5678
1.5336e-06,-9.4596
1.5337e-06,-9.6132
1.5338e-06,-9.6781
1.5339e-06,-9.687
1.534e-06,-9.7081
1.5341e-06,-9.6148
1.5342e-06,-9.5469
1.5343e-06,-9.7906
1.5344e-06,-9.8529
1.5345e-06,-9.7145
1.5346e-06,-9.8557
1.5347e-06,-9.8414
1.5348e-06,-9.8301
1.5349e-06,-9.9335
1.535e-06,-9.8066
1.5351e-06,-10.005
1.5352e-06,-9.9615
1.5353e-06,-9.9781
1.5354e-06,-10.153
1.5355e-06,-10.022
1.5356e-06,-10.03
1.5357e-06,-10.159
1.5358e-06,-10.045
1.5359e-06,-10.09
1.536e-06,-10.278
1.5361e-06,-10.037
1.5362e-06,-10.448
1.5363e-06,-10.363
1.5364e-06,-10.491
1.5365e-06,-10.225
1.5366e-06,-10.465
1.5367e-06,-10.592
1.5368e-06,-10.457
1.5369e-06,-10.391
1.537e-06,-10.516
1.5371e-06,-10.559
1.5372e-06,-10.633
1.5373e-06,-10.663
1.5374e-06,-10.655
1.5375e-06,-10.743
1.5376e-06,-10.721
1.5377e-06,-10.805
1.5378e-06,-10.705
1.5379e-06,-10.884
1.538e-06,-10.822
1.5381e-06,-10.864
1.5382e-06,-10.977
1.5383e-06,-10.83
1.5384e-06,-11.053
1.5385e-06,-10.891
1.5386e-06,-11.071
1.5387e-06,-11.175
1.5388e-06,-11.032
1.5389e-06,-11.145
1.539e-06,-11.343
1.5391e-06,-11.112
1.5392e-06,-11.248
1.5393e-06,-11.223
1.5394e-06,-11.28
1.5395e-06,-11.316
1.5396e-06,-11.331
1.5397e-06,-11.312
1.5398e-06,-11.144
1.5399e-06,-11.378
1.54e-06,-11.257
1.5401e-06,-11.53
1.5402e-06,-11.612
1.5403e-06,-11.463
1.5404e-06,-11.701
1.5405e-06,-11.609
1.5406e-06,-11.524
1.5407e-06,-12.075
1.5408e-06,-11.486
1.5409e-06,-11.879
1.541e-06,-11.613
1.5411e-06,-11.709
1.5412e-06,-11.948
1.5413e-06,-11.784
1.5414e-06,-11.696
1.5415e-06,-11.905
1.5416e-06,-12.036
1.5417e-06,-12.082
1.5418e-06,-12.003
1.5419e-06,-11.872
1.542e-06,-12.012
1.5421e-06,-12.082
1.5422e-06,-12.178
1.5423e-06,-12.256
1.5424e-06,-12.153
1.5425e-06,-12.372
1.5426e-06,-12.3
1.5427e-06,-12.258
1.5428e-06,-12.308
1.5429e-06,-12.328
1.543e-06,-12.277
1.5431e-06,-12.36
1.5432e-06,-12.399
1.5433e-06,-12.603
1.5434e-06,-12.534
1.5435e-06,-12.542
1.5436e-06,-12.771
1.5437e-06,-12.588
1.5438e-06,-12.704
1.5439e-06,-12.605
1.544e-06,-12.681
1.5441e-06,-12.781
1.5442e-06,-12.807
1.5443e-06,-12.636
1.5444e-06,-12.917
1.5445e-06,-12.923
1.5446e-06,-12.92
1.5447e-06,-12.947
1.5448e-06,-13.142
1.5449e-06,-13.009
1.545e-06,-12.957
1.5451e-06,-12.883
1.5452e-06,-13.106
1.5453e-06,-13.295
1.5454e-06,-13.222
1.5455e-06,-13.232
1.5456e-06,-13.193
1.5457e-06,-13.289
1.5458e-06,-13.228
1.5459e-06,-13.422
1.546e-06,-13.127
1.5461e-06,-13.372
1.5462e-06,-13.104
1.5463e-06,-13.177
1.5464e-06,-13.38
1.5465e-06,-13.459
1.5466e-06,-13.298
1.5467e-06,-13.471
1.5468e-06,-13.463
1.5469e-06,-13.439
1.547e-06,-13.552
1.5471e-06,-13.457
1.5472e-06,-13.615
1.5473e-06,-13.739
1.5474e-06,-13.641
1.5475e-06,-13.714
1.5476e-06,-13.437
1.5477e-06,-13.719
1.5478e-06,-13.777
1.5479e-06,-13.917
1.548e-06,-13.934
1.5481e-06,-13.888
1.5482e-06,-13.9
1.5483e-06,-13.912
1.5484e-06,-13.822
1.5485e-06,-13.714
1.5486e-06,-14.117
1.5487e-06,-14.085
1.5488e-06,-13.91
1.5489e-06,-14.111
1.549e-06,-13.814
1.5491e-06,-14.159
1.5492e-06,-13.996
1.5493e-06,-14.108
1.5494e-06,-14.252
1.5495e-06,-14.042
1.5496e-06,-14.05
1.5497e-06,-14.011
1.5498e-06,-14.293
1.5499e-06,-14.107
1.55e-06,-14.319
1.5501e-06,-14.187
1.5502e-06,-14.081
1.5503e-06,-14.371
1.5504e-06,-14.306
1.5505e-06,-14.226
1.5506e-06,-14.228
1.5507e-06,-14.312
1.5508e-06,-14.616
1.5509e-06,-14.481
1.551e-06,-14.22
1.5511e-06,-14.472
1.5512e-06,-14.325
1.5513e-06,-14.589
1.5514e-06,-14.231
1.5515e-06,-14.405
1.5516e-06,-14.526
1.5517e-06,-14.528
1.5518e-06,-14.432
1.5519e-06,-14.457
1.552e-06,-14.421
1.5521e-06,-14.436
1.5522e-06,-14.503
1.5523e-06,-14.599
1.5524e-06,-14.742
1.5525e-06,-14.701
1.5526e-06,-14.46
1.5527e-06,-14.826
1.5528e-06,-14.572
1.5529e-06,-14.812
1.553e-06,-14.848
1.5531e-06,-14.705
1.5532e-06,-14.867
1.5533e-06,-14.592
1.5534e-06,-14.556
1.5535e-06,-14.708
1.5536e-06,-14.876
1.5537e-06,-14.761
1.5538e-06,-14.69
1.5539e-06,-14.975
1.554e-06,-14.819
1.5541e-06,-14.7
1.5542e-06,-14.88
1.5543e-06,-14.997
1.5544e-06,-14.614
1.5545e-06,-14.734
1.5546e-06,-14.63
1.5547e-06,-14.654
1.5548e-06,-14.76
1.5549e-06,-14.825
1.555e-06,-14.768
1.5551e-06,-14.789
1.5552e-06,-14.731
1.5553e-06,-14.751
1.5554e-06,-14.786
1.5555e-06,-14.471
1.5556e-06,-14.886
1.5557e-06,-14.892
1.5558e-06,-14.737
1.5559e-06,-14.967
1.556e-06,-14.674
1.5561e-06,-14.679
1.5562e-06,-14.743
1.5563e-06,-14.669
1.5564e-06,-14.605
1.5565e-06,-14.79
1.5566e-06,-14.797
1.5567e-06,-14.766
1.5568e-06,-14.984
1.5569e-06,-14.702
1.557e-06,-14.712
1.5571e-06,-14.555
1.5572e-06,-14.851
1.5573e-06,-14.591
1.5574e-06,-14.681
1.5575e-06,-14.759
1.5576e-06,-14.662
1.5577e-06,-14.629
1.5578e-06,-14.764
1.5579e-06,-14.619
1.558e-06,-14.586
1.5581e-06,-14.479
1.5582e-06,-14.638
1.5583e-06,-14.597
1.5584e-06,-14.711
1.5585e-06,-14.497
1.5586e-06,-14.53
1.5587e-06,-14.497
1.5588e-06,-14.434
1.5589e-06,-14.638
1.559e-06,-14.523
1.5591e-06,-14.442
1.5592e-06,-14.601
1.5593e-06,-14.381
1.5594e-06,-14.523
1.5595e-06,-14.534
1.5596e-06,-14.522
1.5597e-06,-14.402
1.5598e-06,-14.403
1.5599e-06,-14.238
1.56e-06,-14.236
1.5601e-06,-14.067
1.5602e-06,-14.384
1.5603e-06,-14.332
1.5604e-06,-14.224
1.5605e-06,-14.17
1.5606e-06,-14.321
1.5607e-06,-14.261
1.5608e-06,-14.208
1.5609e-06,-14.242
1.561e-06,-14.265
1.5611e-06,-14.084
1.5612e-06,-13.999
1.5613e-06,-14.014
1.5614e-06,-14.14
1.5615e-06,-14.032
1.5616e-06,-13.982
1.5617e-06,-14.009
1.5618e-06,-14.112
1.5619e-06,-14.017
1.562e-06,-14.051
1.5621e-06,-13.709
1.5622e-06,-13.867
1.5623e-06,-14.042
1.5624e-06,-13.832
1.5625e-06,-13.749
1.5626e-06,-13.738
1.5627e-06,-13.776
1.5628e-06,-13.729
1.5629e-06,-13.813
1.563e-06,-13.671
1.5631e-06,-13.666
1.5632e-06,-13.727
1.5633e-06,-13.702
1.5634e-06,-13.608
1.5635e-06,-13.646
1.5636e-06,-13.354
1.5637e-06,-13.51
1.5638e-06,-13.317
1.5639e-06,-13.443
1.564e-06,-13.343
1.5641e-06,-13.377
1.5642e-06,-13.258
1.5643e-06,-13.534
1.5644e-06,-13.292
1.5645e-06,-13.39
1.5646e-06,-13.22
1.5647e-06,-13.287
1.5648e-06,-13.169
1.5649e-06,-13.297
1.565e-06,-13.258
1.5651e-06,-13.209
1.5652e-06,-13.04
1.5653e-06,-13.192
1.5654e-06,-13.119
1.5655e-06,-13.035
1.5656e-06,-13.049
1.5657e-06,-13.078
1.5658e-06,-13.028
1.5659e-06,-13.159
1.566e-06,-13.102
1.5661e-06,-12.776
1.5662e-06,-12.778
1.5663e-06,-12.809
1.5664e-06,-12.719
1.5665e-06,-12.893
1.5666e-06,-12.863
1.5667e-06,-12.655
1.5668e-06,-12.606
1.5669e-06,-12.695
1.567e-06,-13.005
1.5671e-06,-12.604
1.5672e-06,-12.596
1.5673e-06,-12.616
1.5674e-06,-12.521
1.5675e-06,-12.526
1.5676e-06,-12.466
1.5677e-06,-12.403
1.5678e-06,-12.453
1.5679e-06,-12.341
1.568e-06,-12.319
1.5681e-06,-12.514
1.5682e-06,-12.323
1.5683e-06,-12.33
1.5684e-06,-12.176
1.5685e-06,-12.329
1.5686e-06,-12.393
1.5687e-06,-12.36
1.5688e-06,-12.194
1.5689e-06,-12.356
1.569e-06,-12.031
1.5691e-06,-12.147
1.5692e-06,-12.129
1.5693e-06,-11.931
1.5694e-06,-12.065
1.5695e-06,-12.13
1.5696e-06,-11.997
1.5697e-06,-11.98
1.5698e-06,-11.793
1.5699e-06,-12.011
1.57e-06,-11.771
1.5701e-06,-11.878
1.5702e-06,-11.736
1.5703e-06,-11.945
1.5704e-06,-11.653
1.5705e-06,-11.8
1.5706e-06,-11.805
1.5707e-06,-11.45
1.5708e-06,-11.612
1.5709e-06,-11.61
1.571e-06,-11.642
1.5711e-06,-11.762
1.5712e-06,-11.532
1.5713e-06,-11.54
1.5714e-06,-11.564
1.5715e-06,-11.484
1.5716e-06,-11.637
1.5717e-06,-11.463
1.5718e-06,-11.384
1.5719e-06,-11.445
1.572e-06,-11.189
1.5721e-06,-11.184
1.5722e-06,-11.346
1.5723e-06,-11.084
1.5724e-06,-11.145
1.5725e-06,-11.193
1.5726e-06,-11.103
1.5727e-06,-10.964
1.5728e-06,-11.337
1.5729e-06,-11.05
1.573e-06,-11.126
1.5731e-06,-11.037
1.5732e-06,-10.949
1.5733e-06,-10.981
1.5734e-06,-10.963
1.5735e-06,-11.072
1.5736e-06,-10.884
1.5737e-06,-10.752
1.5738e-06,-10.805
1.5739e-06,-10.959
1.574e-06,-10.72
1.5741e-06,-10.893
1.5742e-06,-10.746
1.5743e-06,-10.779
1.5744e-06,-10.676
1.5745e-06,-10.731
1.5746e-06,-10.585
1.5747e-06,-10.677
1.5748e-06,-10.569
1.5749e-06,-10.719
1.575e-06,-10.647
1.5751e-06,-10.456
1.5752e-06,-10.388
1.5753e-06,-10.329
1.5754e-06,-10.426
1.5755e-06,-10.511
1.5756e-06,-10.262
1.5757e-06,-10.568
1.5758e-06,-10.491
1.5759e-06,-10.015
1.576e-06,-10.243
1.5761e-06,-10.348
1.5762e-06,-10.041
1.5763e-06,-10.113
1.5764e-06,-10.04
1.5765e-06,-10.179
1.5766e-06,-10.046
1.5767e-06,-10.403
1.5768e-06,-10.109
1.5769e-06,-10.01
1.577e-06,-10.019
1.5771e-06,-10.006
1.5772e-06,-10.024
1.5773e-06,-9.9671
1.5774e-06,-9.8952
1.5775e-06,-9.8004
1.5776e-06,-9.7503
1.5777e-06,-9.7531
1.5778e-06,-9.6081
1.5779e-06,-9.7076
1.578e-06,-9.6223
1.5781e-06,-9.9131
1.5782e-06,-9.8656
1.5783e-06,-9.4622
1.5784e-06,-9.7719
1.5785e-06,-9.6265
1.5786e-06,-9.5851
1.5787e-06,-9.7098
1.5788e-06,-9.5373
1.5789e-06,-9.4437
1.579e-06,-9.5568
1.5791e-06,-9.2287
1.5792e-06,-9.5055
1.5793e-06,-9.478
1.5794e-06,-9.1975
1.5795e-06,-9.2592
1.5796e-06,-9.3634
1.5797e-06,-9.4129
1.5798e-06,-9.4135
1.5799e-06,-9.3809
1.58e-06,-9.418
1.5801e-06,-9.1294
1.5802e-06,-9.2643
1.5803e-06,-8.9158
1.5804e-06,-8.9463
1.5805e-06,-9.289
1.5806e-06,-9.2616
1.5807e-06,-9.2359
1.5808e-06,-9.2126
1.5809e-06,-9.0101
1.581e-06,-9.0929
1.5811e-06,-8.9466
1.5812e-06,-9.1131
1.5813e-06,-8.9429
1.5814e-06,-9.1226
1.5815e-06,-9.0628
1.5816e-06,-8.9398
1.5817e-06,-8.8301
1.5818e-06,-8.8613
1.5819e-06,-8.9621
1.582e-06,-8.8413
1.5821e-06,-8.7463
1.5822e-06,-8.7577
1.5823e-06,-8.8655
1.5824e-06,-8.6345
1.5825e-06,-8.9409
1.5826e-06,-8.787
1.5827e-06,-8.7612
1.5828e-06,-8.4845
1.5829e-06,-8.6501
1.583e-06,-8.4137
1.5831e-06,-8.4774
1.5832e-06,-8.5098
1.5833e-06,-8.5602
1.5834e-06,-8.6454
1.5835e-06,-8.3287
1.5836e-06,-8.3961
1.5837e-06,-8.326
1.5838e-06,-8.1981
1.5839e-06,-8.3951
1.584e-06,-8.4514
1.5841e-06,-8.3743
1.5842e-06,-8.2639
1.5843e-06,-8.4409
1.5844e-06,-8.3651
1.5845e-06,-8.202
1.5846e-06,-8.4553
1.5847e-06,-8.0995
1.5848e-06,-8.1239
1.5849e-06,-8.0505
1.585e-06,-8.1729
1.5851e-06,-8.2583
1.5852e-06,-7.9508
1.5853e-06,-8.1581
1.5854e-06,-7.9528
1.5855e-06,-7.9848
1.5856e-06,-8.0143
1.5857e-06,-8.0093
1.5858e-06,-7.9911
1.5859e-06,-7.9783
1.586e-06,-7.8816
1.5861e-06,-8.0087
1.5862e-06,-7.6589
1.5863e-06,-7.8398
1.5864e-06,-7.7411
1.5865e-06,-7.9458
1.5866e-06,-7.5549
1.5867e-06,-7.8104
1.5868e-06,-7.6636
1.5869e-06,-7.7565
1.587e-06,-7.7987
1.5871e-06,-7.7481
1.5872e-06,-7.6168
1.5873e-06,-7.4379
1.5874e-06,-7.5841
1.5875e-06,-7.7001
1.5876e-06,-7.7473
1.5877e-06,-7.7119
1.5878e-06,-7.6371
1.5879e-06,-7.5127
1.588e-06,-7.3887
1.5881e-06,-7.4611
1.5882e-06,-7.5914
1.5883e-06,-7.2672
1.5884e-06,-7.3213
1.5885e-06,-7.6091
1.5886e-06,-7.4992
1.5887e-06,-7.4527
1.5888e-06,-7.3732
1.5889e-06,-7.2897
1.589e-06,-7.3601
1.5891e-06,-7.3175
1.5892e-06,-7.4015
1.5893e-06,-7.1352
1.5894e-06,-7.1613
1.5895e-06,-7.1502
1.5896e-06,-7.2307
1.5897e-06,-7.0771
1.5898e-06,-6.8932
1.5899e-06,-7.0967
1.59e-06,-6.9349
1.5901e-06,-7.0793
1.5902e-06,-7.026
1.5903e-06,-6.8272
1.5904e-06,-7.0383
1.5905e-06,-7.0453
1.5906e-06,-7.1084
1.5907e-06,-6.8075
1.5908e-06,-6.9649
1.5909e-06,-7.0504
1.591e-06,-7.028
1.5911e-06,-6.7877
1.5912e-06,-6.9922
1.5913e-06,-6.7079
1.5914e-06,-6.8156
1.5915e-06,-6.8087
1.5916e-06,-6.9891
1.5917e-06,-6.8856
1.5918e-06,-6.6575
1.5919e-06,-6.8579
1.592e-06,-6.5877
1.5921e-06,-6.8301
1.5922e-06,-6.8897
1.5923e-06,-6.734
1.5924e-06,-6.7376
1.5925e-06,-6.5759
1.5926e-06,-6.6168
1.5927e-06,-6.6563
1.5928e-06,-6.6399
1.5929e-06,-6.5567
1.593e-06,-6.4469
1.5931e-06,-6.5439
1.5932e-06,-6.7173
1.5933e-06,-6.4934
1.5934e-06,-6.4802
1.5935e-06,-6.5006
1.5936e-06,-6.58
1.5937e-06,-6.4614
1.5938e-06,-6.4997
1.5939e-06,-6.3597
1.594e-06,-6.1081
1.5941e-06,-6.198
1.5942e-06,-6.4416
1.5943e-06,-6.2606
1.5944e-06,-6.3924
1.5945e-06,-6.437
1.5946e-06,-6.2416
1.5947e-06,-6.2032
1.5948e-06,-6.318
1.5949e-06,-6.1827
1.595e-06,-6.4058
1.5951e-06,-6.2966
1.5952e-06,-6.3348
1.5953e-06,-6.0835
1.5954e-06,-5.957
1.5955e-06,-5.9775
1.5956e-06,-6.0668
1.5957e-06,-6.1372
1.5958e-06,-6.0498
1.5959e-06,-5.8186
1.596e-06,-5.9057
1.5961e-06,-5.9257
1.5962e-06,-5.8113
1.5963e-06,-5.834
1.5964e-06,-6.1366
1.5965e-06,-5.8412
1.5966e-06,-5.7383
1.5967e-06,-6.0799
1.5968e-06,-6.0035
1.5969e-06,-6.0362
1.597e-06,-5.767
1.5971e-06,-5.8246
1.5972e-06,-5.8032
1.5973e-06,-5.8497
1.5974e-06,-5.5722
1.5975e-06,-5.6641
1.5976e-06,-5.8353
1.5977e-06,-5.5867
1.5978e-06,-5.6914
1.5979e-06,-5.8303
1.598e-06,-5.7671
1.5981e-06,-5.8403
1.5982e-06,-5.734
1.5983e-06,-5.53
1.5984e-06,-5.6496
1.5985e-06,-5.4237
1.5986e-06,-5.9983
1.5987e-06,-5.3937
1.5988e-06,-5.6307
1.5989e-06,-5.5954
1.599e-06,-5.4245
1.5991e-06,-5.4013
1.5992e-06,-5.3347
1.5993e-06,-5.3604
1.5994e-06,-5.4356
1.5995e-06,-5.2856
1.5996e-06,-5.6089
1.5997e-06,-5.1758
1.5998e-06,-5.3366
1.5999e-06,-5.3971
1.6e-06,-5.4374
1.6001e-06,-5.3927
1.6002e-06,-5.5676
1.6003e-06,-5.4773
1.6004e-06,-5.1829
1.6005e-06,-5.0419
1.6006e-06,-5.2219
1.6007e-06,-5.2246
1.6008e-06,-5.4234
1.6009e-06,-5.3273
1.601e-06,-5.1993
1.6011e-06,-5.3314
1.6012e-06,-5.1145
1.6013e-06,-5.3402
1.6014e-06,-5.1885
1.6015e-06,-5.1993
1.6016e-06,-4.9439
1.6017e-06,-5.2232
1.6018e-06,-5.119
1.6019e-06,-5.1306
1.602e-06,-5.0758
1.6021e-06,-5.0263
1.6022e-06,-5.0485
1.6023e-06,-4.9221
1.6024e-06,-5.0214
1.6025e-06,-5.0164
1.6026e-06,-4.816
1.6027e-06,-5.1769
1.6028e-06,-5.0771
1.6029e-06,-4.9403
1.603e-06,-5.0095
1.6031e-06,-5.0184
1.6032e-06,-4.7846
1.6033e-06,-4.9671
1.6034e-06,-4.9745
1.6035e-06,-5.0042
1.6036e-06,-4.7517
1.6037e-06,-4.7427
1.6038e-06,-4.9513
1.6039e-06,-4.9337
1.604e-06,-4.7338
1.6041e-06,-4.797
1.6042e-06,-4.713
1.6043e-06,-4.8189
1.6044e-06,-4.7614
1.6045e-06,-4.8398
1.6046e-06,-4.748
1.6047e-06,-4.6967
1.6048e-06,-4.8035
1.6049e-06,-4.6943
1.605e-06,-4.3697
1.6051e-06,-4.5608
1.6052e-06,-4.5961
1.6053e-06,-4.5738
1.6054e-06,-4.6243
1.6055e-06,-4.6083
1.6056e-06,-4.4832
1.6057e-06,-4.45
1.6058e-06,-4.4696
1.6059e-06,-4.6019
1.606e-06,-4.7135
1.6061e-06,-4.4848
1.6062e-06,-4.4829
1.6063e-06,-4.5712
1.6064e-06,-4.5896
1.6065e-06,-4.5031
1.6066e-06,-4.3349
1.6067e-06,-4.2733
1.6068e-06,-4.0436
1.6069e-06,-4.3406
1.607e-06,-4.3791
1.6071e-06,-4.6464
1.6072e-06,-4.1948
1.6073e-06,-4.2861
1.6074e-06,-4.3617
1.6075e-06,-4.2022
1.6076e-06,-4.3376
1.6077e-06,-4.2278
1.6078e-06,-4.204
1.6079e-06,-4.3107
1.608e-06,-4.3211
1.6081e-06,-4.225
1.6082e-06,-4.268
1.6083e-06,-4.1061
1.6084e-06,-4.3457
1.6085e-06,-3.9672
1.6086e-06,-4.1424
1.6087e-06,-4.1531
1.6088e-06,-4.1034
1.6089e-06,-4.1622
1.609e-06,-4.1389
1.6091e-06,-3.9306
1.6092e-06,-3.9297
1.6093e-06,-4.1657
1.6094e-06,-4.0104
1.6095e-06,-3.9155
1.6096e-06,-3.9309
1.6097e-06,-3.9148
1.6098e-06,-4.0285
1.6099e-06,-3.9226
1.61e-06,-4.1214
1.6101e-06,-4.136
1.6102e-06,-3.8577
1.6103e-06,-3.6635
1.6104e-06,-4.0548
1.6105e-06,-3.982
1.6106e-06,-3.7159
1.6107e-06,-3.9789
1.6108e-06,-3.8295
1.6109e-06,-3.9096
1.611e-06,-3.9084
1.6111e-06,-3.9932
1.6112e-06,-3.7071
1.6113e-06,-3.8337
1.6114e-06,-3.8943
1.6115e-06,-3.93
1.6116e-06,-3.7404
1.6117e-06,-3.756
1.6118e-06,-3.7034
1.6119e-06,-3.7126
1.612e-06,-3.8059
1.6121e-06,-3.6601
1.6122e-06,-3.7256
1.6123e-06,-3.8268
1.6124e-06,-3.2128
1.6125e-06,-3.6078
1.6126e-06,-3.5819
1.6127e-06,-3.6797
1.6128e-06,-3.5577
1.6129e-06,-3.7345
1.613e-06,-3.5461
1.6131e-06,-3.4739
1.6132e-06,-3.4478
1.6133e-06,-3.4166
1.6134e-06,-3.584
1.6135e-06,-3.6418
1.6136e-06,-3.571
1.6137e-06,-3.5043
1.6138e-06,-3.5743
1.6139e-06,-3.5899
1.614e-06,-3.7248
1.6141e-06,-3.3268
1.6142e-06,-3.4193
1.6143e-06,-3.4837
1.6144e-06,-3.5222
1.6145e-06,-3.3197
1.6146e-06,-3.3736
1.6147e-06,-3.1975
1.6148e-06,-3.3528
1.6149e-06,-3.5214
1.615e-06,-3.5996
1.6151e-06,-3.2845
1.6152e-06,-3.2802
1.6153e-06,-3.3803
1.6154e-06,-3.4679
1.6155e-06,-3.3729
1.6156e-06,-3.2763
1.6157e-06,-3.2782
1.6158e-06,-3.38
1.6159e-06,-3.3309
1.616e-06,-3.2474
1.6161e-06,-3.3761
1.6162e-06,-3.316
1.6163e-06,-3.2493
1.6164e-06,-3.1789
1.6165e-06,-3.0932
1.6166e-06,-3.2056
1.6167e-06,-3.0234
1.6168e-06,-3.3211
1.6169e-06,-3.044
1.617e-06,-2.9519
1.6171e-06,-3.3755
1.6172e-06,-3.1196
1.6173e-06,-3.047
1.6174e-06,-3.117
1.6175e-06,-3.2732
1.6176e-06,-2.94
1.6177e-06,-3.3912
1.6178e-06,-3.2404
1.6179e-06,-3.0855
1.618e-06,-2.9889
1.6181e-06,-2.9635
1.6182e-06,-2.96
1.6183e-06,-3.003
1.6184e-06,-2.8457
1.6185e-06,-2.8698
1.6186e-06,-2.9359
1.6187e-06,-3.0876
1.6188e-06,-2.7715
1.6189e-06,-3.0272
1.619e-06,-2.5413
1.6191e-06,-2.8419
1.6192e-06,-2.7625
1.6193e-06,-2.938
1.6194e-06,-2.6367
1.6195e-06,-2.9525
1.6196e-06,-2.788
1.6197e-06,-2.7885
1.6198e-06,-2.8838
1.6199e-06,-2.8959
1.62e-06,-2.8699
1.6201e-06,-2.8616
1.6202e-06,-2.8503
1.6203e-06,-2.8897
1.6204e-06,-2.5627
1.6205e-06,-2.9916
1.6206e-06,-2.7817
1.6207e-06,-2.8578
1.6208e-06,-2.6415
1.6209e-06,-2.6879
1.621e-06,-2.6392
1.6211e-06,-2.679
1.6212e-06,-2.6208
1.6213e-06,-2.77
1.6214e-06,-2.7205
1.6215e-06,-2.6988
1.6216e-06,-2.5842
1.6217e-06,-2.7921
1.6218e-06,-2.5339
1.6219e-06,-2.6343
1.622e-06,-2.6724
1.6221e-06,-2.6337
1.6222e-06,-2.6725
1.6223e-06,-2.7172
1.6224e-06,-2.4958
1.6225e-06,-2.3505
1.6226e-06,-2.4986
1.6227e-06,-2.3458
1.6228e-06,-2.5011
1.6229e-06,-2.6628
1.623e-06,-2.4515
1.6231e-06,-2.3937
1.6232e-06,-2.5515
1.6233e-06,-2.5031
1.6234e-06,-2.5008
1.6235e-06,-2.2862
1.6236e-06,-2.2483
1.6237e-06,-2.4148
1.6238e-06,-2.3129
1.6239e-06,-2.1854
1.624e-06,-2.5891
1.6241e-06,-2.4295
1.6242e-06,-2.3454
1.6243e-06,-2.4772
1.6244e-06,-2.2532
1.6245e-06,-2.2966
1.6246e-06,-2.369
1.6247e-06,-2.4234
1.6248e-06,-2.2576
1.6249e-06,-2.4949
1.625e-06,-2.3369
1.6251e-06,-2.4006
1.6252e-06,-2.5751
1.6253e-06,-2.1206
1.6254e-06,-2.2859
1.6255e-06,-2.2836
1.6256e-06,-2.262
1.6257e-06,-2.1996
1.6258e-06,-2.2291
1.6259e-06,-2.1877
1.626e-06,-2.2306
1.6261e-06,-2.202
1.6262e-06,-2.1962
1.6263e-06,-2.1944
1.6264e-06,-2.1163
1.6265e-06,-2.0652
1.6266e-06,-2.1413
1.6267e-06,-2.0247
1.6268e-06,-1.8492
1.6269e-06,-2.1527
1.627e-06,-1.9885
1.6271e-06,-2.1989
1.6272e-06,-2.0902
1.6273e-06,-1.9021
1.6274e-06,-2.0122
1.6275e-06,-2.2887
1.6276e-06,-2.084
1.6277e-06,-1.9832
1.6278e-06,-1.9462
1.6279e-06,-1.9353
1.628e-06,-1.9852
1.6281e-06,-1.9374
1.6282e-06,-1.6873
1.6283e-06,-2.1103
1.6284e-06,-1.8738
1.6285e-06,-2.0842
1.6286e-06,-2.1584
1.6287e-06,-1.8307
1.6288e-06,-2.1142
1.6289e-06,-1.7778
1.629e-06,-1.9872
1.6291e-06,-1.9652
1.6292e-06,-1.916
1.6293e-06,-1.9932
1.6294e-06,-1.7678
1.6295e-06,-1.6985
1.6296e-06,-1.903
1.6297e-06,-2.048
1.6298e-06,-1.9972
1.6299e-06,-1.9701
1.63e-06,-1.9131
1.6301e-06,-1.9618
1.6302e-06,-1.7006
1.6303e-06,-1.7299
1.6304e-06,-1.7331
1.6305e-06,-1.9446
1.6306e-06,-1.9114
1.6307e-06,-1.683
1.6308e-06,-2.0639
1.6309e-06,-1.6757
1.631e-06,-1.7199
1.6311e-06,-1.5079
1.6312e-06,-1.7097
1.6313e-06,-1.7938
1.6314e-06,-1.7521
1.6315e-06,-1.5718
1.6316e-06,-1.8101
1.6317e-06,-1.6709
1.6318e-06,-1.7925
1.6319e-06,-1.6021
1.632e-06,-1.8341
1.6321e-06,-1.5593
1.6322e-06,-1.7053
1.6323e-06,-1.5886
1.6324e-06,-1.4986
1.6325e-06,-1.6935
1.6326e-06,-1.6839
1.6327e-06,-1.525
1.6328e-06,-1.5249
1.6329e-06,-1.5908
1.633e-06,-1.4812
1.6331e-06,-1.6405
1.6332e-06,-1.5433
1.6333e-06,-1.4153
1.6334e-06,-1.5041
1.6335e-06,-1.4649
1.6336e-06,-1.5539
1.6337e-06,-1.2224
1.6338e-06,-1.2791
1.6339e-06,-1.5803
1.634e-06,-1.4025
1.6341e-06,-1.2508
1.6342e-06,-1.6702
1.6343e-06,-1.2376
1.6344e-06,-1.2645
1.6345e-06,-1.2578
1.6346e-06,-1.4049
1.6347e-06,-1.4328
1.6348e-06,-1.065
1.6349e-06,-1.3159
1.635e-06,-1.1733
1.6351e-06,-1.383
1.6352e-06,-1.3615
1.6353e-06,-1.2745
1.6354e-06,-1.3457
1.6355e-06,-1.488
1.6356e-06,-1.2844
1.6357e-06,-1.4095
1.6358e-06,-1.2766
1.6359e-06,-1.3577
1.636e-06,-1.3328
1.6361e-06,-1.506
1.6362e-06,-1.4419
1.6363e-06,-1.2529
1.6364e-06,-1.3685
1.6365e-06,-1.3377
1.6366e-06,-1.267
1.6367e-06,-1.1871
1.6368e-06,-1.0572
1.6369e-06,-1.2707
1.637e-06,-1.3334
1.6371e-06,-1.3123
1.6372e-06,-1.1583
1.6373e-06,-1.181
1.6374e-06,-1.1914
1.6375e-06,-1.4233
1.6376e-06,-1.1769
1.6377e-06,-1.0888
1.6378e-06,-1.1508
1.6379e-06,-0.88559
1.638e-06,-0.96427
1.6381e-06,-0.92791
1.6382e-06,-1.3118
1.6383e-06,-1.0183
1.6384e-06,-1.1531
1.6385e-06,-1.1521
1.6386e-06,-0.86414
1.6387e-06,-0.86328
1.6388e-06,-0.77709
1.6389e-06,-1.0365
1.639e-06,-0.8403
1.6391e-06,-1.0347
1.6392e-06,-1.0353
1.6393e-06,-0.9524
1.6394e-06,-0.917
1.6395e-06,-0.8557
1.6396e-06,-0.96568
1.6397e-06,-0.9787
1.6398e-06,-0.96321
1.6399e-06,-1.0315
1.64e-06,-0.94648
1.6401e-06,-0.93726
1.6402e-06,-0.89913
1.6403e-06,-0.78492
1.6404e-06,-0.68682
1.6405e-06,-0.67529
1.6406e-06,-1.0134
1.6407e-06,-0.87171
1.6408e-06,-0.98214
1.6409e-06,-0.84574
1.641e-06,-0.70339
1.6411e-06,-0.68356
1.6412e-06,-0.91886
1.6413e-06,-0.74504
1.6414e-06,-0.959
1.6415e-06,-0.8595
1.6416e-06,-0.83224
1.6417e-06,-0.98362
1.6418e-06,-0.71977
1.6419e-06,-0.58647
1.642e-06,-0.95152
1.6421e-06,-0.92466
1.6422e-06,-0.82964
1.6423e-06,-0.84811
1.6424e-06,-0.70638
1.6425e-06,-0.68974
1.6426e-06,-0.74731
1.6427e-06,-0.91957
1.6428e-06,-0.72641
1.6429e-06,-0.60963
1.643e-06,-0.75615
1.6431e-06,-0.72077
1.6432e-06,-0.92706
1.6433e-06,-0.51309
1.6434e-06,-0.92157
1.6435e-06,-0.61642
1.6436e-06,-0.5204
1.6437e-06,-0.58253
1.6438e-06,-0.91368
1.6439e-06,-0.56857
1.644e-06,-0.46153
1.6441e-06,-0.74785
1.6442e-06,-0.58614
1.6443e-06,-0.79708
1.6444e-06,-0.58435
1.6445e-06,-0.62143
1.6446e-06,-0.39434
1.6447e-06,-0.66934
1.6448e-06,-0.62708
1.6449e-06,-0.79695
1.645e-06,-0.49511
1.6451e-06,-0.46743
1.6452e-06,-0.71103
1.6453e-06,-0.55772
1.6454e-06,-0.53381
1.6455e-06,-0.53647
1.6456e-06,-0.61233
1.6457e-06,-0.49478
1.6458e-06,-0.23025
1.6459e-06,-0.59282
1.646e-06,-0.58949
1.6461e-06,-0.6003
1.6462e-06,-0.49291
1.6463e-06,-0.57478
1.6464e-06,-0.66084
1.6465e-06,-0.55261
1.6466e-06,-0.44175
1.6467e-06,-0.319
1.6468e-06,-0.47889
1.6469e-06,-0.32981
1.647e-06,-0.36132
1.6471e-06,-0.4399
1.6472e-06,-0.23735
1.6473e-06,-0.17454
1.6474e-06,-0.41004
1.6475e-06,-0.41777
1.6476e-06,-0.18348
1.6477e-06,-0.54094
1.6478e-06,0.17364
1.6479e-06,-0.40208
1.648e-06,-0.52593
1.6481e-06,-0.32151
1.6482e-06,-0.10547
1.6483e-06,-0.53578
1.6484e-06,-0.12065
1.6485e-06,-0.28575
1.6486e-06,-0.20953
1.6487e-06,-0.45904
1.6488e-06,-0.34049
1.6489e-06,0.11866
1.649e-06,-0.29674
1.6491e-06,-0.012057
1.6492e-06,-0.084708
1.6493e-06,-0.27017
1.6494e-06,-0.10229
1.6495e-06,-0.1556
1.6496e-06,-0.17992
1.6497e-06,-0.32913
1.6498e-06,-0.50352
1.6499e-06,-0.04266
1.65e-06,0.063801
